1 8 428 0
2 5 930 0
3 5 758 0
4 6 918 0
5 8 789 0
6 6 855 0
7 8 430 0
8 7 611 0
9 11 991 0
10 1 470 0
11 6 806 0
12 2 71 0
13 7 315 0
14 4 206 0
15 4 244 0
16 5 167 0
17 5 139 0
18 8 924 0
19 7 615 0
20 5 269 0
21 6 556 0
22 8 116 0
23 4 527 0
24 7 175 0
25 8 198 0
26 4 146 0
27 6 42 0
28 4 565 0
29 6 69 0
30 7 160 0
31 3 772 0
32 5 572 0
33 4 368 0
34 3 945 0
35 5 296 0
36 4 73 0
37 7 400 0
38 6 936 0
39 3 286 0
40 9 589 0
41 4 523 0
42 5 473 0
43 7 475 0
44 1 555 0
45 6 503 0
46 8 599 0
47 5 635 0
48 5 831 0
49 3 826 0
50 5 100 0
51 6 239 0
52 4 534 0
53 6 851 0
54 6 794 0
55 5 805 0
56 2 705 0
57 5 334 0
58 9 296 0
59 8 612 0
60 7 671 0
61 6 13 0
62 6 994 0
63 8 445 0
64 8 399 0
65 4 752 0
66 4 123 0
67 8 942 0
68 6 716 0
69 7 178 0
70 3 666 0
71 8 715 0
72 5 741 0
73 6 668 0
74 6 677 0
75 4 284 0
76 11 287 0
77 3 913 0
78 6 367 0
79 3 280 0
80 5 222 0
81 6 749 0
82 6 795 0
83 5 392 0
84 4 42 0
85 6 636 0
86 8 940 0
87 5 882 0
88 8 342 0
89 6 428 0
90 3 425 0
91 2 520 0
92 7 352 0
93 5 616 0
94 4 164 0
95 4 791 0
96 7 246 0
97 7 331 0
98 10 806 0
99 4 807 0
100 7 516 0
101 1 229 0
102 5 24 0
103 2 578 0
104 4 159 0
105 4 645 0
106 3 839 0
107 2 483 0
108 4 159 0
109 5 231 0
110 10 543 0
111 2 770 0
112 5 15 0
113 9 376 0
114 9 790 0
115 5 681 0
116 9 550 0
117 5 344 0
118 8 576 0
119 5 664 0
120 5 811 0
121 6 422 0
122 3 621 0
123 5 497 0
124 8 899 0
125 8 367 0
126 5 204 0
127 8 362 0
128 7 324 0
129 7 366 0
130 7 162 0
131 3 163 0
132 4 909 0
133 4 728 0
134 9 585 0
135 6 325 0
136 7 762 0
137 6 957 0
138 4 40 0
139 3 385 0
140 5 605 0
141 8 369 0
142 6 76 0
143 3 525 0
144 4 588 0
145 5 952 0
146 7 324 0
147 6 363 0
148 6 260 0
149 7 788 0
150 8 992 0
151 5 839 0
152 3 830 0
153 5 905 0
154 8 898 0
155 4 764 0
156 4 821 0
157 5 79 0
158 8 668 0
159 7 807 0
160 6 557 0
161 5 569 0
162 6 840 0
163 8 548 0
164 7 657 0
165 8 23 0
166 7 957 0
167 5 178 0
168 4 99 0
169 3 659 0
170 6 763 0
171 3 574 0
172 4 862 0
173 5 175 0
174 5 776 0
175 5 134 0
176 7 852 0
177 7 815 0
178 6 658 0
179 6 506 0
180 8 183 0
181 4 334 0
182 6 809 0
183 8 227 0
184 8 50 0
185 8 64 0
186 7 2 0
187 8 947 0
188 9 414 0
189 6 835 0
190 7 31 0
191 8 550 0
192 1 546 0
193 4 870 0
194 7 13 0
195 5 159 0
196 4 411 0
197 7 88 0
198 9 960 0
199 9 617 0
200 4 303 0
201 7 553 0
202 10 192 0
203 6 309 0
204 5 199 0
205 3 61 0
206 3 892 0
207 5 431 0
208 5 245 0
209 4 400 0
210 1 991 0
211 5 556 0
212 8 941 0
213 8 830 0
214 5 328 0
215 6 436 0
216 7 804 0
217 5 893 0
218 5 61 0
219 1 300 0
220 7 946 0
221 7 299 0
222 6 843 0
223 7 939 0
224 4 694 0
225 3 523 0
226 3 241 0
227 6 847 0
228 3 129 0
229 6 554 0
230 8 594 0
231 2 365 0
232 4 26 0
233 8 732 0
234 6 149 0
235 7 546 0
236 6 71 0
237 10 700 0
238 6 288 0
239 5 264 0
240 7 840 0
241 6 319 0
242 6 680 0
243 5 952 0
244 9 397 0
245 8 147 0
246 6 449 0
247 4 258 0
248 6 217 0
249 8 432 0
250 6 131 0
251 1 594 0
252 10 221 0
253 4 264 0
254 3 171 0
255 6 167 0
256 4 379 0
257 4 416 0
258 7 189 0
259 3 67 0
260 4 70 0
261 5 592 0
262 4 903 0
263 7 159 0
264 11 745 0
265 8 990 0
266 6 269 0
267 9 440 0
268 5 60 0
269 5 927 0
270 8 196 0
271 5 580 0
272 3 991 0
273 5 980 0
274 5 66 0
275 8 280 0
276 8 911 0
277 5 772 0
278 2 30 0
279 7 55 0
280 4 649 0
281 3 161 0
282 6 548 0
283 6 429 0
284 5 401 0
285 8 482 0
286 2 276 0
287 7 792 0
288 6 285 0
289 4 35 0
290 8 609 0
291 4 773 0
292 5 618 0
293 6 920 0
294 5 795 0
295 5 181 0
296 4 142 0
297 2 994 0
298 5 61 0
299 9 612 0
300 7 856 0
301 7 732 0
302 8 108 0
303 5 773 0
304 6 425 0
305 8 124 0
306 6 725 0
307 7 391 0
308 6 300 0
309 7 179 0
310 7 674 0
311 4 339 0
312 9 497 0
313 3 505 0
314 5 722 0
315 6 485 0
316 7 135 0
317 3 555 0
318 4 708 0
319 4 17 0
320 2 572 0
321 5 902 0
322 9 527 0
323 6 699 0
324 4 252 0
325 7 344 0
326 4 332 0
327 4 902 0
328 7 403 0
329 4 362 0
330 3 45 0
331 2 465 0
332 5 311 0
333 6 452 0
334 3 717 0
335 5 731 0
336 4 706 0
337 7 587 0
338 5 421 0
339 8 502 0
340 8 841 0
341 6 539 0
342 9 568 0
343 7 490 0
344 6 367 0
345 5 266 0
346 1 937 0
347 8 570 0
348 5 673 0
349 7 422 0
350 9 243 0
351 5 505 0
352 8 604 0
353 8 32 0
354 3 479 0
355 6 157 0
356 6 949 0
357 4 201 0
358 7 894 0
359 7 528 0
360 5 656 0
361 6 835 0
362 7 668 0
363 9 727 0
364 7 558 0
365 5 660 0
366 5 412 0
367 4 278 0
368 5 98 0
369 5 33 0
370 3 685 0
371 6 268 0
372 7 33 0
373 2 26 0
374 6 631 0
375 5 333 0
376 4 694 0
377 5 900 0
378 3 563 0
379 4 571 0
380 5 371 0
381 5 37 0
382 5 149 0
383 5 856 0
384 7 874 0
385 5 627 0
386 7 798 0
387 5 547 0
388 3 810 0
389 5 196 0
390 5 38 0
391 5 800 0
392 4 94 0
393 4 641 0
394 3 32 0
395 8 689 0
396 6 64 0
397 5 272 0
398 7 143 0
399 9 756 0
400 9 132 0
401 4 406 0
402 9 222 0
403 3 966 0
404 8 304 0
405 8 745 0
406 7 957 0
407 6 133 0
408 7 15 0
409 6 951 0
410 0 198 0
411 3 615 0
412 5 572 0
413 6 899 0
414 6 983 0
415 6 915 0
416 10 724 0
417 7 837 0
418 5 930 0
419 6 781 0
420 6 762 0
421 7 429 0
422 6 264 0
423 5 745 0
424 5 717 0
425 9 121 0
426 4 99 0
427 2 758 0
428 7 982 0
429 5 204 0
430 10 697 0
431 6 78 0
432 1 523 0
433 11 268 0
434 5 18 0
435 5 306 0
436 6 237 0
437 5 700 0
438 4 866 0
439 9 400 0
440 2 703 0
441 5 181 0
442 5 175 0
443 8 355 0
444 5 62 0
445 7 32 0
446 4 795 0
447 7 532 0
448 1 737 0
449 5 812 0
450 7 847 0
451 7 324 0
452 3 557 0
453 5 30 0
454 5 261 0
455 4 37 0
456 5 393 0
457 5 914 0
458 2 616 0
459 4 188 0
460 5 532 0
461 4 777 0
462 6 455 0
463 6 798 0
464 7 721 0
465 5 736 0
466 5 268 0
467 5 372 0
468 8 464 0
469 8 491 0
470 5 920 0
471 4 792 0
472 7 306 0
473 7 924 0
474 5 98 0
475 7 445 0
476 6 342 0
477 8 851 0
478 6 681 0
479 6 746 0
480 6 20 0
481 6 945 0
482 5 455 0
483 7 100 0
484 8 514 0
485 5 562 0
486 9 851 0
487 1 637 0
488 5 547 0
489 5 323 0
490 2 422 0
491 2 608 0
492 8 547 0
493 4 824 0
494 7 283 0
495 7 834 0
496 4 350 0
497 6 883 0
498 7 668 0
499 6 116 0
500 5 866 0
501 7 24 0
502 7 188 0
503 5 171 0
504 6 739 0
505 7 315 0
506 3 333 0
507 6 686 0
508 6 166 0
509 4 918 0
510 5 552 0
511 7 57 0
512 6 511 0
513 7 922 0
514 10 580 0
515 8 311 0
516 5 390 0
517 3 88 0
518 6 548 0
519 6 266 0
520 4 111 0
521 4 280 0
522 3 872 0
523 4 667 0
524 7 99 0
525 5 78 0
526 4 883 0
527 4 645 0
528 8 718 0
529 6 109 0
530 4 800 0
531 7 34 0
532 4 361 0
533 8 956 0
534 7 860 0
535 7 872 0
536 6 366 0
537 7 647 0
538 4 627 0
539 5 136 0
540 7 364 0
541 3 926 0
542 6 107 0
543 9 149 0
544 9 558 0
545 7 740 0
546 10 196 0
547 3 811 0
548 6 914 0
549 6 322 0
550 3 149 0
551 4 382 0
552 4 915 0
553 6 841 0
554 4 377 0
555 2 625 0
556 4 340 0
557 4 381 0
558 6 427 0
559 7 13 0
560 7 384 0
561 3 982 0
562 4 613 0
563 6 48 0
564 2 614 0
565 3 409 0
566 5 33 0
567 7 852 0
568 6 713 0
569 10 402 0
570 4 148 0
571 7 830 0
572 5 595 0
573 5 716 0
574 9 982 0
575 7 926 0
576 7 697 0
577 7 359 0
578 4 750 0
579 4 267 0
580 4 920 0
581 5 954 0
582 6 572 0
583 4 603 0
584 2 620 0
585 7 805 0
586 1 7 0
587 2 218 0
588 5 396 0
589 5 774 0
590 4 82 0
591 7 219 0
592 7 15 0
593 6 741 0
594 3 264 0
595 1 71 0
596 5 472 0
597 7 581 0
598 7 22 0
599 6 434 0
600 9 339 0
601 4 590 0
602 7 524 0
603 6 84 0
604 6 475 0
605 6 743 0
606 7 558 0
607 5 552 0
608 10 754 0
609 6 78 0
610 5 528 0
611 4 539 0
612 5 419 0
613 5 350 0
614 6 276 0
615 0 411 0
616 7 275 0
617 2 820 0
618 3 670 0
619 7 931 0
620 8 248 0
621 1 151 0
622 2 774 0
623 5 689 0
624 7 112 0
625 6 442 0
626 2 903 0
627 2 290 0
628 3 650 0
629 9 731 0
630 4 215 0
631 4 159 0
632 5 89 0
633 5 794 0
634 9 520 0
635 3 191 0
636 7 552 0
637 5 696 0
638 4 566 0
639 7 725 0
640 6 961 0
641 5 30 0
642 3 523 0
643 6 936 0
644 9 55 0
645 5 560 0
646 5 662 0
647 5 147 0
648 3 237 0
649 7 558 0
650 5 229 0
651 6 955 0
652 4 38 0
653 5 958 0
654 8 297 0
655 3 316 0
656 2 499 0
657 4 931 0
658 6 914 0
659 3 604 0
660 7 222 0
661 8 441 0
662 9 145 0
663 5 244 0
664 3 492 0
665 6 953 0
666 5 768 0
667 5 254 0
668 6 624 0
669 3 394 0
670 6 871 0
671 5 783 0
672 8 536 0
673 7 974 0
674 4 491 0
675 7 450 0
676 5 489 0
677 5 878 0
678 5 538 0
679 6 297 0
680 6 351 0
681 2 512 0
682 7 311 0
683 7 669 0
684 4 427 0
685 4 61 0
686 8 647 0
687 5 715 0
688 3 997 0
689 8 691 0
690 9 59 0
691 3 355 0
692 9 136 0
693 5 475 0
694 5 290 0
695 5 648 0
696 7 620 0
697 2 643 0
698 5 376 0
699 8 973 0
700 3 693 0
701 8 601 0
702 5 556 0
703 6 705 0
704 7 236 0
705 9 952 0
706 4 801 0
707 5 639 0
708 6 611 0
709 5 1 0
710 4 209 0
711 6 45 0
712 4 817 0
713 5 612 0
714 6 261 0
715 4 268 0
716 10 263 0
717 5 188 0
718 4 77 0
719 3 547 0
720 6 132 0
721 3 94 0
722 2 541 0
723 4 583 0
724 6 945 0
725 4 113 0
726 11 627 0
727 3 875 0
728 8 771 0
729 4 693 0
730 5 528 0
731 7 220 0
732 7 979 0
733 4 255 0
734 3 948 0
735 3 201 0
736 9 609 0
737 6 941 0
738 8 319 0
739 7 47 0
740 2 575 0
741 4 767 0
742 6 181 0
743 7 784 0
744 6 549 0
745 5 889 0
746 5 548 0
747 8 936 0
748 4 875 0
749 7 718 0
750 7 83 0
751 7 681 0
752 3 161 0
753 8 60 0
754 7 606 0
755 7 728 0
756 4 339 0
757 5 804 0
758 4 736 0
759 5 378 0
760 6 268 0
761 4 491 0
762 6 636 0
763 9 116 0
764 4 933 0
765 7 399 0
766 7 616 0
767 6 455 0
768 3 310 0
769 6 470 0
770 7 971 0
771 3 888 0
772 5 756 0
773 5 933 0
774 4 779 0
775 1 305 0
776 5 554 0
777 6 388 0
778 5 776 0
779 6 250 0
780 5 934 0
781 5 25 0
782 8 269 0
783 8 7 0
784 9 460 0
785 7 314 0
786 6 480 0
787 6 531 0
788 1 900 0
789 6 291 0
790 6 183 0
791 5 74 0
792 8 549 0
793 4 555 0
794 7 201 0
795 5 935 0
796 9 268 0
797 5 921 0
798 5 762 0
799 6 890 0
800 8 964 0
801 8 88 0
802 3 362 0
803 6 630 0
804 7 826 0
805 4 986 0
806 5 511 0
807 6 386 0
808 8 105 0
809 6 239 0
810 6 814 0
811 8 679 0
812 8 566 0
813 3 78 0
814 4 436 0
815 7 649 0
816 6 801 0
817 6 234 0
818 4 984 0
819 7 956 0
820 4 495 0
821 5 82 0
822 8 167 0
823 2 678 0
824 3 901 0
825 3 757 0
826 6 2 0
827 4 963 0
828 8 943 0
829 8 789 0
830 4 87 0
831 5 47 0
832 6 734 0
833 6 485 0
834 4 508 0
835 7 28 0
836 10 56 0
837 6 124 0
838 4 573 0
839 5 309 0
840 5 739 0
841 5 992 0
842 2 718 0
843 2 96 0
844 6 385 0
845 5 808 0
846 4 862 0
847 6 266 0
848 6 356 0
849 7 40 0
850 8 640 0
851 1 815 0
852 4 265 0
853 4 209 0
854 6 117 0
855 5 562 0
856 6 216 0
857 10 329 0
858 5 472 0
859 3 929 0
860 8 992 0
861 5 617 0
862 4 903 0
863 4 57 0
864 8 736 0
865 5 617 0
866 8 782 0
867 6 135 0
868 4 228 0
869 6 835 0
870 4 420 0
871 5 444 0
872 9 876 0
873 7 551 0
874 2 577 0
875 4 844 0
876 5 71 0
877 9 520 0
878 3 603 0
879 7 63 0
880 7 726 0
881 2 703 0
882 2 72 0
883 7 939 0
884 7 208 0
885 1 380 0
886 5 44 0
887 10 65 0
888 1 536 0
889 5 884 0
890 7 857 0
891 4 355 0
892 8 280 0
893 5 401 0
894 10 348 0
895 8 617 0
896 8 488 0
897 9 109 0
898 4 169 0
899 6 479 0
900 4 65 0
901 7 946 0
902 5 237 0
903 6 59 0
904 4 299 0
905 6 433 0
906 9 973 0
907 5 617 0
908 8 45 0
909 4 678 0
910 5 898 0
911 2 897 0
912 5 935 0
913 5 904 0
914 5 100 0
915 4 194 0
916 4 501 0
917 8 88 0
918 8 144 0
919 4 716 0
920 3 174 0
921 7 442 0
922 5 446 0
923 10 768 0
924 5 56 0
925 6 494 0
926 5 667 0
927 6 582 0
928 4 644 0
929 7 497 0
930 7 172 0
931 4 504 0
932 7 449 0
933 6 139 0
934 10 971 0
935 2 567 0
936 4 385 0
937 7 164 0
938 6 344 0
939 8 842 0
940 6 614 0
941 6 365 0
942 8 886 0
943 4 232 0
944 8 751 0
945 11 291 0
946 6 119 0
947 4 824 0
948 11 707 0
949 7 119 0
950 6 282 0
951 3 31 0
952 5 857 0
953 4 478 0
954 1 798 0
955 9 334 0
956 4 486 0
957 6 892 0
958 6 75 0
959 3 916 0
960 6 442 0
961 6 635 0
962 3 233 0
963 5 227 0
964 5 77 0
965 6 376 0
966 7 758 0
967 4 227 0
968 8 936 0
969 4 49 0
970 6 440 0
971 3 351 0
972 7 395 0
973 4 820 0
974 5 226 0
975 3 142 0
976 4 792 0
977 6 670 0
978 7 141 0
979 7 79 0
980 5 452 0
981 4 212 0
982 2 438 0
983 1 805 0
984 6 164 0
985 7 350 0
986 7 581 0
987 5 429 0
988 3 351 0
989 5 562 0
990 4 931 0
991 4 128 0
992 3 228 0
993 7 990 0
994 5 602 0
995 6 358 0
996 6 569 0
997 4 240 0
998 5 662 0
999 4 965 0
1000 4 333 0
