1 5 459 0
2 4 123 0
3 8 192 0
4 6 871 0
5 3 502 0
6 8 252 0
7 7 322 0
8 5 57 0
9 7 923 0
10 10 493 0
11 2 80 0
12 8 26 0
13 9 736 0
14 9 347 0
15 4 117 0
16 4 923 0
17 5 933 0
18 4 345 0
19 5 438 0
20 2 35 0
21 6 235 0
22 7 743 0
23 9 810 0
24 6 795 0
25 4 13 0
26 4 241 0
27 5 824 0
28 7 951 0
29 7 291 0
30 6 869 0
31 5 808 0
32 6 201 0
33 6 126 0
34 4 453 0
35 4 194 0
36 6 657 0
37 3 477 0
38 8 876 0
39 6 422 0
40 7 753 0
41 5 176 0
42 6 136 0
43 6 884 0
44 10 126 0
45 1 725 0
46 7 718 0
47 3 835 0
48 4 654 0
49 4 432 0
50 4 305 0
51 7 870 0
52 5 410 0
53 6 880 0
54 6 197 0
55 5 701 0
56 6 325 0
57 4 406 0
58 6 490 0
59 4 645 0
60 6 655 0
61 4 756 0
62 7 93 0
63 6 950 0
64 7 458 0
65 5 20 0
66 5 276 0
67 7 356 0
68 8 775 0
69 8 422 0
70 4 16 0
71 1 884 0
72 1 981 0
73 9 34 0
74 6 346 0
75 4 161 0
76 9 73 0
77 9 71 0
78 5 657 0
79 5 245 0
80 6 931 0
81 8 780 0
82 8 73 0
83 5 67 0
84 5 65 0
85 5 242 0
86 4 395 0
87 6 760 0
88 8 688 0
89 8 592 0
90 7 722 0
91 4 644 0
92 7 63 0
93 7 636 0
94 9 783 0
95 5 13 0
96 4 302 0
97 4 951 0
98 4 758 0
99 6 367 0
100 6 526 0
101 5 463 0
102 8 775 0
103 3 148 0
104 8 96 0
105 4 715 0
106 2 698 0
107 3 937 0
108 7 476 0
109 6 735 0
110 3 297 0
111 5 257 0
112 11 0 0
113 7 105 0
114 11 419 0
115 4 32 0
116 5 625 0
117 6 278 0
118 7 398 0
119 4 427 0
120 7 130 0
121 5 562 0
122 4 848 0
123 2 588 0
124 4 450 0
125 6 348 0
126 3 121 0
127 1 537 0
128 4 521 0
129 10 439 0
130 3 475 0
131 4 296 0
132 4 227 0
133 9 915 0
134 6 940 0
135 6 782 0
136 5 169 0
137 9 259 0
138 6 896 0
139 3 255 0
140 3 142 0
141 7 363 0
142 7 997 0
143 2 358 0
144 5 606 0
145 8 569 0
146 3 438 0
147 5 615 0
148 7 295 0
149 4 226 0
150 8 638 0
151 3 744 0
152 8 503 0
153 5 169 0
154 7 618 0
155 6 677 0
156 4 944 0
157 7 942 0
158 7 864 0
159 4 856 0
160 2 436 0
161 6 140 0
162 7 134 0
163 5 672 0
164 9 340 0
165 5 863 0
166 1 762 0
167 4 933 0
168 9 42 0
169 6 632 0
170 8 721 0
171 7 402 0
172 6 449 0
173 7 446 0
174 9 875 0
175 3 508 0
176 8 303 0
177 9 936 0
178 5 619 0
179 8 577 0
180 5 623 0
181 5 796 0
182 8 384 0
183 5 403 0
184 8 857 0
185 6 779 0
186 8 5 0
187 5 377 0
188 6 934 0
189 10 22 0
190 6 902 0
191 7 452 0
192 4 499 0
193 9 487 0
194 3 714 0
195 8 681 0
196 4 929 0
197 7 450 0
198 9 270 0
199 4 676 0
200 8 421 0
201 6 823 0
202 2 24 0
203 2 877 0
204 8 532 0
205 7 241 0
206 5 767 0
207 4 796 0
208 8 37 0
209 6 200 0
210 1 88 0
211 6 842 0
212 4 668 0
213 2 43 0
214 7 932 0
215 4 622 0
216 1 416 0
217 6 988 0
218 4 741 0
219 6 196 0
220 4 605 0
221 3 909 0
222 3 761 0
223 7 211 0
224 8 268 0
225 3 902 0
226 6 47 0
227 7 35 0
228 7 502 0
229 8 142 0
230 8 768 0
231 4 265 0
232 8 736 0
233 5 108 0
234 3 985 0
235 5 831 0
236 7 622 0
237 6 595 0
238 7 863 0
239 9 82 0
240 7 296 0
241 3 165 0
242 7 64 0
243 7 524 0
244 10 605 0
245 5 397 0
246 4 520 0
247 7 597 0
248 2 34 0
249 6 597 0
250 6 745 0
251 3 742 0
252 7 358 0
253 3 849 0
254 4 706 0
255 5 785 0
256 9 616 0
257 5 961 0
258 7 810 0
259 6 670 0
260 5 80 0
261 5 406 0
262 7 8 0
263 4 853 0
264 10 710 0
265 4 560 0
266 6 350 0
267 3 986 0
268 3 916 0
269 2 119 0
270 3 530 0
271 5 140 0
272 5 931 0
273 5 474 0
274 7 339 0
275 3 79 0
276 8 468 0
277 5 908 0
278 4 332 0
279 5 866 0
280 5 916 0
281 5 739 0
282 9 423 0
283 5 971 0
284 6 287 0
285 5 735 0
286 5 963 0
287 6 198 0
288 12 605 0
289 8 823 0
290 10 466 0
291 6 590 0
292 6 976 0
293 3 254 0
294 6 361 0
295 6 496 0
296 5 620 0
297 1 965 0
298 6 743 0
299 7 229 0
300 7 791 0
301 9 770 0
302 2 68 0
303 8 67 0
304 5 438 0
305 8 511 0
306 7 170 0
307 3 326 0
308 3 242 0
309 7 146 0
310 9 315 0
311 5 680 0
312 8 78 0
313 5 165 0
314 4 169 0
315 5 355 0
316 5 132 0
317 4 877 0
318 1 562 0
319 3 219 0
320 4 838 0
321 6 147 0
322 6 388 0
323 6 35 0
324 8 187 0
325 5 235 0
326 6 788 0
327 6 130 0
328 7 906 0
329 8 858 0
330 2 840 0
331 9 513 0
332 2 773 0
333 6 757 0
334 4 604 0
335 6 743 0
336 4 238 0
337 7 191 0
338 8 204 0
339 5 427 0
340 4 768 0
341 2 926 0
342 8 879 0
343 10 426 0
344 10 563 0
345 10 736 0
346 4 20 0
347 4 799 0
348 6 306 0
349 7 39 0
350 5 49 0
351 7 867 0
352 6 791 0
353 4 645 0
354 5 293 0
355 3 477 0
356 6 434 0
357 4 734 0
358 5 604 0
359 3 374 0
360 6 670 0
361 8 387 0
362 6 824 0
363 5 757 0
364 7 868 0
365 8 818 0
366 4 721 0
367 8 834 0
368 4 630 0
369 5 59 0
370 7 237 0
371 8 379 0
372 3 147 0
373 9 297 0
374 12 286 0
375 5 124 0
376 7 646 0
377 8 972 0
378 6 264 0
379 8 480 0
380 5 632 0
381 4 669 0
382 5 81 0
383 6 603 0
384 6 707 0
385 5 785 0
386 6 668 0
387 4 151 0
388 4 987 0
389 6 505 0
390 6 242 0
391 5 285 0
392 0 18 0
393 8 83 0
394 6 373 0
395 0 907 0
396 9 624 0
397 5 959 0
398 3 624 0
399 4 52 0
400 5 986 0
401 5 196 0
402 5 342 0
403 3 992 0
404 9 733 0
405 6 129 0
406 5 759 0
407 5 161 0
408 5 886 0
409 3 141 0
410 7 357 0
411 5 446 0
412 4 394 0
413 6 373 0
414 5 418 0
415 7 435 0
416 6 139 0
417 6 614 0
418 4 910 0
419 6 928 0
420 5 60 0
421 8 248 0
422 4 143 0
423 4 743 0
424 4 566 0
425 6 65 0
426 4 934 0
427 5 275 0
428 6 593 0
429 6 351 0
430 4 32 0
431 8 729 0
432 5 604 0
433 5 50 0
434 5 167 0
435 5 953 0
436 4 559 0
437 6 808 0
438 7 735 0
439 7 585 0
440 4 700 0
441 5 650 0
442 7 254 0
443 4 256 0
444 10 383 0
445 3 527 0
446 4 620 0
447 8 380 0
448 10 175 0
449 10 817 0
450 6 882 0
451 8 688 0
452 3 210 0
453 2 102 0
454 7 292 0
455 8 852 0
456 3 508 0
457 6 501 0
458 3 245 0
459 7 438 0
460 4 559 0
461 9 783 0
462 5 371 0
463 6 997 0
464 6 107 0
465 5 873 0
466 5 271 0
467 6 492 0
468 2 764 0
469 7 311 0
470 2 895 0
471 9 257 0
472 6 830 0
473 7 430 0
474 6 15 0
475 6 653 0
476 4 885 0
477 5 162 0
478 4 842 0
479 4 546 0
480 5 754 0
481 6 786 0
482 6 31 0
483 7 377 0
484 6 411 0
485 0 196 0
486 7 478 0
487 5 815 0
488 6 472 0
489 5 390 0
490 0 196 0
491 8 287 0
492 4 38 0
493 3 443 0
494 6 532 0
495 6 535 0
496 5 227 0
497 5 368 0
498 6 231 0
499 7 306 0
500 4 13 0
501 7 898 0
502 7 949 0
503 5 3 0
504 6 195 0
505 6 473 0
506 6 998 0
507 3 804 0
508 6 30 0
509 6 497 0
510 6 334 0
511 5 374 0
512 5 591 0
513 4 848 0
514 6 25 0
515 4 636 0
516 8 781 0
517 8 306 0
518 1 78 0
519 7 171 0
520 8 617 0
521 8 884 0
522 3 554 0
523 5 767 0
524 5 470 0
525 7 30 0
526 3 969 0
527 3 738 0
528 6 332 0
529 7 119 0
530 9 338 0
531 7 456 0
532 4 497 0
533 10 743 0
534 4 961 0
535 5 390 0
536 7 443 0
537 4 273 0
538 7 885 0
539 5 626 0
540 7 405 0
541 8 686 0
542 8 216 0
543 4 244 0
544 5 794 0
545 8 422 0
546 7 669 0
547 2 443 0
548 5 178 0
549 5 17 0
550 5 348 0
551 5 160 0
552 4 778 0
553 4 297 0
554 5 185 0
555 4 711 0
556 4 376 0
557 3 703 0
558 3 896 0
559 2 354 0
560 8 762 0
561 6 531 0
562 6 267 0
563 4 175 0
564 5 326 0
565 5 161 0
566 6 293 0
567 3 355 0
568 6 370 0
569 6 195 0
570 5 452 0
571 1 788 0
572 7 11 0
573 10 115 0
574 6 339 0
575 3 894 0
576 7 285 0
577 5 821 0
578 6 779 0
579 7 394 0
580 9 494 0
581 9 491 0
582 7 256 0
583 6 902 0
584 2 246 0
585 7 91 0
586 7 810 0
587 5 237 0
588 2 192 0
589 5 898 0
590 4 388 0
591 11 690 0
592 4 612 0
593 6 292 0
594 4 558 0
595 4 781 0
596 5 950 0
597 4 519 0
598 4 361 0
599 7 833 0
600 4 86 0
601 3 884 0
602 5 634 0
603 7 737 0
604 4 183 0
605 3 716 0
606 4 602 0
607 4 118 0
608 4 876 0
609 6 680 0
610 4 759 0
611 7 643 0
612 6 581 0
613 5 174 0
614 3 563 0
615 6 848 0
616 4 834 0
617 4 838 0
618 5 136 0
619 4 422 0
620 4 907 0
621 7 464 0
622 5 137 0
623 5 230 0
624 5 570 0
625 6 624 0
626 7 315 0
627 3 179 0
628 5 508 0
629 5 59 0
630 3 709 0
631 4 245 0
632 8 328 0
633 7 522 0
634 3 806 0
635 3 424 0
636 8 424 0
637 7 638 0
638 5 631 0
639 7 61 0
640 4 438 0
641 7 918 0
642 6 245 0
643 7 374 0
644 4 188 0
645 5 934 0
646 4 113 0
647 2 954 0
648 4 832 0
649 4 515 0
650 11 424 0
651 6 350 0
652 4 577 0
653 7 604 0
654 5 978 0
655 4 675 0
656 5 874 0
657 5 97 0
658 7 16 0
659 4 315 0
660 8 420 0
661 8 978 0
662 6 698 0
663 3 522 0
664 2 119 0
665 5 800 0
666 1 303 0
667 9 753 0
668 5 162 0
669 9 372 0
670 6 452 0
671 4 984 0
672 5 344 0
673 7 560 0
674 4 564 0
675 4 745 0
676 2 38 0
677 4 874 0
678 6 831 0
679 7 432 0
680 5 442 0
681 8 776 0
682 6 446 0
683 3 220 0
684 2 795 0
685 8 993 0
686 6 191 0
687 9 391 0
688 7 944 0
689 8 660 0
690 6 122 0
691 6 141 0
692 6 280 0
693 6 834 0
694 2 24 0
695 5 962 0
696 3 176 0
697 5 11 0
698 8 315 0
699 7 600 0
700 3 228 0
701 4 680 0
702 2 775 0
703 8 345 0
704 7 864 0
705 9 743 0
706 2 817 0
707 7 96 0
708 7 723 0
709 4 198 0
710 4 763 0
711 8 493 0
712 5 637 0
713 3 329 0
714 6 546 0
715 9 161 0
716 10 437 0
717 2 889 0
718 6 856 0
719 6 506 0
720 5 814 0
721 5 454 0
722 5 782 0
723 6 679 0
724 7 120 0
725 6 141 0
726 10 893 0
727 4 153 0
728 6 640 0
729 4 707 0
730 6 223 0
731 6 284 0
732 4 426 0
733 5 734 0
734 9 624 0
735 4 802 0
736 6 304 0
737 5 693 0
738 2 664 0
739 5 738 0
740 6 528 0
741 6 884 0
742 5 140 0
743 8 693 0
744 5 929 0
745 10 878 0
746 4 634 0
747 8 205 0
748 6 615 0
749 7 889 0
750 5 228 0
751 8 641 0
752 6 648 0
753 1 252 0
754 5 906 0
755 7 98 0
756 4 286 0
757 5 263 0
758 7 267 0
759 2 118 0
760 5 776 0
761 7 999 0
762 2 341 0
763 9 224 0
764 6 917 0
765 6 142 0
766 5 229 0
767 8 15 0
768 10 728 0
769 5 530 0
770 6 449 0
771 1 408 0
772 5 968 0
773 7 145 0
774 4 413 0
775 4 240 0
776 4 935 0
777 8 835 0
778 5 747 0
779 6 513 0
780 8 251 0
781 6 274 0
782 3 520 0
783 7 730 0
784 6 722 0
785 4 848 0
786 3 629 0
787 5 142 0
788 9 186 0
789 3 569 0
790 4 939 0
791 6 789 0
792 4 329 0
793 7 320 0
794 7 417 0
795 3 413 0
796 2 113 0
797 2 370 0
798 3 409 0
799 7 497 0
800 4 468 0
801 1 825 0
802 2 495 0
803 0 92 0
804 5 368 0
805 9 891 0
806 2 486 0
807 6 669 0
808 5 31 0
809 4 126 0
810 8 231 0
811 5 663 0
812 4 511 0
813 5 888 0
814 6 746 0
815 3 770 0
816 6 643 0
817 5 820 0
818 8 966 0
819 2 250 0
820 7 961 0
821 7 334 0
822 5 89 0
823 6 934 0
824 6 743 0
825 4 606 0
826 3 632 0
827 4 92 0
828 5 319 0
829 7 430 0
830 5 778 0
831 8 480 0
832 3 101 0
833 2 422 0
834 5 256 0
835 0 524 0
836 4 183 0
837 6 465 0
838 2 874 0
839 6 429 0
840 4 119 0
841 6 388 0
842 7 126 0
843 6 94 0
844 6 573 0
845 5 21 0
846 3 926 0
847 3 179 0
848 5 162 0
849 7 923 0
850 5 615 0
851 7 677 0
852 4 5 0
853 9 720 0
854 6 944 0
855 2 836 0
856 7 431 0
857 9 319 0
858 6 448 0
859 4 572 0
860 4 592 0
861 5 302 0
862 5 626 0
863 5 750 0
864 2 618 0
865 7 802 0
866 4 601 0
867 10 124 0
868 5 95 0
869 7 356 0
870 9 845 0
871 3 885 0
872 5 988 0
873 2 873 0
874 6 335 0
875 7 287 0
876 3 573 0
877 5 967 0
878 2 74 0
879 3 35 0
880 5 320 0
881 8 774 0
882 5 219 0
883 2 699 0
884 7 401 0
885 5 400 0
886 6 685 0
887 5 833 0
888 6 115 0
889 8 637 0
890 7 384 0
891 3 441 0
892 6 53 0
893 7 727 0
894 5 914 0
895 7 577 0
896 3 771 0
897 4 878 0
898 4 166 0
899 5 275 0
900 3 685 0
901 6 555 0
902 2 708 0
903 3 581 0
904 3 568 0
905 6 885 0
906 5 475 0
907 3 896 0
908 9 26 0
909 8 618 0
910 7 370 0
911 7 95 0
912 6 909 0
913 0 276 0
914 4 140 0
915 3 607 0
916 6 759 0
917 1 48 0
918 8 522 0
919 3 301 0
920 7 915 0
921 8 508 0
922 5 571 0
923 4 876 0
924 6 913 0
925 6 29 0
926 3 243 0
927 6 774 0
928 6 756 0
929 7 635 0
930 6 643 0
931 6 450 0
932 3 419 0
933 6 163 0
934 7 668 0
935 8 432 0
936 6 107 0
937 3 697 0
938 2 372 0
939 11 901 0
940 8 974 0
941 6 986 0
942 6 45 0
943 7 727 0
944 4 420 0
945 5 834 0
946 3 91 0
947 7 514 0
948 5 998 0
949 7 688 0
950 4 91 0
951 6 812 0
952 4 66 0
953 4 216 0
954 7 888 0
955 6 519 0
956 7 513 0
957 5 405 0
958 6 61 0
959 6 508 0
960 7 5 0
961 7 287 0
962 7 307 0
963 9 18 0
964 5 576 0
965 8 589 0
966 3 573 0
967 7 448 0
968 1 303 0
969 7 375 0
970 4 474 0
971 2 248 0
972 8 248 0
973 4 608 0
974 7 85 0
975 6 481 0
976 7 378 0
977 6 638 0
978 7 208 0
979 8 988 0
980 0 963 0
981 3 925 0
982 5 373 0
983 6 449 0
984 7 945 0
985 6 964 0
986 4 457 0
987 7 705 0
988 3 563 0
989 7 635 0
990 9 989 0
991 4 761 0
992 7 577 0
993 5 388 0
994 9 600 0
995 5 266 0
996 7 300 0
997 3 282 0
998 8 281 0
999 3 745 0
1000 1 250 0
