1 7 511 0
2 9 498 0
3 2 966 0
4 3 670 0
5 4 47 0
6 4 986 0
7 3 506 0
8 6 214 0
9 4 562 0
10 1 59 0
11 3 576 0
12 5 505 0
13 5 518 0
14 7 895 0
15 4 332 0
16 5 453 0
17 8 289 0
18 4 696 0
19 6 277 0
20 6 983 0
21 9 979 0
22 10 991 0
23 9 642 0
24 8 615 0
25 5 604 0
26 4 201 0
27 3 373 0
28 5 179 0
29 6 612 0
30 5 16 0
31 1 592 0
32 3 119 0
33 9 121 0
34 2 559 0
35 7 467 0
36 4 667 0
37 5 42 0
38 6 617 0
39 6 75 0
40 8 649 0
41 7 916 0
42 7 420 0
43 6 533 0
44 3 744 0
45 9 468 0
46 5 127 0
47 7 870 0
48 6 300 0
49 7 376 0
50 4 133 0
51 3 840 0
52 3 462 0
53 5 63 0
54 7 84 0
55 10 128 0
56 5 642 0
57 4 488 0
58 5 991 0
59 6 753 0
60 0 983 0
61 3 186 0
62 8 646 0
63 9 163 0
64 2 689 0
65 6 735 0
66 2 38 0
67 5 251 0
68 7 39 0
69 4 916 0
70 7 102 0
71 5 68 0
72 6 641 0
73 4 332 0
74 5 569 0
75 7 787 0
76 4 122 0
77 6 249 0
78 2 288 0
79 8 23 0
80 4 242 0
81 4 566 0
82 4 676 0
83 7 373 0
84 10 387 0
85 8 990 0
86 7 819 0
87 7 155 0
88 7 329 0
89 7 461 0
90 7 43 0
91 5 395 0
92 5 837 0
93 5 439 0
94 4 351 0
95 6 889 0
96 3 211 0
97 9 461 0
98 8 617 0
99 6 878 0
100 2 163 0
101 7 37 0
102 5 211 0
103 6 972 0
104 5 627 0
105 4 778 0
106 6 336 0
107 4 845 0
108 3 60 0
109 2 130 0
110 6 220 0
111 4 206 0
112 4 784 0
113 4 639 0
114 5 646 0
115 8 644 0
116 5 331 0
117 6 95 0
118 1 22 0
119 8 346 0
120 6 513 0
121 6 959 0
122 2 723 0
123 5 777 0
124 5 848 0
125 5 909 0
126 5 638 0
127 8 872 0
128 7 519 0
129 5 587 0
130 8 682 0
131 7 317 0
132 12 640 0
133 3 221 0
134 7 379 0
135 6 597 0
136 3 105 0
137 5 669 0
138 5 164 0
139 6 887 0
140 7 411 0
141 8 783 0
142 5 604 0
143 6 692 0
144 9 703 0
145 4 414 0
146 4 506 0
147 5 445 0
148 6 838 0
149 6 931 0
150 7 351 0
151 7 468 0
152 5 488 0
153 11 585 0
154 4 731 0
155 4 407 0
156 6 900 0
157 6 465 0
158 7 827 0
159 0 808 0
160 8 36 0
161 6 972 0
162 5 674 0
163 8 626 0
164 7 854 0
165 2 987 0
166 9 711 0
167 8 681 0
168 8 277 0
169 4 630 0
170 4 979 0
171 5 983 0
172 3 198 0
173 4 489 0
174 9 889 0
175 6 284 0
176 7 488 0
177 10 762 0
178 2 898 0
179 8 102 0
180 7 655 0
181 5 511 0
182 5 831 0
183 6 703 0
184 3 538 0
185 5 684 0
186 3 883 0
187 6 887 0
188 6 72 0
189 3 110 0
190 9 802 0
191 4 981 0
192 6 264 0
193 7 384 0
194 5 138 0
195 5 635 0
196 3 700 0
197 5 909 0
198 7 398 0
199 6 230 0
200 5 360 0
201 5 683 0
202 6 119 0
203 5 90 0
204 5 55 0
205 3 144 0
206 3 151 0
207 5 734 0
208 5 798 0
209 6 716 0
210 7 981 0
211 11 761 0
212 6 206 0
213 10 133 0
214 7 183 0
215 4 584 0
216 7 370 0
217 3 273 0
218 7 872 0
219 6 580 0
220 7 386 0
221 4 325 0
222 7 918 0
223 5 768 0
224 6 513 0
225 8 832 0
226 6 406 0
227 5 414 0
228 5 385 0
229 5 220 0
230 3 391 0
231 5 194 0
232 7 105 0
233 4 201 0
234 6 675 0
235 4 362 0
236 6 450 0
237 7 481 0
238 9 405 0
239 7 934 0
240 10 595 0
241 1 136 0
242 7 166 0
243 2 313 0
244 3 203 0
245 6 183 0
246 5 907 0
247 2 921 0
248 6 580 0
249 6 903 0
250 5 134 0
251 4 593 0
252 5 816 0
253 9 802 0
254 6 686 0
255 8 39 0
256 5 312 0
257 3 379 0
258 6 86 0
259 3 445 0
260 3 9 0
261 5 390 0
262 6 780 0
263 5 625 0
264 6 573 0
265 6 79 0
266 5 637 0
267 3 842 0
268 5 635 0
269 7 77 0
270 8 400 0
271 8 358 0
272 7 348 0
273 8 912 0
274 8 228 0
275 5 236 0
276 7 149 0
277 6 235 0
278 7 398 0
279 2 381 0
280 8 915 0
281 3 698 0
282 11 327 0
283 9 150 0
284 10 544 0
285 7 684 0
286 5 289 0
287 3 691 0
288 2 843 0
289 10 280 0
290 4 246 0
291 4 635 0
292 7 10 0
293 7 545 0
294 4 764 0
295 6 520 0
296 2 589 0
297 7 606 0
298 3 202 0
299 6 364 0
300 7 296 0
301 4 301 0
302 5 792 0
303 3 477 0
304 4 589 0
305 8 403 0
306 3 270 0
307 3 259 0
308 7 124 0
309 5 833 0
310 8 627 0
311 7 387 0
312 2 290 0
313 8 212 0
314 9 361 0
315 6 754 0
316 3 239 0
317 8 798 0
318 4 20 0
319 3 412 0
320 8 150 0
321 8 914 0
322 5 123 0
323 4 859 0
324 7 509 0
325 5 731 0
326 8 815 0
327 3 867 0
328 6 600 0
329 4 663 0
330 5 774 0
331 6 949 0
332 6 784 0
333 4 805 0
334 8 186 0
335 4 884 0
336 8 163 0
337 4 980 0
338 6 760 0
339 5 848 0
340 5 897 0
341 2 860 0
342 6 481 0
343 6 435 0
344 4 234 0
345 7 281 0
346 6 985 0
347 6 421 0
348 5 227 0
349 4 66 0
350 4 236 0
351 5 750 0
352 6 661 0
353 3 949 0
354 5 438 0
355 7 440 0
356 8 301 0
357 2 949 0
358 9 530 0
359 7 365 0
360 10 17 0
361 6 41 0
362 5 749 0
363 6 594 0
364 5 731 0
365 3 569 0
366 2 442 0
367 3 153 0
368 5 80 0
369 4 434 0
370 9 144 0
371 3 827 0
372 5 690 0
373 3 29 0
374 6 231 0
375 7 533 0
376 6 570 0
377 6 1 0
378 4 342 0
379 7 273 0
380 1 144 0
381 6 867 0
382 5 891 0
383 8 130 0
384 8 473 0
385 6 758 0
386 6 955 0
387 4 664 0
388 5 121 0
389 5 51 0
390 4 884 0
391 1 77 0
392 7 755 0
393 6 395 0
394 8 84 0
395 8 661 0
396 8 275 0
397 6 792 0
398 8 928 0
399 5 914 0
400 3 562 0
401 9 101 0
402 0 462 0
403 5 44 0
404 4 420 0
405 5 13 0
406 7 735 0
407 4 946 0
408 4 235 0
409 6 243 0
410 7 989 0
411 5 557 0
412 7 666 0
413 6 104 0
414 4 10 0
415 2 913 0
416 4 322 0
417 3 668 0
418 6 741 0
419 8 649 0
420 9 389 0
421 4 188 0
422 9 715 0
423 8 166 0
424 9 526 0
425 0 293 0
426 10 861 0
427 6 655 0
428 6 791 0
429 5 966 0
430 7 166 0
431 6 466 0
432 6 868 0
433 5 953 0
434 8 204 0
435 7 180 0
436 4 668 0
437 2 804 0
438 6 708 0
439 5 248 0
440 7 383 0
441 6 912 0
442 7 196 0
443 5 775 0
444 9 81 0
445 6 78 0
446 7 855 0
447 6 842 0
448 6 331 0
449 3 873 0
450 6 111 0
451 9 971 0
452 5 959 0
453 3 960 0
454 6 380 0
455 4 263 0
456 5 667 0
457 4 397 0
458 5 283 0
459 3 697 0
460 8 78 0
461 6 177 0
462 7 765 0
463 8 938 0
464 6 203 0
465 7 733 0
466 5 645 0
467 4 450 0
468 4 6 0
469 7 99 0
470 5 352 0
471 3 386 0
472 2 324 0
473 5 959 0
474 7 18 0
475 8 530 0
476 8 574 0
477 5 540 0
478 4 349 0
479 6 287 0
480 6 821 0
481 5 659 0
482 3 746 0
483 5 460 0
484 5 40 0
485 7 494 0
486 5 772 0
487 6 734 0
488 5 327 0
489 5 335 0
490 4 289 0
491 6 145 0
492 6 659 0
493 7 714 0
494 1 549 0
495 5 318 0
496 3 369 0
497 5 632 0
498 4 907 0
499 8 703 0
500 11 484 0
501 7 432 0
502 6 308 0
503 7 316 0
504 9 376 0
505 8 244 0
506 3 901 0
507 7 493 0
508 7 100 0
509 6 476 0
510 4 939 0
511 6 152 0
512 9 812 0
513 5 7 0
514 8 862 0
515 4 827 0
516 5 797 0
517 9 762 0
518 6 504 0
519 7 417 0
520 6 61 0
521 5 927 0
522 7 282 0
523 5 832 0
524 6 8 0
525 7 69 0
526 6 38 0
527 8 367 0
528 5 128 0
529 4 359 0
530 3 639 0
531 7 188 0
532 4 883 0
533 4 220 0
534 4 349 0
535 8 384 0
536 7 349 0
537 5 801 0
538 2 173 0
539 6 681 0
540 6 996 0
541 4 209 0
542 8 685 0
543 5 441 0
544 6 983 0
545 4 23 0
546 6 975 0
547 10 669 0
548 4 660 0
549 6 320 0
550 5 549 0
551 5 594 0
552 2 120 0
553 7 100 0
554 11 95 0
555 2 876 0
556 9 648 0
557 7 327 0
558 7 716 0
559 2 370 0
560 3 853 0
561 3 73 0
562 4 623 0
563 4 329 0
564 6 350 0
565 7 791 0
566 8 25 0
567 3 182 0
568 5 293 0
569 5 780 0
570 6 320 0
571 7 978 0
572 11 708 0
573 7 113 0
574 6 238 0
575 5 67 0
576 4 603 0
577 2 805 0
578 3 997 0
579 10 358 0
580 2 601 0
581 3 477 0
582 8 558 0
583 6 979 0
584 4 247 0
585 11 889 0
586 4 827 0
587 9 26 0
588 2 857 0
589 4 578 0
590 5 519 0
591 3 197 0
592 5 0 0
593 6 928 0
594 5 351 0
595 4 184 0
596 4 499 0
597 5 865 0
598 8 772 0
599 5 333 0
600 6 569 0
601 4 865 0
602 2 193 0
603 6 289 0
604 7 413 0
605 3 208 0
606 5 89 0
607 6 57 0
608 3 755 0
609 7 760 0
610 7 74 0
611 6 200 0
612 3 767 0
613 5 398 0
614 7 170 0
615 7 635 0
616 6 866 0
617 5 264 0
618 3 815 0
619 6 204 0
620 9 835 0
621 5 914 0
622 6 911 0
623 8 363 0
624 6 919 0
625 8 697 0
626 5 119 0
627 4 5 0
628 6 993 0
629 6 450 0
630 5 753 0
631 3 885 0
632 4 891 0
633 5 724 0
634 4 278 0
635 6 121 0
636 6 41 0
637 10 17 0
638 7 829 0
639 10 223 0
640 6 459 0
641 5 694 0
642 8 94 0
643 9 524 0
644 5 871 0
645 3 485 0
646 6 679 0
647 6 156 0
648 10 298 0
649 11 162 0
650 7 655 0
651 0 614 0
652 7 765 0
653 7 916 0
654 4 234 0
655 6 776 0
656 8 532 0
657 7 338 0
658 8 152 0
659 5 970 0
660 4 504 0
661 4 935 0
662 8 143 0
663 9 711 0
664 4 907 0
665 3 629 0
666 5 633 0
667 7 307 0
668 2 130 0
669 6 90 0
670 7 681 0
671 7 707 0
672 13 865 0
673 7 275 0
674 4 582 0
675 5 672 0
676 7 250 0
677 6 42 0
678 6 489 0
679 6 336 0
680 2 23 0
681 9 162 0
682 7 976 0
683 4 114 0
684 8 526 0
685 0 576 0
686 3 342 0
687 5 605 0
688 4 63 0
689 3 272 0
690 5 228 0
691 5 338 0
692 5 732 0
693 4 446 0
694 5 376 0
695 9 902 0
696 7 96 0
697 5 270 0
698 5 409 0
699 3 995 0
700 7 458 0
701 6 342 0
702 7 29 0
703 5 199 0
704 4 278 0
705 3 744 0
706 6 381 0
707 8 158 0
708 4 542 0
709 3 768 0
710 6 974 0
711 0 472 0
712 4 149 0
713 4 462 0
714 4 708 0
715 3 898 0
716 4 171 0
717 4 537 0
718 6 515 0
719 9 259 0
720 5 398 0
721 4 871 0
722 6 446 0
723 4 273 0
724 7 482 0
725 5 973 0
726 5 555 0
727 4 193 0
728 6 379 0
729 6 509 0
730 7 237 0
731 7 28 0
732 7 306 0
733 9 558 0
734 6 911 0
735 3 750 0
736 6 677 0
737 8 476 0
738 4 844 0
739 5 669 0
740 3 466 0
741 8 678 0
742 7 306 0
743 6 916 0
744 6 842 0
745 6 597 0
746 7 290 0
747 3 872 0
748 3 335 0
749 4 993 0
750 8 456 0
751 5 990 0
752 2 276 0
753 10 507 0
754 3 758 0
755 4 263 0
756 8 531 0
757 6 331 0
758 5 426 0
759 8 703 0
760 5 142 0
761 6 227 0
762 7 333 0
763 7 783 0
764 6 647 0
765 3 616 0
766 5 885 0
767 6 594 0
768 4 399 0
769 6 560 0
770 7 871 0
771 4 891 0
772 6 234 0
773 11 348 0
774 4 377 0
775 4 757 0
776 6 16 0
777 6 629 0
778 6 982 0
779 7 95 0
780 7 867 0
781 7 589 0
782 4 583 0
783 6 156 0
784 8 576 0
785 6 406 0
786 6 366 0
787 5 925 0
788 8 545 0
789 11 327 0
790 4 389 0
791 3 80 0
792 5 255 0
793 10 600 0
794 3 367 0
795 5 722 0
796 6 578 0
797 5 188 0
798 7 148 0
799 8 899 0
800 7 722 0
801 5 803 0
802 2 306 0
803 6 303 0
804 6 855 0
805 5 51 0
806 5 461 0
807 9 798 0
808 6 574 0
809 4 362 0
810 7 778 0
811 7 709 0
812 5 983 0
813 9 645 0
814 6 761 0
815 4 262 0
816 9 741 0
817 2 239 0
818 6 934 0
819 6 167 0
820 7 822 0
821 10 40 0
822 7 616 0
823 6 39 0
824 6 84 0
825 8 435 0
826 6 960 0
827 10 787 0
828 6 230 0
829 3 132 0
830 3 779 0
831 5 271 0
832 6 183 0
833 6 760 0
834 5 346 0
835 3 905 0
836 6 49 0
837 5 20 0
838 5 180 0
839 5 967 0
840 8 817 0
841 9 927 0
842 6 2 0
843 5 680 0
844 7 487 0
845 5 637 0
846 7 960 0
847 7 69 0
848 7 576 0
849 7 763 0
850 10 445 0
851 3 770 0
852 4 679 0
853 6 534 0
854 3 676 0
855 5 987 0
856 8 132 0
857 6 304 0
858 5 868 0
859 3 797 0
860 5 109 0
861 3 962 0
862 6 175 0
863 5 474 0
864 5 691 0
865 5 938 0
866 6 640 0
867 7 169 0
868 4 199 0
869 8 593 0
870 6 35 0
871 8 32 0
872 7 652 0
873 2 755 0
874 5 872 0
875 9 4 0
876 3 526 0
877 7 240 0
878 9 318 0
879 5 996 0
880 4 780 0
881 7 242 0
882 5 837 0
883 4 643 0
884 5 66 0
885 5 301 0
886 6 770 0
887 6 915 0
888 5 833 0
889 6 239 0
890 7 62 0
891 5 469 0
892 6 643 0
893 6 990 0
894 3 841 0
895 9 839 0
896 6 911 0
897 3 71 0
898 7 544 0
899 7 589 0
900 11 687 0
901 7 524 0
902 8 486 0
903 5 82 0
904 6 375 0
905 5 509 0
906 5 152 0
907 4 250 0
908 6 63 0
909 2 288 0
910 2 482 0
911 6 80 0
912 6 317 0
913 3 315 0
914 6 587 0
915 3 665 0
916 8 150 0
917 3 785 0
918 9 745 0
919 7 229 0
920 8 415 0
921 6 513 0
922 5 2 0
923 7 750 0
924 3 280 0
925 6 877 0
926 8 478 0
927 3 476 0
928 7 600 0
929 5 684 0
930 2 60 0
931 8 801 0
932 6 63 0
933 4 723 0
934 10 219 0
935 6 883 0
936 4 215 0
937 6 965 0
938 5 181 0
939 5 983 0
940 5 183 0
941 6 284 0
942 5 953 0
943 8 615 0
944 3 47 0
945 3 939 0
946 10 18 0
947 5 609 0
948 7 989 0
949 4 84 0
950 5 828 0
951 6 15 0
952 4 501 0
953 9 166 0
954 6 569 0
955 6 334 0
956 4 448 0
957 4 721 0
958 2 139 0
959 4 992 0
960 10 917 0
961 4 792 0
962 10 164 0
963 5 697 0
964 2 791 0
965 9 81 0
966 3 299 0
967 3 240 0
968 10 848 0
969 5 667 0
970 4 74 0
971 7 270 0
972 3 757 0
973 7 880 0
974 4 881 0
975 5 541 0
976 5 401 0
977 8 640 0
978 7 226 0
979 7 893 0
980 6 958 0
981 7 78 0
982 5 954 0
983 8 182 0
984 10 591 0
985 5 34 0
986 6 763 0
987 7 57 0
988 6 806 0
989 6 143 0
990 11 351 0
991 6 204 0
992 6 651 0
993 3 558 0
994 4 452 0
995 6 648 0
996 6 213 0
997 5 278 0
998 6 996 0
999 8 461 0
1000 6 810 0
