1 1 816 0
2 7 464 0
3 5 287 0
4 4 607 0
5 3 300 0
6 5 708 0
7 3 713 0
8 5 647 0
9 8 599 0
10 7 234 0
11 7 208 0
12 2 937 0
13 5 671 0
14 6 976 0
15 3 973 0
16 6 286 0
17 5 571 0
18 8 829 0
19 4 67 0
20 5 919 0
21 4 778 0
22 6 547 0
23 7 730 0
24 4 66 0
25 9 503 0
26 6 823 0
27 4 521 0
28 7 296 0
29 4 403 0
30 6 513 0
31 3 77 0
32 7 363 0
33 9 651 0
34 6 132 0
35 6 25 0
36 5 918 0
37 9 209 0
38 8 146 0
39 7 328 0
40 5 171 0
41 5 80 0
42 4 409 0
43 5 881 0
44 7 734 0
45 5 459 0
46 7 441 0
47 4 542 0
48 10 249 0
49 6 826 0
50 3 860 0
51 5 212 0
52 6 772 0
53 4 867 0
54 7 920 0
55 7 974 0
56 4 703 0
57 6 973 0
58 10 833 0
59 5 289 0
60 4 249 0
61 5 81 0
62 7 582 0
63 5 11 0
64 5 389 0
65 4 16 0
66 7 952 0
67 8 836 0
68 1 153 0
69 4 304 0
70 8 457 0
71 3 694 0
72 13 252 0
73 7 32 0
74 6 521 0
75 7 977 0
76 5 690 0
77 6 393 0
78 3 813 0
79 5 120 0
80 5 443 0
81 5 622 0
82 6 143 0
83 7 330 0
84 5 951 0
85 4 109 0
86 5 194 0
87 6 465 0
88 6 744 0
89 5 584 0
90 5 152 0
91 7 758 0
92 3 18 0
93 3 76 0
94 4 992 0
95 4 666 0
96 7 28 0
97 5 580 0
98 6 687 0
99 2 92 0
100 8 808 0
101 5 538 0
102 7 769 0
103 7 445 0
104 5 664 0
105 3 181 0
106 5 56 0
107 4 769 0
108 3 519 0
109 6 251 0
110 7 642 0
111 7 369 0
112 4 145 0
113 7 304 0
114 5 556 0
115 6 140 0
116 2 880 0
117 5 458 0
118 1 304 0
119 8 534 0
120 7 785 0
121 5 558 0
122 5 647 0
123 6 669 0
124 8 847 0
125 4 935 0
126 8 816 0
127 5 919 0
128 8 871 0
129 5 317 0
130 5 620 0
131 7 960 0
132 5 127 0
133 8 175 0
134 4 839 0
135 7 87 0
136 7 475 0
137 5 738 0
138 7 918 0
139 5 550 0
140 6 825 0
141 6 574 0
142 0 949 0
143 6 480 0
144 7 362 0
145 5 493 0
146 5 144 0
147 3 138 0
148 4 230 0
149 4 510 0
150 5 76 0
151 6 921 0
152 8 953 0
153 3 555 0
154 11 455 0
155 6 583 0
156 6 647 0
157 7 458 0
158 9 3 0
159 8 954 0
160 4 812 0
161 9 250 0
162 8 395 0
163 6 690 0
164 6 675 0
165 6 976 0
166 7 473 0
167 6 443 0
168 3 946 0
169 4 156 0
170 5 24 0
171 7 873 0
172 7 944 0
173 6 498 0
174 4 145 0
175 6 198 0
176 7 482 0
177 4 351 0
178 7 660 0
179 2 930 0
180 6 497 0
181 6 944 0
182 8 53 0
183 3 642 0
184 7 962 0
185 4 139 0
186 5 679 0
187 3 115 0
188 5 695 0
189 7 757 0
190 6 373 0
191 5 472 0
192 4 608 0
193 3 560 0
194 5 398 0
195 7 362 0
196 10 624 0
197 5 756 0
198 7 662 0
199 5 786 0
200 4 93 0
201 3 152 0
202 8 733 0
203 3 101 0
204 3 109 0
205 6 507 0
206 4 248 0
207 7 351 0
208 8 87 0
209 5 407 0
210 9 512 0
211 8 846 0
212 6 805 0
213 5 143 0
214 8 538 0
215 5 621 0
216 6 960 0
217 3 586 0
218 4 330 0
219 8 654 0
220 7 565 0
221 5 760 0
222 8 587 0
223 4 158 0
224 8 833 0
225 7 702 0
226 3 269 0
227 5 36 0
228 6 218 0
229 6 488 0
230 6 291 0
231 2 50 0
232 5 613 0
233 2 801 0
234 6 18 0
235 4 596 0
236 6 34 0
237 6 235 0
238 6 287 0
239 6 628 0
240 4 761 0
241 6 717 0
242 1 930 0
243 2 144 0
244 7 437 0
245 2 841 0
246 5 683 0
247 4 617 0
248 6 505 0
249 5 332 0
250 7 809 0
251 6 223 0
252 9 636 0
253 10 622 0
254 8 347 0
255 8 209 0
256 2 131 0
257 5 260 0
258 4 414 0
259 6 336 0
260 8 446 0
261 6 968 0
262 4 970 0
263 7 773 0
264 0 394 0
265 3 245 0
266 7 716 0
267 7 151 0
268 8 923 0
269 4 385 0
270 8 610 0
271 4 161 0
272 4 781 0
273 6 505 0
274 6 23 0
275 5 31 0
276 7 867 0
277 8 239 0
278 6 16 0
279 5 394 0
280 7 93 0
281 4 497 0
282 4 499 0
283 6 983 0
284 4 804 0
285 10 184 0
286 8 647 0
287 4 453 0
288 5 375 0
289 3 498 0
290 6 176 0
291 7 916 0
292 5 146 0
293 4 353 0
294 3 401 0
295 7 844 0
296 5 432 0
297 6 920 0
298 4 811 0
299 4 350 0
300 6 690 0
301 4 812 0
302 6 649 0
303 4 713 0
304 3 675 0
305 6 61 0
306 5 528 0
307 6 400 0
308 8 781 0
309 5 130 0
310 7 851 0
311 4 186 0
312 6 285 0
313 3 227 0
314 7 795 0
315 6 867 0
316 6 133 0
317 6 798 0
318 4 503 0
319 3 714 0
320 5 526 0
321 4 119 0
322 5 32 0
323 8 672 0
324 9 201 0
325 6 750 0
326 6 376 0
327 4 177 0
328 4 101 0
329 0 349 0
330 3 969 0
331 4 132 0
332 1 594 0
333 6 120 0
334 4 873 0
335 10 618 0
336 7 387 0
337 5 473 0
338 7 535 0
339 10 736 0
340 10 963 0
341 6 184 0
342 6 966 0
343 3 891 0
344 7 583 0
345 6 383 0
346 8 886 0
347 6 170 0
348 3 636 0
349 7 520 0
350 3 356 0
351 5 575 0
352 7 410 0
353 9 537 0
354 6 77 0
355 4 639 0
356 6 459 0
357 4 357 0
358 7 353 0
359 8 776 0
360 8 334 0
361 8 567 0
362 4 76 0
363 7 845 0
364 4 488 0
365 5 687 0
366 7 311 0
367 10 183 0
368 8 635 0
369 5 617 0
370 6 313 0
371 4 821 0
372 7 617 0
373 4 402 0
374 2 350 0
375 4 769 0
376 7 578 0
377 3 314 0
378 5 248 0
379 6 57 0
380 7 792 0
381 7 926 0
382 3 99 0
383 6 198 0
384 7 524 0
385 3 830 0
386 5 542 0
387 6 80 0
388 5 403 0
389 7 202 0
390 9 5 0
391 10 485 0
392 4 916 0
393 8 153 0
394 5 154 0
395 7 156 0
396 9 202 0
397 4 272 0
398 8 729 0
399 4 931 0
400 6 415 0
401 5 604 0
402 6 427 0
403 10 859 0
404 3 705 0
405 7 729 0
406 7 631 0
407 7 979 0
408 6 480 0
409 7 99 0
410 8 395 0
411 7 362 0
412 6 388 0
413 1 652 0
414 4 794 0
415 5 359 0
416 11 750 0
417 7 580 0
418 8 651 0
419 6 615 0
420 7 115 0
421 6 781 0
422 5 885 0
423 5 226 0
424 10 995 0
425 4 403 0
426 8 931 0
427 7 97 0
428 4 994 0
429 3 890 0
430 10 188 0
431 1 769 0
432 1 132 0
433 9 306 0
434 7 742 0
435 5 796 0
436 9 389 0
437 9 295 0
438 8 343 0
439 5 854 0
440 1 119 0
441 4 77 0
442 7 51 0
443 6 824 0
444 7 973 0
445 8 658 0
446 6 888 0
447 6 550 0
448 5 43 0
449 6 811 0
450 4 90 0
451 2 290 0
452 7 718 0
453 7 202 0
454 6 419 0
455 5 991 0
456 5 953 0
457 7 541 0
458 5 702 0
459 6 470 0
460 6 767 0
461 5 338 0
462 8 55 0
463 6 647 0
464 8 477 0
465 6 885 0
466 2 69 0
467 8 656 0
468 1 879 0
469 5 427 0
470 9 775 0
471 7 282 0
472 8 444 0
473 5 393 0
474 8 405 0
475 3 848 0
476 5 678 0
477 7 26 0
478 6 807 0
479 3 134 0
480 5 985 0
481 8 220 0
482 6 410 0
483 7 583 0
484 3 200 0
485 5 345 0
486 8 479 0
487 4 736 0
488 8 672 0
489 8 830 0
490 6 424 0
491 4 520 0
492 2 12 0
493 4 407 0
494 5 642 0
495 6 389 0
496 5 334 0
497 5 959 0
498 3 992 0
499 4 946 0
500 6 790 0
501 3 925 0
502 4 257 0
503 6 540 0
504 7 315 0
505 4 421 0
506 7 297 0
507 4 295 0
508 0 904 0
509 5 844 0
510 6 952 0
511 3 612 0
512 6 136 0
513 6 768 0
514 3 463 0
515 3 213 0
516 8 403 0
517 7 593 0
518 3 304 0
519 6 187 0
520 3 640 0
521 5 176 0
522 9 49 0
523 5 299 0
524 3 568 0
525 4 388 0
526 6 410 0
527 5 322 0
528 4 960 0
529 7 227 0
530 7 888 0
531 4 672 0
532 3 612 0
533 3 502 0
534 5 986 0
535 5 464 0
536 4 579 0
537 0 974 0
538 6 379 0
539 6 91 0
540 1 763 0
541 3 893 0
542 8 480 0
543 5 724 0
544 9 770 0
545 6 528 0
546 7 517 0
547 6 844 0
548 6 208 0
549 5 256 0
550 7 675 0
551 6 621 0
552 2 602 0
553 5 388 0
554 4 356 0
555 4 230 0
556 6 409 0
557 3 825 0
558 8 865 0
559 4 365 0
560 6 271 0
561 6 814 0
562 5 227 0
563 1 271 0
564 5 156 0
565 7 632 0
566 3 241 0
567 6 316 0
568 4 104 0
569 5 343 0
570 3 156 0
571 5 502 0
572 3 471 0
573 8 959 0
574 8 859 0
575 9 914 0
576 6 652 0
577 6 336 0
578 9 120 0
579 5 711 0
580 3 814 0
581 8 348 0
582 3 938 0
583 8 541 0
584 6 950 0
585 10 452 0
586 4 735 0
587 5 999 0
588 5 135 0
589 6 525 0
590 3 395 0
591 7 192 0
592 7 828 0
593 5 652 0
594 7 182 0
595 3 844 0
596 3 541 0
597 8 531 0
598 6 352 0
599 8 554 0
600 9 871 0
601 7 775 0
602 6 26 0
603 9 837 0
604 8 251 0
605 3 904 0
606 4 713 0
607 7 115 0
608 6 233 0
609 3 868 0
610 7 891 0
611 5 964 0
612 9 591 0
613 4 584 0
614 3 224 0
615 7 877 0
616 7 200 0
617 4 656 0
618 5 400 0
619 6 354 0
620 8 80 0
621 6 298 0
622 2 271 0
623 6 150 0
624 2 485 0
625 5 331 0
626 5 590 0
627 8 486 0
628 5 406 0
629 6 154 0
630 5 57 0
631 7 218 0
632 8 871 0
633 5 321 0
634 9 252 0
635 1 510 0
636 4 342 0
637 5 900 0
638 6 826 0
639 6 120 0
640 6 341 0
641 4 360 0
642 8 710 0
643 4 268 0
644 5 860 0
645 4 388 0
646 6 805 0
647 6 401 0
648 7 271 0
649 10 910 0
650 5 834 0
651 5 345 0
652 7 43 0
653 8 363 0
654 7 877 0
655 6 847 0
656 6 523 0
657 7 84 0
658 6 370 0
659 4 130 0
660 4 356 0
661 4 896 0
662 11 408 0
663 3 907 0
664 6 314 0
665 6 274 0
666 5 648 0
667 6 255 0
668 4 952 0
669 6 949 0
670 7 74 0
671 6 517 0
672 3 42 0
673 6 354 0
674 4 863 0
675 7 330 0
676 9 661 0
677 5 985 0
678 7 935 0
679 8 162 0
680 8 786 0
681 6 389 0
682 6 736 0
683 5 909 0
684 3 903 0
685 4 487 0
686 6 242 0
687 7 49 0
688 2 761 0
689 5 643 0
690 6 345 0
691 3 512 0
692 8 202 0
693 7 93 0
694 5 653 0
695 5 195 0
696 6 5 0
697 3 243 0
698 6 187 0
699 6 70 0
700 4 877 0
701 8 902 0
702 5 283 0
703 7 515 0
704 5 664 0
705 9 923 0
706 4 286 0
707 4 281 0
708 5 536 0
709 5 835 0
710 5 790 0
711 5 469 0
712 5 16 0
713 7 451 0
714 3 916 0
715 5 271 0
716 6 827 0
717 7 818 0
718 6 814 0
719 8 976 0
720 4 12 0
721 4 929 0
722 6 794 0
723 8 514 0
724 7 728 0
725 5 195 0
726 6 678 0
727 4 811 0
728 5 26 0
729 5 668 0
730 5 453 0
731 6 46 0
732 5 310 0
733 8 76 0
734 6 929 0
735 5 988 0
736 3 570 0
737 8 168 0
738 9 26 0
739 11 134 0
740 4 306 0
741 6 636 0
742 6 385 0
743 5 434 0
744 7 32 0
745 8 397 0
746 5 89 0
747 10 348 0
748 2 456 0
749 7 461 0
750 7 519 0
751 7 915 0
752 8 556 0
753 4 702 0
754 3 382 0
755 10 18 0
756 7 970 0
757 7 493 0
758 8 44 0
759 8 496 0
760 5 794 0
761 7 742 0
762 8 792 0
763 7 369 0
764 8 778 0
765 8 747 0
766 1 708 0
767 0 301 0
768 7 954 0
769 7 309 0
770 5 1 0
771 3 938 0
772 3 836 0
773 8 283 0
774 9 837 0
775 5 688 0
776 6 885 0
777 2 367 0
778 4 222 0
779 8 388 0
780 3 205 0
781 4 298 0
782 6 780 0
783 10 776 0
784 5 866 0
785 5 564 0
786 6 96 0
787 7 896 0
788 9 735 0
789 5 951 0
790 3 631 0
791 7 636 0
792 5 171 0
793 6 136 0
794 5 224 0
795 5 156 0
796 9 737 0
797 2 253 0
798 5 698 0
799 9 96 0
800 7 613 0
801 3 911 0
802 7 364 0
803 7 666 0
804 6 647 0
805 0 783 0
806 5 199 0
807 2 96 0
808 4 51 0
809 3 74 0
810 7 144 0
811 8 320 0
812 5 542 0
813 8 539 0
814 5 801 0
815 3 397 0
816 5 327 0
817 7 310 0
818 6 349 0
819 5 616 0
820 3 776 0
821 4 786 0
822 9 558 0
823 6 927 0
824 6 64 0
825 6 270 0
826 5 984 0
827 6 947 0
828 5 248 0
829 9 331 0
830 6 205 0
831 2 628 0
832 4 599 0
833 4 729 0
834 6 513 0
835 6 856 0
836 5 598 0
837 7 377 0
838 4 321 0
839 4 306 0
840 5 108 0
841 10 211 0
842 7 639 0
843 4 505 0
844 4 262 0
845 4 946 0
846 7 395 0
847 7 377 0
848 3 378 0
849 10 973 0
850 6 203 0
851 7 550 0
852 7 211 0
853 2 713 0
854 3 33 0
855 4 547 0
856 8 287 0
857 3 966 0
858 8 287 0
859 7 975 0
860 3 894 0
861 3 877 0
862 3 652 0
863 5 841 0
864 5 539 0
865 5 626 0
866 9 32 0
867 4 761 0
868 4 930 0
869 3 425 0
870 7 342 0
871 3 879 0
872 5 429 0
873 6 311 0
874 5 153 0
875 8 127 0
876 8 121 0
877 7 307 0
878 5 65 0
879 0 875 0
880 8 588 0
881 3 149 0
882 5 466 0
883 4 670 0
884 6 422 0
885 6 219 0
886 5 219 0
887 5 7 0
888 6 654 0
889 3 499 0
890 5 749 0
891 8 841 0
892 4 780 0
893 2 15 0
894 4 667 0
895 7 304 0
896 7 686 0
897 9 187 0
898 5 861 0
899 6 224 0
900 8 898 0
901 8 97 0
902 6 520 0
903 6 527 0
904 7 510 0
905 3 547 0
906 4 858 0
907 5 312 0
908 4 678 0
909 9 758 0
910 5 762 0
911 6 725 0
912 3 789 0
913 7 817 0
914 8 204 0
915 6 385 0
916 6 348 0
917 4 956 0
918 9 405 0
919 3 904 0
920 6 189 0
921 4 795 0
922 4 591 0
923 4 737 0
924 7 60 0
925 7 88 0
926 7 22 0
927 2 903 0
928 7 417 0
929 6 760 0
930 5 867 0
931 5 370 0
932 7 418 0
933 3 936 0
934 5 213 0
935 3 210 0
936 3 867 0
937 6 418 0
938 8 212 0
939 8 650 0
940 3 183 0
941 6 502 0
942 4 489 0
943 6 768 0
944 1 643 0
945 8 674 0
946 5 920 0
947 8 550 0
948 4 488 0
949 5 665 0
950 6 762 0
951 5 152 0
952 5 835 0
953 6 390 0
954 3 581 0
955 4 348 0
956 6 522 0
957 7 322 0
958 1 544 0
959 9 95 0
960 8 537 0
961 4 232 0
962 3 200 0
963 8 972 0
964 6 985 0
965 4 423 0
966 9 544 0
967 12 274 0
968 3 715 0
969 6 391 0
970 4 416 0
971 5 848 0
972 3 562 0
973 5 176 0
974 5 958 0
975 5 676 0
976 4 839 0
977 7 967 0
978 5 147 0
979 6 629 0
980 4 97 0
981 3 212 0
982 4 816 0
983 8 584 0
984 5 310 0
985 5 820 0
986 7 472 0
987 4 265 0
988 4 403 0
989 7 309 0
990 7 98 0
991 7 977 0
992 6 150 0
993 4 538 0
994 5 447 0
995 5 383 0
996 7 990 0
997 8 524 0
998 3 374 0
999 5 93 0
1000 4 695 0
