1 6 0 0
2 7 0 0
3 5 0 0
4 2 0 0
5 4 0 0
6 7 0 0
7 5 0 0
8 4 0 0
9 8 0 0
10 5 0 0
11 3 0 0
12 8 0 0
13 8 0 0
14 6 0 0
15 5 0 0
16 4 0 0
17 7 0 0
18 5 0 0
19 5 0 0
20 8 0 0
21 5 0 0
22 5 0 0
23 8 0 0
24 8 0 0
25 2 0 0
26 5 0 0
27 7 0 0
28 3 0 0
29 3 0 0
30 9 0 0
31 6 0 0
32 4 0 0
33 7 0 0
34 5 0 0
35 5 0 0
36 5 0 0
37 6 0 0
38 5 0 0
39 8 0 0
40 6 0 0
41 8 0 0
42 6 0 0
43 3 0 0
44 5 0 0
45 4 0 0
46 5 0 0
47 3 0 0
48 4 0 0
49 3 0 0
50 4 0 0
51 3 0 0
52 7 0 0
53 4 0 0
54 5 0 0
55 7 0 0
56 4 0 0
57 6 0 0
58 7 0 0
59 6 0 0
60 4 0 0
61 7 0 0
62 9 0 0
63 4 0 0
64 2 0 0
65 6 0 0
66 7 0 0
67 6 0 0
68 8 0 0
69 8 0 0
70 4 0 0
71 7 0 0
72 7 0 0
73 5 0 0
74 8 0 0
75 4 0 0
76 7 0 0
77 6 0 0
78 7 0 0
79 3 0 0
80 6 0 0
81 7 0 0
82 7 0 0
83 6 0 0
84 6 0 0
85 4 0 0
86 1 0 0
87 4 0 0
88 7 0 0
89 6 0 0
90 5 0 0
91 6 0 0
92 5 0 0
93 1 0 0
94 6 0 0
95 8 0 0
96 5 0 0
97 4 0 0
98 6 0 0
99 4 0 0
100 6 0 0
101 7 0 0
102 5 0 0
103 6 0 0
104 2 0 0
105 2 0 0
106 11 0 0
107 7 0 0
108 7 0 0
109 5 0 0
110 3 0 0
111 5 0 0
112 6 0 0
113 5 0 0
114 4 0 0
115 8 0 0
116 3 0 0
117 3 0 0
118 4 0 0
119 5 0 0
120 5 0 0
121 9 0 0
122 6 0 0
123 5 0 0
124 7 0 0
125 4 0 0
126 5 0 0
127 7 0 0
128 5 0 0
129 5 0 0
130 6 0 0
131 6 0 0
132 3 0 0
133 5 0 0
134 6 0 0
135 5 0 0
136 8 0 0
137 6 0 0
138 8 0 0
139 5 0 0
140 6 0 0
141 9 0 0
142 6 0 0
143 5 0 0
144 2 0 0
145 6 0 0
146 5 0 0
147 5 0 0
148 8 0 0
149 8 0 0
150 6 0 0
151 5 0 0
152 8 0 0
153 2 0 0
154 5 0 0
155 6 0 0
156 6 0 0
157 6 0 0
158 6 0 0
159 7 0 0
160 10 0 0
161 3 0 0
162 8 0 0
163 9 0 0
164 6 0 0
165 8 0 0
166 5 0 0
167 3 0 0
168 8 0 0
169 9 0 0
170 6 0 0
171 5 0 0
172 5 0 0
173 4 0 0
174 6 0 0
175 6 0 0
176 5 0 0
177 5 0 0
178 6 0 0
179 9 0 0
180 4 0 0
181 7 0 0
182 6 0 0
183 6 0 0
184 5 0 0
185 9 0 0
186 8 0 0
187 4 0 0
188 5 0 0
189 6 0 0
190 8 0 0
191 3 0 0
192 7 0 0
193 4 0 0
194 4 0 0
195 5 0 0
196 5 0 0
197 4 0 0
198 4 0 0
199 5 0 0
200 4 0 0
201 8 0 0
202 6 0 0
203 4 0 0
204 4 0 0
205 1 0 0
206 7 0 0
207 5 0 0
208 1 0 0
209 4 0 0
210 2 0 0
211 6 0 0
212 9 0 0
213 6 0 0
214 9 0 0
215 5 0 0
216 7 0 0
217 7 0 0
218 4 0 0
219 7 0 0
220 3 0 0
221 7 0 0
222 4 0 0
223 1 0 0
224 5 0 0
225 9 0 0
226 4 0 0
227 8 0 0
228 7 0 0
229 5 0 0
230 8 0 0
231 6 0 0
232 5 0 0
233 4 0 0
234 4 0 0
235 5 0 0
236 6 0 0
237 4 0 0
238 7 0 0
239 10 0 0
240 2 0 0
241 5 0 0
242 6 0 0
243 2 0 0
244 4 0 0
245 6 0 0
246 6 0 0
247 5 0 0
248 4 0 0
249 6 0 0
250 2 0 0
251 4 0 0
252 6 0 0
253 4 0 0
254 11 0 0
255 7 0 0
256 4 0 0
257 4 0 0
258 8 0 0
259 5 0 0
260 6 0 0
261 3 0 0
262 7 0 0
263 6 0 0
264 3 0 0
265 6 0 0
266 7 0 0
267 3 0 0
268 3 0 0
269 3 0 0
270 7 0 0
271 5 0 0
272 5 0 0
273 6 0 0
274 7 0 0
275 7 0 0
276 3 0 0
277 6 0 0
278 8 0 0
279 9 0 0
280 8 0 0
281 6 0 0
282 7 0 0
283 8 0 0
284 5 0 0
285 8 0 0
286 11 0 0
287 3 0 0
288 6 0 0
289 3 0 0
290 5 0 0
291 2 0 0
292 5 0 0
293 7 0 0
294 4 0 0
295 5 0 0
296 4 0 0
297 3 0 0
298 5 0 0
299 6 0 0
300 6 0 0
301 9 0 0
302 4 0 0
303 4 0 0
304 4 0 0
305 6 0 0
306 5 0 0
307 1 0 0
308 4 0 0
309 7 0 0
310 5 0 0
311 3 0 0
312 5 0 0
313 4 0 0
314 4 0 0
315 6 0 0
316 4 0 0
317 8 0 0
318 6 0 0
319 7 0 0
320 7 0 0
321 8 0 0
322 7 0 0
323 7 0 0
324 5 0 0
325 5 0 0
326 5 0 0
327 6 0 0
328 6 0 0
329 5 0 0
330 3 0 0
331 6 0 0
332 7 0 0
333 7 0 0
334 8 0 0
335 4 0 0
336 3 0 0
337 12 0 0
338 6 0 0
339 5 0 0
340 6 0 0
341 9 0 0
342 6 0 0
343 3 0 0
344 9 0 0
345 7 0 0
346 4 0 0
347 4 0 0
348 3 0 0
349 7 0 0
350 5 0 0
351 6 0 0
352 6 0 0
353 8 0 0
354 9 0 0
355 5 0 0
356 7 0 0
357 5 0 0
358 8 0 0
359 4 0 0
360 3 0 0
361 4 0 0
362 3 0 0
363 6 0 0
364 1 0 0
365 4 0 0
366 5 0 0
367 4 0 0
368 5 0 0
369 4 0 0
370 6 0 0
371 9 0 0
372 6 0 0
373 9 0 0
374 7 0 0
375 7 0 0
376 8 0 0
377 7 0 0
378 4 0 0
379 8 0 0
380 5 0 0
381 6 0 0
382 6 0 0
383 5 0 0
384 6 0 0
385 7 0 0
386 6 0 0
387 7 0 0
388 5 0 0
389 7 0 0
390 6 0 0
391 3 0 0
392 7 0 0
393 6 0 0
394 3 0 0
395 4 0 0
396 6 0 0
397 5 0 0
398 10 0 0
399 4 0 0
400 2 0 0
401 5 0 0
402 7 0 0
403 3 0 0
404 5 0 0
405 5 0 0
406 10 0 0
407 5 0 0
408 9 0 0
409 4 0 0
410 3 0 0
411 8 0 0
412 8 0 0
413 3 0 0
414 4 0 0
415 8 0 0
416 6 0 0
417 4 0 0
418 7 0 0
419 9 0 0
420 7 0 0
421 7 0 0
422 5 0 0
423 4 0 0
424 8 0 0
425 3 0 0
426 4 0 0
427 7 0 0
428 6 0 0
429 6 0 0
430 4 0 0
431 8 0 0
432 5 0 0
433 4 0 0
434 5 0 0
435 4 0 0
436 7 0 0
437 6 0 0
438 0 0 0
439 4 0 0
440 8 0 0
441 5 0 0
442 8 0 0
443 4 0 0
444 6 0 0
445 2 0 0
446 6 0 0
447 7 0 0
448 4 0 0
449 3 0 0
450 6 0 0
451 1 0 0
452 9 0 0
453 6 0 0
454 8 0 0
455 7 0 0
456 7 0 0
457 6 0 0
458 8 0 0
459 7 0 0
460 3 0 0
461 6 0 0
462 6 0 0
463 9 0 0
464 1 0 0
465 4 0 0
466 4 0 0
467 3 0 0
468 6 0 0
469 6 0 0
470 7 0 0
471 6 0 0
472 6 0 0
473 5 0 0
474 6 0 0
475 4 0 0
476 4 0 0
477 5 0 0
478 4 0 0
479 7 0 0
480 10 0 0
481 4 0 0
482 4 0 0
483 6 0 0
484 1 0 0
485 8 0 0
486 4 0 0
487 6 0 0
488 8 0 0
489 8 0 0
490 6 0 0
491 6 0 0
492 6 0 0
493 8 0 0
494 6 0 0
495 6 0 0
496 8 0 0
497 7 0 0
498 9 0 0
499 6 0 0
500 6 0 0
501 3 0 0
502 4 0 0
503 3 0 0
504 5 0 0
505 5 0 0
506 7 0 0
507 5 0 0
508 4 0 0
509 4 0 0
510 6 0 0
511 9 0 0
512 7 0 0
513 5 0 0
514 7 0 0
515 5 0 0
516 7 0 0
517 4 0 0
518 6 0 0
519 8 0 0
520 6 0 0
521 6 0 0
522 4 0 0
523 4 0 0
524 6 0 0
525 5 0 0
526 6 0 0
527 5 0 0
528 10 0 0
529 5 0 0
530 6 0 0
531 7 0 0
532 5 0 0
533 5 0 0
534 4 0 0
535 7 0 0
536 8 0 0
537 9 0 0
538 5 0 0
539 7 0 0
540 5 0 0
541 5 0 0
542 9 0 0
543 9 0 0
544 9 0 0
545 4 0 0
546 1 0 0
547 6 0 0
548 5 0 0
549 5 0 0
550 7 0 0
551 4 0 0
552 5 0 0
553 5 0 0
554 5 0 0
555 6 0 0
556 6 0 0
557 2 0 0
558 1 0 0
559 3 0 0
560 5 0 0
561 5 0 0
562 8 0 0
563 4 0 0
564 4 0 0
565 6 0 0
566 7 0 0
567 4 0 0
568 5 0 0
569 7 0 0
570 6 0 0
571 7 0 0
572 2 0 0
573 13 0 0
574 8 0 0
575 10 0 0
576 7 0 0
577 2 0 0
578 5 0 0
579 8 0 0
580 3 0 0
581 6 0 0
582 5 0 0
583 7 0 0
584 3 0 0
585 6 0 0
586 6 0 0
587 8 0 0
588 4 0 0
589 5 0 0
590 5 0 0
591 6 0 0
592 4 0 0
593 6 0 0
594 7 0 0
595 4 0 0
596 6 0 0
597 6 0 0
598 5 0 0
599 6 0 0
600 6 0 0
601 3 0 0
602 6 0 0
603 2 0 0
604 8 0 0
605 7 0 0
606 5 0 0
607 8 0 0
608 4 0 0
609 2 0 0
610 8 0 0
611 5 0 0
612 7 0 0
613 5 0 0
614 9 0 0
615 5 0 0
616 7 0 0
617 1 0 0
618 6 0 0
619 5 0 0
620 7 0 0
621 6 0 0
622 7 0 0
623 7 0 0
624 7 0 0
625 6 0 0
626 7 0 0
627 6 0 0
628 9 0 0
629 7 0 0
630 5 0 0
631 3 0 0
632 5 0 0
633 6 0 0
634 7 0 0
635 5 0 0
636 5 0 0
637 7 0 0
638 5 0 0
639 6 0 0
640 7 0 0
641 5 0 0
642 4 0 0
643 5 0 0
644 5 0 0
645 6 0 0
646 6 0 0
647 7 0 0
648 2 0 0
649 6 0 0
650 10 0 0
651 7 0 0
652 8 0 0
653 8 0 0
654 9 0 0
655 3 0 0
656 5 0 0
657 7 0 0
658 4 0 0
659 4 0 0
660 4 0 0
661 7 0 0
662 5 0 0
663 0 0 0
664 2 0 0
665 3 0 0
666 5 0 0
667 5 0 0
668 4 0 0
669 4 0 0
670 9 0 0
671 5 0 0
672 7 0 0
673 7 0 0
674 9 0 0
675 5 0 0
676 7 0 0
677 7 0 0
678 4 0 0
679 8 0 0
680 5 0 0
681 7 0 0
682 5 0 0
683 8 0 0
684 6 0 0
685 7 0 0
686 7 0 0
687 1 0 0
688 8 0 0
689 3 0 0
690 1 0 0
691 4 0 0
692 7 0 0
693 4 0 0
694 6 0 0
695 5 0 0
696 5 0 0
697 7 0 0
698 7 0 0
699 6 0 0
700 5 0 0
701 5 0 0
702 6 0 0
703 8 0 0
704 8 0 0
705 4 0 0
706 5 0 0
707 9 0 0
708 6 0 0
709 3 0 0
710 9 0 0
711 4 0 0
712 5 0 0
713 7 0 0
714 6 0 0
715 5 0 0
716 6 0 0
717 5 0 0
718 6 0 0
719 8 0 0
720 4 0 0
721 4 0 0
722 5 0 0
723 4 0 0
724 8 0 0
725 9 0 0
726 6 0 0
727 3 0 0
728 6 0 0
729 6 0 0
730 3 0 0
731 5 0 0
732 6 0 0
733 5 0 0
734 4 0 0
735 7 0 0
736 5 0 0
737 4 0 0
738 7 0 0
739 5 0 0
740 7 0 0
741 5 0 0
742 7 0 0
743 7 0 0
744 7 0 0
745 5 0 0
746 5 0 0
747 5 0 0
748 7 0 0
749 6 0 0
750 5 0 0
751 6 0 0
752 6 0 0
753 3 0 0
754 8 0 0
755 5 0 0
756 5 0 0
757 6 0 0
758 6 0 0
759 4 0 0
760 5 0 0
761 4 0 0
762 4 0 0
763 4 0 0
764 8 0 0
765 8 0 0
766 6 0 0
767 3 0 0
768 5 0 0
769 7 0 0
770 4 0 0
771 4 0 0
772 6 0 0
773 7 0 0
774 6 0 0
775 3 0 0
776 4 0 0
777 5 0 0
778 6 0 0
779 5 0 0
780 7 0 0
781 7 0 0
782 4 0 0
783 4 0 0
784 4 0 0
785 5 0 0
786 5 0 0
787 7 0 0
788 4 0 0
789 7 0 0
790 6 0 0
791 1 0 0
792 1 0 0
793 6 0 0
794 3 0 0
795 6 0 0
796 7 0 0
797 3 0 0
798 7 0 0
799 6 0 0
800 4 0 0
801 4 0 0
802 6 0 0
803 5 0 0
804 9 0 0
805 5 0 0
806 5 0 0
807 4 0 0
808 8 0 0
809 3 0 0
810 7 0 0
811 7 0 0
812 6 0 0
813 4 0 0
814 1 0 0
815 5 0 0
816 5 0 0
817 3 0 0
818 6 0 0
819 7 0 0
820 3 0 0
821 6 0 0
822 4 0 0
823 5 0 0
824 2 0 0
825 6 0 0
826 6 0 0
827 3 0 0
828 6 0 0
829 5 0 0
830 7 0 0
831 4 0 0
832 2 0 0
833 4 0 0
834 5 0 0
835 4 0 0
836 8 0 0
837 5 0 0
838 8 0 0
839 5 0 0
840 5 0 0
841 6 0 0
842 4 0 0
843 6 0 0
844 7 0 0
845 2 0 0
846 5 0 0
847 2 0 0
848 3 0 0
849 7 0 0
850 0 0 0
851 3 0 0
852 2 0 0
853 7 0 0
854 5 0 0
855 5 0 0
856 7 0 0
857 7 0 0
858 6 0 0
859 4 0 0
860 3 0 0
861 6 0 0
862 4 0 0
863 7 0 0
864 6 0 0
865 6 0 0
866 2 0 0
867 4 0 0
868 3 0 0
869 6 0 0
870 8 0 0
871 8 0 0
872 5 0 0
873 8 0 0
874 5 0 0
875 9 0 0
876 5 0 0
877 6 0 0
878 2 0 0
879 9 0 0
880 8 0 0
881 6 0 0
882 4 0 0
883 5 0 0
884 3 0 0
885 8 0 0
886 7 0 0
887 6 0 0
888 6 0 0
889 5 0 0
890 6 0 0
891 6 0 0
892 6 0 0
893 4 0 0
894 3 0 0
895 8 0 0
896 8 0 0
897 6 0 0
898 6 0 0
899 7 0 0
900 5 0 0
901 7 0 0
902 6 0 0
903 5 0 0
904 4 0 0
905 5 0 0
906 4 0 0
907 7 0 0
908 5 0 0
909 2 0 0
910 6 0 0
911 9 0 0
912 4 0 0
913 7 0 0
914 7 0 0
915 8 0 0
916 10 0 0
917 7 0 0
918 5 0 0
919 5 0 0
920 6 0 0
921 3 0 0
922 1 0 0
923 3 0 0
924 4 0 0
925 4 0 0
926 6 0 0
927 5 0 0
928 5 0 0
929 9 0 0
930 7 0 0
931 8 0 0
932 7 0 0
933 7 0 0
934 8 0 0
935 8 0 0
936 5 0 0
937 6 0 0
938 5 0 0
939 6 0 0
940 7 0 0
941 4 0 0
942 4 0 0
943 6 0 0
944 6 0 0
945 2 0 0
946 5 0 0
947 3 0 0
948 4 0 0
949 3 0 0
950 6 0 0
951 3 0 0
952 6 0 0
953 5 0 0
954 6 0 0
955 2 0 0
956 1 0 0
957 6 0 0
958 6 0 0
959 5 0 0
960 5 0 0
961 6 0 0
962 8 0 0
963 2 0 0
964 5 0 0
965 5 0 0
966 7 0 0
967 3 0 0
968 6 0 0
969 3 0 0
970 7 0 0
971 5 0 0
972 3 0 0
973 8 0 0
974 6 0 0
975 5 0 0
976 7 0 0
977 8 0 0
978 11 0 0
979 8 0 0
980 5 0 0
981 6 0 0
982 4 0 0
983 9 0 0
984 3 0 0
985 6 0 0
986 4 0 0
987 7 0 0
988 5 0 0
989 7 0 0
990 9 0 0
991 5 0 0
992 6 0 0
993 7 0 0
994 6 0 0
995 6 0 0
996 5 0 0
997 5 0 0
998 4 0 0
999 2 0 0
1000 5 0 0
