1 4 470 0
2 5 301 0
3 3 853 0
4 6 537 0
5 4 308 0
6 5 795 0
7 5 324 0
8 5 510 0
9 7 66 0
10 5 603 0
11 4 603 0
12 3 548 0
13 5 89 0
14 7 523 0
15 8 803 0
16 3 73 0
17 1 577 0
18 6 701 0
19 4 195 0
20 7 875 0
21 5 884 0
22 7 988 0
23 4 287 0
24 4 18 0
25 6 905 0
26 4 298 0
27 7 721 0
28 8 386 0
29 6 937 0
30 5 737 0
31 4 70 0
32 8 283 0
33 5 94 0
34 3 463 0
35 5 961 0
36 4 97 0
37 7 604 0
38 6 347 0
39 4 982 0
40 4 475 0
41 7 141 0
42 6 268 0
43 5 683 0
44 7 275 0
45 6 459 0
46 8 103 0
47 6 910 0
48 7 497 0
49 3 660 0
50 0 806 0
51 5 551 0
52 6 660 0
53 7 862 0
54 6 534 0
55 8 433 0
56 4 828 0
57 4 520 0
58 7 939 0
59 7 85 0
60 6 850 0
61 4 895 0
62 6 846 0
63 6 244 0
64 3 250 0
65 6 774 0
66 2 400 0
67 9 990 0
68 4 402 0
69 5 159 0
70 8 603 0
71 1 317 0
72 8 882 0
73 2 679 0
74 4 950 0
75 4 219 0
76 6 203 0
77 0 118 0
78 4 23 0
79 7 368 0
80 6 414 0
81 1 347 0
82 4 154 0
83 7 223 0
84 5 180 0
85 10 514 0
86 6 310 0
87 6 857 0
88 5 763 0
89 3 298 0
90 5 456 0
91 7 290 0
92 9 288 0
93 5 283 0
94 6 799 0
95 5 425 0
96 5 622 0
97 7 355 0
98 7 359 0
99 9 892 0
100 3 428 0
101 7 391 0
102 3 978 0
103 5 228 0
104 4 932 0
105 6 572 0
106 5 463 0
107 5 808 0
108 7 95 0
109 6 311 0
110 5 671 0
111 6 612 0
112 7 164 0
113 6 404 0
114 4 633 0
115 4 379 0
116 6 503 0
117 8 619 0
118 5 389 0
119 5 754 0
120 6 52 0
121 6 104 0
122 6 730 0
123 8 228 0
124 3 475 0
125 5 337 0
126 0 301 0
127 4 86 0
128 10 390 0
129 6 980 0
130 7 772 0
131 5 194 0
132 6 198 0
133 5 928 0
134 4 879 0
135 11 23 0
136 7 947 0
137 5 668 0
138 9 362 0
139 2 663 0
140 7 223 0
141 5 591 0
142 5 72 0
143 4 924 0
144 8 542 0
145 8 325 0
146 5 83 0
147 7 996 0
148 6 126 0
149 5 697 0
150 6 434 0
151 3 339 0
152 9 598 0
153 3 105 0
154 8 363 0
155 6 1 0
156 5 448 0
157 3 392 0
158 7 254 0
159 4 945 0
160 5 751 0
161 6 202 0
162 4 118 0
163 4 350 0
164 3 299 0
165 7 264 0
166 8 633 0
167 8 31 0
168 4 42 0
169 4 984 0
170 6 323 0
171 2 135 0
172 4 986 0
173 10 965 0
174 9 494 0
175 5 232 0
176 8 472 0
177 6 816 0
178 10 365 0
179 3 657 0
180 6 110 0
181 5 475 0
182 6 72 0
183 8 748 0
184 3 515 0
185 7 964 0
186 4 593 0
187 5 876 0
188 5 213 0
189 6 245 0
190 2 669 0
191 5 117 0
192 4 399 0
193 4 411 0
194 5 501 0
195 7 10 0
196 3 590 0
197 5 705 0
198 4 820 0
199 6 813 0
200 6 340 0
201 9 287 0
202 7 109 0
203 6 250 0
204 8 156 0
205 7 112 0
206 6 768 0
207 4 9 0
208 7 980 0
209 5 79 0
210 2 765 0
211 4 124 0
212 7 486 0
213 4 180 0
214 10 87 0
215 9 947 0
216 2 88 0
217 5 409 0
218 4 925 0
219 5 104 0
220 6 773 0
221 5 532 0
222 5 934 0
223 5 819 0
224 6 519 0
225 7 337 0
226 4 627 0
227 5 186 0
228 9 95 0
229 4 881 0
230 4 85 0
231 8 678 0
232 7 153 0
233 7 314 0
234 3 549 0
235 5 151 0
236 8 810 0
237 7 879 0
238 2 878 0
239 8 425 0
240 4 255 0
241 6 632 0
242 4 278 0
243 6 672 0
244 5 613 0
245 5 474 0
246 8 20 0
247 7 301 0
248 7 232 0
249 6 293 0
250 5 425 0
251 4 503 0
252 8 607 0
253 3 959 0
254 8 197 0
255 8 553 0
256 9 854 0
257 7 93 0
258 9 504 0
259 4 89 0
260 6 185 0
261 6 78 0
262 5 751 0
263 8 184 0
264 6 460 0
265 2 395 0
266 6 626 0
267 3 61 0
268 8 214 0
269 4 966 0
270 4 97 0
271 8 697 0
272 8 842 0
273 5 126 0
274 4 168 0
275 4 302 0
276 5 281 0
277 9 987 0
278 8 561 0
279 6 370 0
280 8 793 0
281 5 419 0
282 2 680 0
283 6 935 0
284 8 852 0
285 3 801 0
286 4 378 0
287 8 806 0
288 9 481 0
289 3 965 0
290 6 68 0
291 8 227 0
292 4 302 0
293 8 702 0
294 5 946 0
295 11 719 0
296 7 3 0
297 6 549 0
298 11 674 0
299 7 108 0
300 3 935 0
301 4 157 0
302 10 159 0
303 5 130 0
304 9 439 0
305 8 218 0
306 2 767 0
307 6 706 0
308 8 909 0
309 7 965 0
310 7 431 0
311 6 968 0
312 8 313 0
313 8 489 0
314 4 90 0
315 4 744 0
316 4 443 0
317 6 127 0
318 5 309 0
319 6 144 0
320 8 549 0
321 7 717 0
322 5 815 0
323 6 487 0
324 6 146 0
325 2 356 0
326 6 2 0
327 3 472 0
328 9 693 0
329 5 363 0
330 7 140 0
331 2 84 0
332 7 143 0
333 6 478 0
334 7 321 0
335 9 9 0
336 4 314 0
337 8 235 0
338 4 938 0
339 6 458 0
340 5 318 0
341 3 50 0
342 6 429 0
343 8 838 0
344 6 238 0
345 4 703 0
346 4 797 0
347 6 209 0
348 4 731 0
349 1 933 0
350 5 334 0
351 5 936 0
352 5 351 0
353 5 151 0
354 5 725 0
355 3 979 0
356 5 19 0
357 5 346 0
358 7 344 0
359 5 730 0
360 5 481 0
361 3 943 0
362 5 360 0
363 6 987 0
364 5 296 0
365 6 753 0
366 6 900 0
367 6 666 0
368 3 304 0
369 2 266 0
370 6 865 0
371 3 623 0
372 6 820 0
373 8 974 0
374 3 784 0
375 8 494 0
376 4 654 0
377 4 291 0
378 6 670 0
379 5 128 0
380 8 963 0
381 7 801 0
382 4 685 0
383 3 91 0
384 6 774 0
385 5 290 0
386 4 549 0
387 6 79 0
388 7 520 0
389 3 279 0
390 8 955 0
391 5 462 0
392 5 954 0
393 6 737 0
394 5 254 0
395 6 643 0
396 9 568 0
397 4 509 0
398 7 91 0
399 7 517 0
400 7 517 0
401 6 330 0
402 4 420 0
403 5 723 0
404 2 457 0
405 8 845 0
406 3 473 0
407 8 26 0
408 6 69 0
409 5 583 0
410 6 101 0
411 6 280 0
412 6 581 0
413 9 816 0
414 7 977 0
415 10 918 0
416 9 872 0
417 5 181 0
418 5 99 0
419 4 888 0
420 6 806 0
421 6 521 0
422 5 576 0
423 6 870 0
424 5 6 0
425 7 643 0
426 5 734 0
427 6 41 0
428 8 841 0
429 7 430 0
430 6 715 0
431 5 479 0
432 7 567 0
433 7 82 0
434 9 886 0
435 13 113 0
436 3 216 0
437 7 842 0
438 6 540 0
439 6 944 0
440 6 628 0
441 5 872 0
442 4 949 0
443 5 303 0
444 5 646 0
445 4 185 0
446 8 782 0
447 6 797 0
448 3 428 0
449 6 104 0
450 7 887 0
451 9 212 0
452 3 545 0
453 5 52 0
454 1 191 0
455 4 963 0
456 7 438 0
457 6 468 0
458 6 997 0
459 9 538 0
460 6 895 0
461 7 739 0
462 5 414 0
463 8 450 0
464 6 371 0
465 9 595 0
466 5 971 0
467 4 433 0
468 10 917 0
469 3 644 0
470 6 432 0
471 4 478 0
472 9 960 0
473 2 164 0
474 5 770 0
475 3 212 0
476 6 915 0
477 4 698 0
478 6 666 0
479 8 903 0
480 4 434 0
481 4 495 0
482 4 637 0
483 5 342 0
484 6 920 0
485 7 644 0
486 5 521 0
487 4 47 0
488 5 20 0
489 6 291 0
490 1 726 0
491 4 92 0
492 4 133 0
493 6 209 0
494 4 544 0
495 2 278 0
496 6 431 0
497 4 959 0
498 4 453 0
499 7 889 0
500 5 205 0
501 9 23 0
502 6 338 0
503 6 710 0
504 6 223 0
505 9 494 0
506 7 197 0
507 7 953 0
508 7 85 0
509 6 677 0
510 8 670 0
511 8 644 0
512 8 240 0
513 1 45 0
514 3 740 0
515 4 995 0
516 5 430 0
517 5 502 0
518 4 602 0
519 7 487 0
520 9 504 0
521 6 377 0
522 8 132 0
523 4 203 0
524 6 550 0
525 6 327 0
526 7 810 0
527 8 801 0
528 4 757 0
529 5 606 0
530 9 370 0
531 9 626 0
532 4 14 0
533 6 821 0
534 7 673 0
535 6 336 0
536 4 78 0
537 4 194 0
538 6 2 0
539 9 89 0
540 8 107 0
541 6 946 0
542 6 187 0
543 6 726 0
544 6 671 0
545 3 579 0
546 5 176 0
547 4 751 0
548 6 996 0
549 3 562 0
550 5 761 0
551 10 982 0
552 5 766 0
553 5 53 0
554 7 21 0
555 5 639 0
556 5 694 0
557 5 564 0
558 6 436 0
559 4 54 0
560 8 779 0
561 7 74 0
562 3 228 0
563 5 53 0
564 2 579 0
565 6 555 0
566 8 875 0
567 7 35 0
568 4 35 0
569 6 40 0
570 8 122 0
571 2 142 0
572 6 485 0
573 6 668 0
574 8 112 0
575 5 749 0
576 2 246 0
577 3 336 0
578 2 78 0
579 5 102 0
580 5 775 0
581 7 838 0
582 6 732 0
583 4 843 0
584 6 423 0
585 2 168 0
586 8 880 0
587 3 875 0
588 7 53 0
589 3 923 0
590 3 576 0
591 8 369 0
592 4 589 0
593 7 914 0
594 8 74 0
595 8 212 0
596 7 609 0
597 7 234 0
598 3 754 0
599 4 918 0
600 7 14 0
601 8 631 0
602 7 944 0
603 6 251 0
604 8 764 0
605 9 502 0
606 3 516 0
607 5 679 0
608 8 742 0
609 8 88 0
610 4 531 0
611 4 116 0
612 8 26 0
613 5 604 0
614 9 301 0
615 5 995 0
616 6 618 0
617 6 390 0
618 5 871 0
619 6 288 0
620 6 632 0
621 6 125 0
622 4 22 0
623 8 42 0
624 7 925 0
625 7 127 0
626 5 417 0
627 3 876 0
628 4 32 0
629 4 462 0
630 2 373 0
631 8 208 0
632 5 796 0
633 6 113 0
634 6 345 0
635 5 898 0
636 5 399 0
637 8 728 0
638 3 486 0
639 5 464 0
640 6 82 0
641 8 233 0
642 3 101 0
643 5 184 0
644 2 709 0
645 6 643 0
646 6 538 0
647 5 230 0
648 5 359 0
649 8 541 0
650 6 649 0
651 4 572 0
652 9 430 0
653 8 295 0
654 7 26 0
655 4 614 0
656 2 532 0
657 8 343 0
658 4 290 0
659 5 155 0
660 6 191 0
661 5 875 0
662 7 230 0
663 4 367 0
664 6 603 0
665 9 791 0
666 9 187 0
667 6 795 0
668 7 720 0
669 5 608 0
670 3 412 0
671 3 865 0
672 6 396 0
673 5 813 0
674 4 88 0
675 2 941 0
676 6 737 0
677 6 912 0
678 4 245 0
679 4 132 0
680 6 638 0
681 2 817 0
682 5 720 0
683 6 642 0
684 6 96 0
685 8 351 0
686 4 646 0
687 3 976 0
688 5 810 0
689 5 401 0
690 11 575 0
691 3 796 0
692 3 51 0
693 4 131 0
694 5 104 0
695 9 698 0
696 7 956 0
697 3 230 0
698 11 815 0
699 7 754 0
700 10 40 0
701 7 90 0
702 6 800 0
703 5 129 0
704 5 212 0
705 2 304 0
706 2 784 0
707 10 99 0
708 8 228 0
709 5 681 0
710 4 322 0
711 2 643 0
712 5 300 0
713 8 870 0
714 6 617 0
715 6 989 0
716 2 39 0
717 7 67 0
718 6 65 0
719 5 24 0
720 7 679 0
721 6 36 0
722 5 691 0
723 8 243 0
724 8 533 0
725 4 165 0
726 9 394 0
727 7 746 0
728 6 273 0
729 7 861 0
730 6 442 0
731 7 77 0
732 5 35 0
733 6 346 0
734 6 175 0
735 6 766 0
736 7 248 0
737 7 920 0
738 4 177 0
739 2 55 0
740 4 400 0
741 5 72 0
742 8 265 0
743 3 996 0
744 6 717 0
745 5 654 0
746 6 163 0
747 4 783 0
748 3 438 0
749 5 431 0
750 6 571 0
751 4 576 0
752 6 422 0
753 4 865 0
754 3 659 0
755 8 24 0
756 5 497 0
757 9 357 0
758 6 779 0
759 4 903 0
760 6 430 0
761 5 40 0
762 4 877 0
763 6 664 0
764 6 12 0
765 8 695 0
766 2 411 0
767 3 112 0
768 9 279 0
769 7 236 0
770 6 837 0
771 6 216 0
772 6 361 0
773 5 391 0
774 5 996 0
775 7 557 0
776 7 650 0
777 6 513 0
778 4 769 0
779 7 960 0
780 7 303 0
781 8 948 0
782 4 596 0
783 5 931 0
784 4 474 0
785 5 357 0
786 2 872 0
787 5 840 0
788 8 790 0
789 8 228 0
790 5 159 0
791 9 228 0
792 6 972 0
793 5 244 0
794 3 481 0
795 4 277 0
796 6 572 0
797 6 244 0
798 4 771 0
799 3 461 0
800 8 854 0
801 9 444 0
802 5 689 0
803 8 382 0
804 7 297 0
805 6 800 0
806 5 311 0
807 5 34 0
808 3 128 0
809 6 130 0
810 3 716 0
811 5 380 0
812 6 276 0
813 4 28 0
814 4 104 0
815 7 908 0
816 7 640 0
817 6 576 0
818 3 133 0
819 7 315 0
820 5 201 0
821 4 730 0
822 4 669 0
823 4 301 0
824 6 701 0
825 6 519 0
826 5 618 0
827 4 647 0
828 3 410 0
829 9 202 0
830 9 740 0
831 3 504 0
832 4 579 0
833 4 86 0
834 7 302 0
835 5 690 0
836 3 258 0
837 5 355 0
838 8 543 0
839 5 229 0
840 6 307 0
841 4 128 0
842 6 936 0
843 5 784 0
844 4 229 0
845 8 678 0
846 5 454 0
847 6 527 0
848 2 846 0
849 6 505 0
850 7 638 0
851 6 343 0
852 6 148 0
853 5 81 0
854 8 127 0
855 8 222 0
856 3 296 0
857 5 205 0
858 5 351 0
859 10 709 0
860 4 405 0
861 5 275 0
862 7 720 0
863 5 56 0
864 5 676 0
865 7 682 0
866 8 406 0
867 10 324 0
868 3 672 0
869 5 247 0
870 7 693 0
871 7 207 0
872 8 523 0
873 7 760 0
874 4 935 0
875 7 820 0
876 8 72 0
877 4 863 0
878 4 548 0
879 7 696 0
880 7 158 0
881 6 969 0
882 4 196 0
883 2 380 0
884 0 351 0
885 5 957 0
886 7 700 0
887 2 946 0
888 5 275 0
889 6 559 0
890 7 607 0
891 5 288 0
892 7 320 0
893 5 749 0
894 3 214 0
895 4 407 0
896 6 11 0
897 7 835 0
898 6 348 0
899 7 361 0
900 5 631 0
901 7 857 0
902 5 347 0
903 8 316 0
904 6 627 0
905 6 805 0
906 6 405 0
907 6 935 0
908 1 466 0
909 7 551 0
910 6 619 0
911 8 120 0
912 6 196 0
913 5 471 0
914 6 991 0
915 6 868 0
916 6 935 0
917 3 819 0
918 5 608 0
919 5 749 0
920 9 742 0
921 5 325 0
922 7 617 0
923 1 908 0
924 9 155 0
925 5 785 0
926 8 789 0
927 7 482 0
928 8 64 0
929 5 910 0
930 4 770 0
931 8 505 0
932 4 978 0
933 5 697 0
934 5 741 0
935 3 99 0
936 3 39 0
937 6 516 0
938 7 421 0
939 4 143 0
940 2 102 0
941 8 74 0
942 8 702 0
943 6 507 0
944 7 189 0
945 6 857 0
946 4 129 0
947 8 701 0
948 13 699 0
949 7 445 0
950 8 118 0
951 6 404 0
952 6 628 0
953 2 426 0
954 0 138 0
955 4 51 0
956 4 662 0
957 6 658 0
958 4 659 0
959 6 162 0
960 2 406 0
961 4 627 0
962 8 454 0
963 3 714 0
964 5 311 0
965 10 504 0
966 10 390 0
967 4 224 0
968 6 457 0
969 5 745 0
970 10 288 0
971 7 824 0
972 9 406 0
973 3 938 0
974 8 171 0
975 5 799 0
976 7 781 0
977 7 527 0
978 5 938 0
979 9 455 0
980 9 500 0
981 7 247 0
982 0 519 0
983 4 56 0
984 9 144 0
985 2 760 0
986 9 389 0
987 3 7 0
988 6 864 0
989 3 702 0
990 3 538 0
991 6 347 0
992 3 921 0
993 2 901 0
994 5 197 0
995 6 874 0
996 4 721 0
997 6 877 0
998 5 497 0
999 4 800 0
1000 6 429 0
