1 4 560 0
2 8 463 0
3 6 4 0
4 7 269 0
5 7 343 0
6 5 641 0
7 3 977 0
8 7 630 0
9 5 451 0
10 4 400 0
11 5 773 0
12 1 158 0
13 3 952 0
14 6 957 0
15 8 662 0
16 5 894 0
17 9 595 0
18 5 79 0
19 7 50 0
20 3 603 0
21 4 903 0
22 4 165 0
23 5 241 0
24 8 801 0
25 6 61 0
26 1 343 0
27 7 807 0
28 3 388 0
29 4 165 0
30 1 631 0
31 9 650 0
32 4 648 0
33 7 206 0
34 5 791 0
35 6 59 0
36 7 623 0
37 7 892 0
38 4 537 0
39 7 36 0
40 8 226 0
41 4 574 0
42 7 59 0
43 7 748 0
44 8 567 0
45 3 393 0
46 5 725 0
47 8 446 0
48 6 74 0
49 9 920 0
50 2 767 0
51 6 807 0
52 8 22 0
53 6 162 0
54 7 82 0
55 8 21 0
56 8 295 0
57 5 13 0
58 7 112 0
59 6 457 0
60 9 576 0
61 6 887 0
62 6 43 0
63 5 335 0
64 8 167 0
65 8 108 0
66 7 496 0
67 5 140 0
68 8 453 0
69 10 679 0
70 5 197 0
71 7 728 0
72 2 757 0
73 10 231 0
74 5 821 0
75 2 413 0
76 5 914 0
77 4 411 0
78 6 572 0
79 5 276 0
80 6 934 0
81 6 635 0
82 7 23 0
83 6 31 0
84 8 564 0
85 4 578 0
86 7 174 0
87 9 227 0
88 5 496 0
89 5 177 0
90 7 53 0
91 7 494 0
92 6 661 0
93 5 144 0
94 7 254 0
95 5 239 0
96 7 563 0
97 8 52 0
98 4 152 0
99 11 249 0
100 6 425 0
101 8 746 0
102 5 918 0
103 5 156 0
104 2 84 0
105 4 410 0
106 4 964 0
107 5 914 0
108 9 385 0
109 5 944 0
110 5 931 0
111 8 718 0
112 3 915 0
113 5 862 0
114 4 909 0
115 5 959 0
116 4 902 0
117 4 95 0
118 5 375 0
119 6 781 0
120 5 251 0
121 10 135 0
122 4 771 0
123 7 879 0
124 7 362 0
125 6 928 0
126 4 941 0
127 10 299 0
128 7 715 0
129 8 59 0
130 7 941 0
131 8 492 0
132 2 611 0
133 7 327 0
134 7 868 0
135 6 332 0
136 7 961 0
137 6 928 0
138 4 788 0
139 4 26 0
140 3 341 0
141 7 804 0
142 5 1 0
143 8 768 0
144 5 527 0
145 6 988 0
146 5 946 0
147 9 39 0
148 8 304 0
149 6 519 0
150 7 647 0
151 7 437 0
152 7 840 0
153 5 535 0
154 3 518 0
155 8 285 0
156 5 595 0
157 5 857 0
158 7 265 0
159 6 966 0
160 2 696 0
161 6 758 0
162 5 214 0
163 4 632 0
164 7 532 0
165 5 47 0
166 5 590 0
167 4 163 0
168 6 322 0
169 7 429 0
170 2 79 0
171 3 711 0
172 6 169 0
173 3 197 0
174 6 962 0
175 7 700 0
176 2 825 0
177 5 295 0
178 8 952 0
179 1 460 0
180 3 428 0
181 7 209 0
182 4 720 0
183 5 702 0
184 5 251 0
185 4 568 0
186 6 248 0
187 8 259 0
188 7 407 0
189 7 162 0
190 6 856 0
191 3 314 0
192 6 525 0
193 6 222 0
194 7 575 0
195 2 775 0
196 5 429 0
197 9 254 0
198 5 373 0
199 1 370 0
200 6 528 0
201 6 423 0
202 8 604 0
203 5 759 0
204 5 556 0
205 5 512 0
206 4 15 0
207 4 970 0
208 3 701 0
209 4 116 0
210 7 411 0
211 7 304 0
212 9 922 0
213 8 569 0
214 8 414 0
215 9 794 0
216 5 195 0
217 5 351 0
218 5 622 0
219 10 344 0
220 6 450 0
221 7 930 0
222 4 874 0
223 7 461 0
224 1 717 0
225 6 903 0
226 3 834 0
227 5 3 0
228 5 335 0
229 10 997 0
230 4 565 0
231 10 104 0
232 6 865 0
233 5 183 0
234 3 706 0
235 3 169 0
236 2 759 0
237 5 877 0
238 7 982 0
239 2 190 0
240 5 374 0
241 1 352 0
242 5 277 0
243 3 786 0
244 3 347 0
245 5 496 0
246 6 133 0
247 9 761 0
248 7 815 0
249 2 301 0
250 5 635 0
251 9 730 0
252 6 509 0
253 6 538 0
254 6 637 0
255 3 861 0
256 5 452 0
257 1 811 0
258 6 334 0
259 6 833 0
260 4 623 0
261 4 335 0
262 7 638 0
263 5 677 0
264 7 928 0
265 5 76 0
266 9 332 0
267 10 981 0
268 3 433 0
269 6 5 0
270 9 959 0
271 7 551 0
272 7 339 0
273 5 860 0
274 6 341 0
275 7 573 0
276 7 174 0
277 6 141 0
278 5 127 0
279 4 322 0
280 6 987 0
281 5 771 0
282 4 325 0
283 6 993 0
284 5 771 0
285 5 846 0
286 2 322 0
287 8 205 0
288 5 11 0
289 2 25 0
290 5 315 0
291 5 413 0
292 9 995 0
293 6 583 0
294 8 454 0
295 5 134 0
296 9 882 0
297 5 669 0
298 7 342 0
299 8 496 0
300 1 963 0
301 6 169 0
302 10 573 0
303 5 17 0
304 7 515 0
305 5 868 0
306 11 760 0
307 4 668 0
308 4 913 0
309 5 786 0
310 2 975 0
311 6 339 0
312 5 461 0
313 6 259 0
314 4 463 0
315 6 418 0
316 9 714 0
317 6 637 0
318 6 775 0
319 7 888 0
320 5 574 0
321 6 272 0
322 6 727 0
323 4 373 0
324 5 119 0
325 6 583 0
326 4 644 0
327 8 92 0
328 5 672 0
329 5 192 0
330 3 194 0
331 9 35 0
332 5 103 0
333 5 330 0
334 3 1 0
335 3 405 0
336 8 941 0
337 5 357 0
338 5 803 0
339 5 954 0
340 7 656 0
341 5 634 0
342 6 391 0
343 5 31 0
344 8 637 0
345 5 426 0
346 6 416 0
347 7 535 0
348 5 775 0
349 9 389 0
350 5 16 0
351 10 443 0
352 8 832 0
353 2 222 0
354 6 964 0
355 5 49 0
356 6 557 0
357 7 296 0
358 6 99 0
359 7 841 0
360 7 788 0
361 8 149 0
362 3 970 0
363 5 747 0
364 5 315 0
365 2 379 0
366 4 667 0
367 3 650 0
368 4 130 0
369 7 403 0
370 4 417 0
371 7 778 0
372 4 673 0
373 3 908 0
374 8 679 0
375 8 121 0
376 6 332 0
377 4 494 0
378 7 848 0
379 5 433 0
380 5 210 0
381 8 734 0
382 7 645 0
383 7 648 0
384 6 541 0
385 6 41 0
386 4 620 0
387 7 880 0
388 7 881 0
389 4 487 0
390 5 422 0
391 7 207 0
392 5 200 0
393 7 276 0
394 4 996 0
395 6 727 0
396 6 725 0
397 5 43 0
398 4 367 0
399 6 802 0
400 4 306 0
401 5 944 0
402 3 54 0
403 4 651 0
404 6 684 0
405 5 868 0
406 6 891 0
407 9 552 0
408 8 169 0
409 8 740 0
410 7 795 0
411 8 33 0
412 7 164 0
413 4 923 0
414 6 343 0
415 10 975 0
416 4 217 0
417 3 688 0
418 7 761 0
419 6 376 0
420 5 439 0
421 3 252 0
422 7 73 0
423 5 917 0
424 5 59 0
425 4 59 0
426 6 213 0
427 3 439 0
428 8 992 0
429 9 300 0
430 5 847 0
431 7 404 0
432 6 989 0
433 4 218 0
434 7 278 0
435 8 33 0
436 4 84 0
437 5 446 0
438 5 406 0
439 5 273 0
440 4 75 0
441 5 393 0
442 3 1 0
443 9 311 0
444 3 885 0
445 7 782 0
446 5 484 0
447 3 209 0
448 11 97 0
449 3 736 0
450 7 427 0
451 0 73 0
452 6 520 0
453 3 27 0
454 3 65 0
455 4 911 0
456 7 244 0
457 4 11 0
458 5 261 0
459 5 772 0
460 6 39 0
461 5 88 0
462 7 307 0
463 1 458 0
464 5 312 0
465 4 128 0
466 7 692 0
467 6 47 0
468 7 295 0
469 3 32 0
470 8 366 0
471 9 344 0
472 5 604 0
473 5 260 0
474 5 890 0
475 6 642 0
476 5 276 0
477 4 841 0
478 7 779 0
479 1 565 0
480 5 265 0
481 8 28 0
482 6 9 0
483 5 275 0
484 3 728 0
485 7 509 0
486 5 508 0
487 5 901 0
488 7 719 0
489 5 959 0
490 4 253 0
491 5 822 0
492 4 747 0
493 3 614 0
494 6 250 0
495 5 160 0
496 8 933 0
497 3 198 0
498 6 333 0
499 6 825 0
500 5 375 0
501 7 731 0
502 6 886 0
503 4 208 0
504 5 765 0
505 7 214 0
506 3 406 0
507 8 637 0
508 4 471 0
509 4 222 0
510 1 358 0
511 8 579 0
512 6 632 0
513 4 306 0
514 5 555 0
515 0 430 0
516 5 232 0
517 9 52 0
518 3 134 0
519 6 878 0
520 5 639 0
521 6 425 0
522 9 381 0
523 7 590 0
524 6 522 0
525 7 778 0
526 2 427 0
527 4 169 0
528 6 700 0
529 3 576 0
530 9 249 0
531 6 347 0
532 4 162 0
533 3 544 0
534 9 627 0
535 2 795 0
536 6 663 0
537 6 511 0
538 4 614 0
539 5 205 0
540 5 974 0
541 4 767 0
542 4 478 0
543 3 358 0
544 8 202 0
545 6 644 0
546 6 345 0
547 5 396 0
548 7 180 0
549 6 692 0
550 4 752 0
551 3 927 0
552 4 590 0
553 6 883 0
554 4 616 0
555 5 298 0
556 7 423 0
557 6 793 0
558 3 546 0
559 5 388 0
560 7 1 0
561 4 911 0
562 2 150 0
563 5 396 0
564 5 161 0
565 5 393 0
566 8 638 0
567 3 505 0
568 6 115 0
569 4 935 0
570 7 22 0
571 5 459 0
572 5 659 0
573 4 119 0
574 2 817 0
575 5 241 0
576 4 185 0
577 4 6 0
578 2 887 0
579 7 587 0
580 5 916 0
581 9 227 0
582 5 966 0
583 6 647 0
584 3 590 0
585 6 842 0
586 3 544 0
587 0 886 0
588 5 889 0
589 6 77 0
590 2 59 0
591 7 774 0
592 3 705 0
593 5 922 0
594 5 607 0
595 6 7 0
596 8 770 0
597 6 455 0
598 6 486 0
599 5 873 0
600 6 768 0
601 5 311 0
602 8 420 0
603 6 468 0
604 5 527 0
605 7 80 0
606 7 547 0
607 4 963 0
608 5 962 0
609 4 276 0
610 5 640 0
611 6 962 0
612 3 307 0
613 7 831 0
614 10 310 0
615 4 14 0
616 5 833 0
617 7 581 0
618 2 325 0
619 4 579 0
620 5 778 0
621 4 458 0
622 4 903 0
623 6 303 0
624 3 714 0
625 2 578 0
626 5 275 0
627 6 288 0
628 5 139 0
629 5 197 0
630 8 296 0
631 2 115 0
632 7 639 0
633 5 225 0
634 4 601 0
635 6 832 0
636 4 361 0
637 6 674 0
638 3 817 0
639 6 585 0
640 6 837 0
641 6 899 0
642 5 909 0
643 5 519 0
644 6 624 0
645 6 450 0
646 8 701 0
647 6 94 0
648 6 700 0
649 5 627 0
650 5 611 0
651 5 577 0
652 8 763 0
653 5 270 0
654 5 121 0
655 4 308 0
656 7 169 0
657 4 406 0
658 1 452 0
659 5 734 0
660 4 377 0
661 4 280 0
662 4 758 0
663 4 813 0
664 5 818 0
665 6 320 0
666 9 679 0
667 8 885 0
668 8 881 0
669 5 344 0
670 6 919 0
671 8 149 0
672 8 716 0
673 4 102 0
674 9 57 0
675 3 247 0
676 7 907 0
677 4 185 0
678 8 795 0
679 4 579 0
680 5 129 0
681 8 865 0
682 11 622 0
683 7 700 0
684 7 225 0
685 5 929 0
686 5 719 0
687 6 522 0
688 6 447 0
689 2 528 0
690 8 99 0
691 7 897 0
692 6 148 0
693 7 2 0
694 3 196 0
695 6 790 0
696 6 514 0
697 9 197 0
698 5 623 0
699 4 186 0
700 7 293 0
701 8 785 0
702 7 42 0
703 7 855 0
704 5 748 0
705 3 424 0
706 5 865 0
707 3 700 0
708 7 378 0
709 4 134 0
710 8 216 0
711 7 869 0
712 5 178 0
713 7 971 0
714 7 880 0
715 6 295 0
716 6 161 0
717 5 651 0
718 5 942 0
719 5 436 0
720 6 658 0
721 5 433 0
722 4 429 0
723 4 206 0
724 3 266 0
725 4 122 0
726 6 655 0
727 7 659 0
728 5 779 0
729 7 163 0
730 3 754 0
731 6 883 0
732 1 560 0
733 7 363 0
734 4 78 0
735 2 616 0
736 3 753 0
737 6 460 0
738 4 509 0
739 9 420 0
740 8 298 0
741 5 946 0
742 5 339 0
743 4 439 0
744 5 469 0
745 5 48 0
746 3 718 0
747 7 56 0
748 5 309 0
749 5 965 0
750 9 33 0
751 9 654 0
752 6 156 0
753 7 709 0
754 0 733 0
755 1 933 0
756 4 931 0
757 5 466 0
758 9 712 0
759 4 413 0
760 3 771 0
761 6 55 0
762 7 501 0
763 7 993 0
764 10 389 0
765 2 179 0
766 5 203 0
767 5 511 0
768 5 244 0
769 4 453 0
770 9 648 0
771 8 665 0
772 8 812 0
773 6 723 0
774 5 312 0
775 7 559 0
776 6 524 0
777 3 258 0
778 4 918 0
779 4 374 0
780 7 570 0
781 8 209 0
782 6 903 0
783 5 401 0
784 7 283 0
785 10 553 0
786 7 161 0
787 6 4 0
788 10 306 0
789 7 448 0
790 5 417 0
791 7 287 0
792 7 481 0
793 6 564 0
794 5 987 0
795 3 807 0
796 9 77 0
797 9 612 0
798 7 374 0
799 2 249 0
800 5 425 0
801 10 166 0
802 7 57 0
803 6 318 0
804 6 449 0
805 5 524 0
806 6 732 0
807 6 479 0
808 6 250 0
809 5 126 0
810 5 843 0
811 5 474 0
812 4 4 0
813 8 76 0
814 6 667 0
815 6 26 0
816 5 30 0
817 8 729 0
818 4 619 0
819 5 378 0
820 7 837 0
821 9 155 0
822 5 331 0
823 7 342 0
824 5 494 0
825 2 77 0
826 5 993 0
827 5 654 0
828 7 818 0
829 5 639 0
830 7 95 0
831 3 448 0
832 6 50 0
833 5 892 0
834 4 242 0
835 5 521 0
836 5 515 0
837 7 746 0
838 4 66 0
839 9 873 0
840 6 19 0
841 3 290 0
842 3 336 0
843 5 160 0
844 6 509 0
845 3 15 0
846 6 97 0
847 7 668 0
848 3 493 0
849 4 535 0
850 8 659 0
851 9 856 0
852 6 56 0
853 8 942 0
854 4 298 0
855 4 131 0
856 6 436 0
857 9 975 0
858 7 13 0
859 8 861 0
860 3 254 0
861 10 900 0
862 7 104 0
863 4 616 0
864 5 826 0
865 2 217 0
866 4 578 0
867 9 891 0
868 5 852 0
869 6 157 0
870 8 33 0
871 5 44 0
872 4 618 0
873 7 614 0
874 7 63 0
875 4 554 0
876 8 908 0
877 6 947 0
878 5 798 0
879 7 813 0
880 7 394 0
881 6 790 0
882 1 133 0
883 6 374 0
884 6 29 0
885 6 542 0
886 7 401 0
887 4 259 0
888 9 59 0
889 4 993 0
890 6 187 0
891 7 492 0
892 5 270 0
893 3 246 0
894 3 224 0
895 6 17 0
896 8 340 0
897 5 396 0
898 6 36 0
899 4 683 0
900 7 822 0
901 4 14 0
902 3 140 0
903 6 166 0
904 2 133 0
905 6 668 0
906 7 934 0
907 8 404 0
908 7 262 0
909 10 14 0
910 7 87 0
911 4 366 0
912 8 130 0
913 4 513 0
914 5 729 0
915 2 793 0
916 6 229 0
917 5 216 0
918 3 487 0
919 5 486 0
920 6 39 0
921 4 841 0
922 8 945 0
923 5 179 0
924 2 78 0
925 6 188 0
926 8 536 0
927 4 939 0
928 5 795 0
929 6 711 0
930 8 653 0
931 1 774 0
932 8 366 0
933 5 943 0
934 6 777 0
935 5 509 0
936 6 90 0
937 6 653 0
938 8 947 0
939 5 482 0
940 4 947 0
941 7 267 0
942 7 100 0
943 7 906 0
944 9 965 0
945 6 407 0
946 6 809 0
947 10 371 0
948 7 312 0
949 6 350 0
950 3 426 0
951 4 438 0
952 9 668 0
953 7 558 0
954 5 366 0
955 3 595 0
956 5 919 0
957 7 656 0
958 5 670 0
959 5 33 0
960 6 290 0
961 8 697 0
962 6 67 0
963 1 271 0
964 6 765 0
965 6 59 0
966 3 75 0
967 4 196 0
968 4 161 0
969 4 711 0
970 5 563 0
971 7 1 0
972 9 114 0
973 8 665 0
974 5 44 0
975 2 44 0
976 6 568 0
977 8 978 0
978 10 307 0
979 4 883 0
980 4 628 0
981 5 56 0
982 6 417 0
983 7 322 0
984 7 158 0
985 7 282 0
986 5 84 0
987 8 276 0
988 3 534 0
989 5 130 0
990 5 385 0
991 3 278 0
992 5 77 0
993 2 349 0
994 5 913 0
995 5 133 0
996 3 148 0
997 7 244 0
998 4 631 0
999 4 44 0
1000 6 349 0
