1 217 931 0
2 151 488 0
3 77 939 0
4 46 784 0
5 124 175 0
6 83 427 0
7 129 110 0
8 49 299 0
9 23 903 0
10 140 658 0
11 52 951 0
12 93 155 0
13 184 447 0
14 101 920 0
15 121 627 0
16 74 414 0
17 101 346 0
18 111 13 0
19 132 882 0
20 106 221 0
21 6 561 0
22 48 293 0
23 78 377 0
24 135 518 0
25 155 688 0
26 115 36 0
27 172 573 0
28 130 53 0
29 1 41 0
30 130 555 0
31 60 650 0
32 113 393 0
33 165 819 0
34 113 570 0
35 34 567 0
36 125 801 0
37 159 317 0
38 68 475 0
39 111 572 0
40 116 377 0
41 121 891 0
42 38 410 0
43 55 452 0
44 71 658 0
45 130 273 0
46 163 579 0
47 38 926 0
48 47 755 0
49 136 439 0
50 162 111 0
51 103 91 0
52 121 762 0
53 77 18 0
54 94 833 0
55 84 493 0
56 75 709 0
57 99 854 0
58 92 97 0
59 99 865 0
60 103 379 0
61 94 626 0
62 134 372 0
63 118 945 0
64 69 178 0
65 110 816 0
66 101 202 0
67 109 243 0
68 75 112 0
69 83 407 0
70 169 735 0
71 119 644 0
72 55 424 0
73 134 189 0
74 109 427 0
75 87 2 0
76 110 109 0
77 158 611 0
78 87 596 0
79 117 9 0
80 98 398 0
81 101 745 0
82 77 93 0
83 145 344 0
84 134 456 0
85 145 262 0
86 58 52 0
87 41 57 0
88 63 722 0
89 104 794 0
90 99 839 0
91 20 254 0
92 10 381 0
93 156 573 0
94 87 70 0
95 93 267 0
96 81 716 0
97 80 770 0
98 129 203 0
99 45 487 0
100 67 371 0
101 38 265 0
102 135 54 0
103 75 664 0
104 72 984 0
105 65 281 0
106 164 939 0
107 98 439 0
108 97 212 0
109 86 88 0
110 111 634 0
111 16 369 0
112 100 215 0
113 76 992 0
114 110 606 0
115 102 867 0
116 67 564 0
117 79 793 0
118 133 451 0
119 143 517 0
120 67 657 0
121 101 443 0
122 39 766 0
123 114 910 0
124 31 322 0
125 14 342 0
126 23 857 0
127 141 367 0
128 97 951 0
129 147 910 0
130 66 785 0
131 85 345 0
132 54 292 0
133 52 65 0
134 143 578 0
135 29 340 0
136 30 913 0
137 137 847 0
138 102 667 0
139 112 772 0
140 148 920 0
141 51 736 0
142 85 211 0
143 148 389 0
144 102 503 0
145 103 606 0
146 192 981 0
147 24 837 0
148 116 506 0
149 50 105 0
150 30 614 0
151 131 781 0
152 125 800 0
153 103 881 0
154 78 109 0
155 139 188 0
156 164 895 0
157 22 598 0
158 116 422 0
159 159 674 0
160 161 883 0
161 75 445 0
162 101 448 0
163 64 293 0
164 85 191 0
165 183 173 0
166 106 116 0
167 40 456 0
168 143 50 0
169 105 674 0
170 125 841 0
171 139 741 0
172 73 228 0
173 184 329 0
174 123 239 0
175 49 641 0
176 83 205 0
177 82 109 0
178 109 782 0
179 83 401 0
180 121 116 0
181 99 713 0
182 43 485 0
183 153 652 0
184 86 828 0
185 166 922 0
186 113 489 0
187 152 481 0
188 135 709 0
189 130 317 0
190 63 952 0
191 95 233 0
192 93 706 0
193 74 259 0
194 169 307 0
195 60 774 0
196 65 595 0
197 146 179 0
198 122 235 0
199 82 200 0
200 113 676 0
201 70 951 0
202 96 153 0
203 173 554 0
204 128 83 0
205 13 83 0
206 128 841 0
207 170 684 0
208 110 576 0
209 28 895 0
210 119 745 0
211 115 815 0
212 50 528 0
213 55 914 0
214 127 797 0
215 188 520 0
216 83 269 0
217 158 800 0
218 85 55 0
219 165 807 0
220 82 667 0
221 128 832 0
222 50 448 0
223 97 882 0
224 170 542 0
225 136 797 0
226 109 336 0
227 119 950 0
228 122 425 0
229 101 338 0
230 133 45 0
231 117 65 0
232 56 921 0
233 122 573 0
234 79 791 0
235 96 24 0
236 160 665 0
237 108 212 0
238 149 68 0
239 132 461 0
240 185 366 0
241 104 675 0
242 115 198 0
243 188 518 0
244 74 195 0
245 108 939 0
246 128 158 0
247 91 64 0
248 134 905 0
249 44 912 0
250 94 178 0
251 154 537 0
252 71 272 0
253 152 567 0
254 148 915 0
255 47 417 0
256 32 417 0
257 20 618 0
258 158 448 0
259 53 100 0
260 229 485 0
261 7 896 0
262 143 765 0
263 78 197 0
264 132 192 0
265 13 586 0
266 96 517 0
267 132 86 0
268 30 755 0
269 148 17 0
270 135 477 0
271 203 560 0
272 58 195 0
273 110 178 0
274 67 58 0
275 63 848 0
276 107 41 0
277 159 283 0
278 69 76 0
279 73 415 0
280 118 73 0
281 84 636 0
282 96 321 0
283 74 454 0
284 52 951 0
285 82 759 0
286 80 203 0
287 111 145 0
288 132 486 0
289 118 571 0
290 168 849 0
291 96 934 0
292 79 296 0
293 46 158 0
294 50 972 0
295 108 609 0
296 70 972 0
297 111 197 0
298 50 883 0
299 136 43 0
300 140 456 0
301 65 910 0
302 102 131 0
303 152 166 0
304 146 571 0
305 82 659 0
306 99 478 0
307 46 942 0
308 223 668 0
309 104 867 0
310 122 167 0
311 20 968 0
312 82 995 0
313 179 717 0
314 41 317 0
315 109 481 0
316 38 996 0
317 127 998 0
318 122 220 0
319 82 511 0
320 97 167 0
321 105 891 0
322 56 335 0
323 49 402 0
324 149 375 0
325 109 969 0
326 121 409 0
327 50 183 0
328 132 67 0
329 76 602 0
330 30 85 0
331 22 462 0
332 9 537 0
333 55 134 0
334 49 760 0
335 156 77 0
336 93 305 0
337 95 238 0
338 71 22 0
339 31 683 0
340 197 321 0
341 141 267 0
342 180 960 0
343 161 385 0
344 109 107 0
345 59 656 0
346 91 746 0
347 66 5 0
348 155 339 0
349 76 517 0
350 162 943 0
351 79 352 0
352 122 230 0
353 57 454 0
354 119 251 0
355 110 510 0
356 145 528 0
357 139 579 0
358 21 834 0
359 46 347 0
360 78 467 0
361 141 508 0
362 193 518 0
363 51 321 0
364 101 197 0
365 75 478 0
366 109 65 0
367 70 618 0
368 154 960 0
369 116 130 0
370 78 56 0
371 79 190 0
372 89 749 0
373 75 809 0
374 96 834 0
375 71 109 0
376 33 983 0
377 235 547 0
378 110 685 0
379 114 668 0
380 87 835 0
381 86 145 0
382 130 890 0
383 21 576 0
384 147 261 0
385 6 670 0
386 46 39 0
387 4 836 0
388 181 697 0
389 126 856 0
390 117 648 0
391 40 270 0
392 148 253 0
393 53 113 0
394 104 647 0
395 62 374 0
396 92 205 0
397 107 577 0
398 74 984 0
399 134 399 0
400 103 366 0
401 46 108 0
402 46 430 0
403 72 674 0
404 201 485 0
405 60 556 0
406 65 146 0
407 170 107 0
408 106 984 0
409 93 974 0
410 87 82 0
411 60 916 0
412 100 57 0
413 55 682 0
414 80 12 0
415 161 217 0
416 138 268 0
417 16 50 0
418 39 263 0
419 146 563 0
420 89 454 0
421 39 203 0
422 103 106 0
423 163 826 0
424 137 187 0
425 80 180 0
426 114 436 0
427 46 346 0
428 20 91 0
429 62 506 0
430 119 575 0
431 106 889 0
432 161 428 0
433 98 296 0
434 151 692 0
435 92 594 0
436 91 339 0
437 179 830 0
438 36 690 0
439 145 925 0
440 108 195 0
441 50 907 0
442 175 56 0
443 55 199 0
444 105 162 0
445 109 498 0
446 130 183 0
447 183 302 0
448 73 218 0
449 188 766 0
450 108 138 0
451 183 5 0
452 47 95 0
453 118 57 0
454 72 183 0
455 50 13 0
456 46 718 0
457 88 567 0
458 158 472 0
459 111 130 0
460 57 183 0
461 85 899 0
462 21 180 0
463 96 571 0
464 200 327 0
465 17 960 0
466 135 746 0
467 65 585 0
468 159 468 0
469 75 757 0
470 109 943 0
471 80 451 0
472 27 942 0
473 32 484 0
474 148 810 0
475 0 632 0
476 120 104 0
477 62 8 0
478 92 573 0
479 64 876 0
480 82 883 0
481 129 10 0
482 12 36 0
483 122 63 0
484 76 277 0
485 143 865 0
486 152 51 0
487 174 621 0
488 129 697 0
489 85 324 0
490 71 802 0
491 48 156 0
492 90 435 0
493 65 24 0
494 104 30 0
495 30 603 0
496 128 117 0
497 127 69 0
498 99 886 0
499 117 319 0
500 52 872 0
501 67 437 0
502 65 795 0
503 130 930 0
504 33 766 0
505 52 905 0
506 86 652 0
507 86 134 0
508 78 881 0
509 159 18 0
510 104 801 0
511 178 577 0
512 73 943 0
513 136 811 0
514 112 601 0
515 93 876 0
516 187 572 0
517 98 267 0
518 138 690 0
519 76 517 0
520 134 770 0
521 55 99 0
522 101 121 0
523 197 912 0
524 108 405 0
525 169 297 0
526 158 932 0
527 70 281 0
528 202 968 0
529 47 291 0
530 64 313 0
531 104 422 0
532 78 34 0
533 137 52 0
534 75 86 0
535 59 981 0
536 151 507 0
537 2 837 0
538 73 840 0
539 62 160 0
540 138 639 0
541 79 412 0
542 122 84 0
543 74 203 0
544 37 632 0
545 159 340 0
546 37 572 0
547 26 944 0
548 66 41 0
549 15 755 0
550 90 285 0
551 58 995 0
552 120 24 0
553 101 269 0
554 182 214 0
555 67 712 0
556 92 612 0
557 108 402 0
558 59 328 0
559 38 561 0
560 33 252 0
561 125 979 0
562 98 196 0
563 68 169 0
564 176 475 0
565 18 724 0
566 58 856 0
567 134 489 0
568 103 85 0
569 183 0 0
570 80 838 0
571 19 327 0
572 66 236 0
573 117 436 0
574 61 360 0
575 124 819 0
576 166 490 0
577 11 236 0
578 4 268 0
579 81 812 0
580 124 965 0
581 68 371 0
582 199 514 0
583 113 321 0
584 116 425 0
585 143 87 0
586 141 825 0
587 225 763 0
588 153 902 0
589 176 745 0
590 60 267 0
591 121 509 0
592 83 120 0
593 45 321 0
594 1 427 0
595 129 294 0
596 73 625 0
597 97 300 0
598 23 897 0
599 141 50 0
600 100 843 0
601 47 885 0
602 142 640 0
603 126 299 0
604 87 506 0
605 86 279 0
606 23 999 0
607 197 466 0
608 127 233 0
609 45 930 0
610 69 316 0
611 112 539 0
612 152 896 0
613 48 839 0
614 49 325 0
615 59 620 0
616 147 620 0
617 35 93 0
618 101 158 0
619 67 603 0
620 4 866 0
621 76 909 0
622 99 334 0
623 139 66 0
624 34 915 0
625 65 762 0
626 102 866 0
627 143 851 0
628 77 804 0
629 99 584 0
630 146 754 0
631 140 550 0
632 84 305 0
633 75 792 0
634 27 272 0
635 50 692 0
636 114 720 0
637 26 330 0
638 78 15 0
639 88 975 0
640 126 592 0
641 7 917 0
642 53 732 0
643 73 634 0
644 57 397 0
645 122 547 0
646 121 201 0
647 99 640 0
648 24 946 0
649 140 838 0
650 113 451 0
651 109 850 0
652 143 473 0
653 183 851 0
654 51 516 0
655 114 674 0
656 13 383 0
657 164 774 0
658 72 613 0
659 101 296 0
660 78 788 0
661 86 824 0
662 146 546 0
663 32 624 0
664 133 65 0
665 126 577 0
666 58 631 0
667 156 501 0
668 102 307 0
669 159 689 0
670 138 373 0
671 8 276 0
672 43 11 0
673 124 727 0
674 38 316 0
675 92 85 0
676 14 434 0
677 205 590 0
678 40 497 0
679 146 806 0
680 15 987 0
681 122 349 0
682 51 158 0
683 58 623 0
684 112 230 0
685 15 465 0
686 125 792 0
687 1 0 0
688 77 336 0
689 48 880 0
690 35 998 0
691 68 721 0
692 135 138 0
693 72 151 0
694 97 166 0
695 222 414 0
696 58 134 0
697 91 913 0
698 102 69 0
699 13 268 0
700 39 42 0
701 110 284 0
702 113 768 0
703 162 52 0
704 162 957 0
705 140 899 0
706 121 375 0
707 72 577 0
708 32 149 0
709 81 949 0
710 104 479 0
711 34 774 0
712 102 8 0
713 139 489 0
714 86 319 0
715 164 515 0
716 34 323 0
717 35 617 0
718 6 871 0
719 63 779 0
720 86 840 0
721 41 883 0
722 127 963 0
723 121 369 0
724 48 616 0
725 67 66 0
726 85 23 0
727 202 165 0
728 74 428 0
729 112 209 0
730 49 228 0
731 46 387 0
732 84 170 0
733 140 716 0
734 46 271 0
735 95 459 0
736 126 388 0
737 107 682 0
738 94 237 0
739 100 41 0
740 32 65 0
741 166 767 0
742 5 651 0
743 64 298 0
744 40 223 0
745 19 751 0
746 147 785 0
747 78 923 0
748 81 815 0
749 78 792 0
750 61 578 0
751 47 604 0
752 96 630 0
753 68 420 0
754 66 303 0
755 161 758 0
756 111 355 0
757 132 414 0
758 56 314 0
759 34 254 0
760 42 876 0
761 145 949 0
762 126 749 0
763 137 432 0
764 91 876 0
765 29 820 0
766 65 566 0
767 252 18 0
768 70 600 0
769 79 662 0
770 107 517 0
771 69 200 0
772 126 745 0
773 108 593 0
774 24 548 0
775 143 44 0
776 132 14 0
777 172 518 0
778 136 100 0
779 111 905 0
780 115 950 0
781 163 284 0
782 78 421 0
783 71 843 0
784 134 237 0
785 104 393 0
786 142 65 0
787 86 379 0
788 57 406 0
789 99 920 0
790 125 98 0
791 130 468 0
792 75 43 0
793 66 158 0
794 37 738 0
795 45 434 0
796 108 745 0
797 63 436 0
798 85 881 0
799 78 463 0
800 105 511 0
801 70 53 0
802 92 701 0
803 116 357 0
804 50 28 0
805 85 616 0
806 117 305 0
807 167 81 0
808 177 282 0
809 98 101 0
810 73 514 0
811 80 626 0
812 120 629 0
813 166 472 0
814 130 573 0
815 40 563 0
816 161 833 0
817 65 81 0
818 109 196 0
819 160 323 0
820 49 381 0
821 82 806 0
822 113 592 0
823 16 209 0
824 80 397 0
825 74 896 0
826 135 210 0
827 10 441 0
828 89 792 0
829 109 832 0
830 63 160 0
831 104 397 0
832 0 161 0
833 9 872 0
834 110 159 0
835 149 561 0
836 104 898 0
837 15 327 0
838 0 562 0
839 147 24 0
840 25 489 0
841 141 258 0
842 9 711 0
843 112 580 0
844 105 381 0
845 90 556 0
846 59 711 0
847 33 159 0
848 33 42 0
849 177 999 0
850 90 917 0
851 104 265 0
852 108 600 0
853 16 276 0
854 147 536 0
855 101 819 0
856 124 654 0
857 92 55 0
858 133 539 0
859 106 581 0
860 56 519 0
861 99 471 0
862 94 760 0
863 178 66 0
864 192 835 0
865 181 730 0
866 33 595 0
867 107 476 0
868 95 282 0
869 133 380 0
870 68 902 0
871 142 820 0
872 108 541 0
873 134 758 0
874 191 12 0
875 106 530 0
876 36 21 0
877 46 695 0
878 117 88 0
879 194 824 0
880 157 336 0
881 124 446 0
882 88 444 0
883 182 968 0
884 77 519 0
885 8 51 0
886 83 913 0
887 26 186 0
888 188 988 0
889 139 57 0
890 159 234 0
891 97 474 0
892 38 21 0
893 11 128 0
894 77 83 0
895 34 661 0
896 103 413 0
897 88 193 0
898 8 777 0
899 73 434 0
900 136 84 0
901 95 722 0
902 91 675 0
903 86 589 0
904 129 902 0
905 150 372 0
906 87 720 0
907 197 247 0
908 58 815 0
909 149 870 0
910 28 110 0
911 121 203 0
912 74 309 0
913 53 298 0
914 104 487 0
915 52 21 0
916 101 283 0
917 89 531 0
918 165 429 0
919 48 715 0
920 119 398 0
921 72 496 0
922 100 555 0
923 105 230 0
924 87 217 0
925 36 433 0
926 156 71 0
927 50 308 0
928 150 111 0
929 63 184 0
930 87 906 0
931 44 307 0
932 61 519 0
933 58 842 0
934 75 334 0
935 17 257 0
936 21 546 0
937 152 871 0
938 187 358 0
939 161 253 0
940 54 605 0
941 67 295 0
942 52 224 0
943 115 82 0
944 63 553 0
945 138 361 0
946 140 525 0
947 122 184 0
948 112 653 0
949 113 749 0
950 80 336 0
951 64 263 0
952 124 768 0
953 163 281 0
954 22 516 0
955 130 910 0
956 107 802 0
957 107 602 0
958 84 277 0
959 97 60 0
960 87 36 0
961 182 979 0
962 92 328 0
963 83 427 0
964 79 645 0
965 103 743 0
966 88 570 0
967 40 707 0
968 76 738 0
969 129 83 0
970 117 670 0
971 46 211 0
972 150 472 0
973 97 439 0
974 98 943 0
975 113 14 0
976 110 624 0
977 150 512 0
978 141 880 0
979 75 421 0
980 168 979 0
981 113 939 0
982 30 353 0
983 137 550 0
984 94 634 0
985 30 76 0
986 131 456 0
987 31 871 0
988 186 878 0
989 183 907 0
990 120 452 0
991 146 303 0
992 2 854 0
993 141 188 0
994 130 47 0
995 71 999 0
996 167 544 0
997 77 2 0
998 124 387 0
999 146 78 0
1000 57 13 0


FCFS	Overall waiting time: 48064828s
FCFS	Average waiting time: 48064.83s
	FCFS:	 0:00:31.306179 


FCLS	Overall waiting time: 48905148s
FCLS	Average waiting time: 48905.15s
	FCLS:	 0:00:33.937201 


SJF	Overall waiting time: 55444171s
SJF	Average waiting time: 55444.17s
	SFJ:	 0:00:38.412637


