1 4 328 0
2 8 253 0
3 3 984 0
4 4 73 0
5 9 146 0
6 1 630 0
7 2 798 0
8 6 387 0
9 5 696 0
10 8 240 0
11 8 110 0
12 5 645 0
13 6 181 0
14 4 83 0
15 5 849 0
16 6 154 0
17 6 626 0
18 7 326 0
19 8 374 0
20 6 389 0
21 5 841 0
22 0 483 0
23 3 2 0
24 7 502 0
25 1 145 0
26 7 629 0
27 4 812 0
28 6 312 0
29 0 355 0
30 4 599 0
31 6 506 0
32 6 331 0
33 7 709 0
34 6 322 0
35 8 27 0
36 7 730 0
37 4 2 0
38 9 437 0
39 3 703 0
40 4 617 0
41 6 863 0
42 5 337 0
43 5 462 0
44 4 602 0
45 2 795 0
46 6 108 0
47 8 174 0
48 2 206 0
49 5 191 0
50 3 379 0
51 4 941 0
52 6 477 0
53 3 658 0
54 6 86 0
55 7 338 0
56 6 706 0
57 5 59 0
58 4 873 0
59 2 214 0
60 3 573 0
61 7 611 0
62 6 77 0
63 6 102 0
64 6 255 0
65 8 268 0
66 7 811 0
67 3 819 0
68 2 82 0
69 6 773 0
70 6 274 0
71 5 621 0
72 7 662 0
73 8 722 0
74 4 890 0
75 7 990 0
76 5 360 0
77 9 490 0
78 8 541 0
79 6 34 0
80 4 984 0
81 8 600 0
82 9 669 0
83 5 947 0
84 6 350 0
85 6 317 0
86 5 825 0
87 6 316 0
88 5 40 0
89 7 350 0
90 6 99 0
91 6 42 0
92 4 967 0
93 6 494 0
94 8 480 0
95 6 669 0
96 3 71 0
97 5 790 0
98 4 981 0
99 1 193 0
100 7 734 0
101 7 706 0
102 6 479 0
103 4 909 0
104 5 838 0
105 3 233 0
106 2 205 0
107 6 700 0
108 7 753 0
109 7 9 0
110 9 839 0
111 1 759 0
112 7 237 0
113 6 932 0
114 4 601 0
115 7 451 0
116 1 542 0
117 4 92 0
118 4 503 0
119 5 111 0
120 3 997 0
121 6 230 0
122 4 790 0
123 7 168 0
124 8 988 0
125 5 619 0
126 4 178 0
127 6 519 0
128 2 193 0
129 7 562 0
130 4 655 0
131 5 537 0
132 4 662 0
133 3 594 0
134 8 485 0
135 7 187 0
136 8 833 0
137 2 92 0
138 6 197 0
139 4 944 0
140 9 510 0
141 4 355 0
142 6 887 0
143 9 860 0
144 6 916 0
145 6 474 0
146 5 449 0
147 4 487 0
148 5 497 0
149 7 909 0
150 4 575 0
151 3 899 0
152 3 447 0
153 4 321 0
154 8 297 0
155 1 830 0
156 1 263 0
157 5 872 0
158 8 382 0
159 9 563 0
160 6 101 0
161 4 699 0
162 5 60 0
163 4 789 0
164 6 258 0
165 8 340 0
166 6 541 0
167 3 990 0
168 6 956 0
169 7 205 0
170 7 207 0
171 4 283 0
172 7 140 0
173 5 37 0
174 4 574 0
175 4 246 0
176 4 561 0
177 5 953 0
178 8 299 0
179 11 165 0
180 9 925 0
181 9 91 0
182 6 613 0
183 8 337 0
184 6 331 0
185 8 135 0
186 3 140 0
187 7 462 0
188 1 546 0
189 3 461 0
190 7 169 0
191 3 627 0
192 5 943 0
193 6 934 0
194 4 831 0
195 8 786 0
196 3 872 0
197 6 226 0
198 3 773 0
199 5 29 0
200 9 263 0
201 3 137 0
202 7 976 0
203 5 341 0
204 4 892 0
205 5 619 0
206 4 679 0
207 6 897 0
208 6 904 0
209 5 286 0
210 3 718 0
211 7 834 0
212 7 970 0
213 7 638 0
214 5 436 0
215 1 527 0
216 6 803 0
217 6 943 0
218 5 721 0
219 6 188 0
220 4 576 0
221 4 691 0
222 6 943 0
223 6 519 0
224 2 109 0
225 5 342 0
226 6 212 0
227 6 267 0
228 8 130 0
229 8 878 0
230 4 362 0
231 4 198 0
232 8 87 0
233 3 30 0
234 4 910 0
235 6 456 0
236 7 791 0
237 3 832 0
238 5 984 0
239 7 177 0
240 8 866 0
241 7 463 0
242 5 361 0
243 9 788 0
244 6 842 0
245 6 224 0
246 5 769 0
247 4 969 0
248 7 436 0
249 4 409 0
250 2 561 0
251 2 30 0
252 6 756 0
253 3 661 0
254 6 732 0
255 5 423 0
256 9 867 0
257 5 697 0
258 4 720 0
259 7 413 0
260 5 943 0
261 5 698 0
262 4 347 0
263 5 618 0
264 8 954 0
265 6 797 0
266 3 12 0
267 5 665 0
268 9 745 0
269 4 286 0
270 7 361 0
271 3 754 0
272 6 616 0
273 6 136 0
274 4 302 0
275 4 577 0
276 7 379 0
277 6 781 0
278 7 867 0
279 7 103 0
280 8 19 0
281 5 653 0
282 7 123 0
283 9 812 0
284 3 39 0
285 8 508 0
286 4 815 0
287 6 639 0
288 7 626 0
289 7 172 0
290 5 923 0
291 5 742 0
292 5 525 0
293 4 922 0
294 7 575 0
295 9 395 0
296 6 556 0
297 6 859 0
298 3 196 0
299 4 566 0
300 7 745 0
301 9 900 0
302 10 903 0
303 5 431 0
304 4 946 0
305 4 464 0
306 8 554 0
307 5 518 0
308 7 445 0
309 8 996 0
310 4 675 0
311 6 305 0
312 6 613 0
313 9 474 0
314 6 341 0
315 5 829 0
316 8 849 0
317 5 81 0
318 4 46 0
319 6 767 0
320 6 981 0
321 5 99 0
322 5 434 0
323 2 506 0
324 6 893 0
325 7 100 0
326 5 478 0
327 3 950 0
328 5 11 0
329 11 802 0
330 5 523 0
331 4 577 0
332 5 288 0
333 6 733 0
334 2 802 0
335 3 6 0
336 6 903 0
337 1 366 0
338 5 880 0
339 5 335 0
340 6 853 0
341 2 709 0
342 5 848 0
343 7 742 0
344 1 116 0
345 3 482 0
346 3 376 0
347 0 220 0
348 6 358 0
349 5 395 0
350 2 189 0
351 5 411 0
352 7 217 0
353 2 90 0
354 7 992 0
355 9 497 0
356 6 652 0
357 7 710 0
358 8 974 0
359 8 623 0
360 4 112 0
361 6 388 0
362 4 968 0
363 7 928 0
364 7 814 0
365 5 112 0
366 4 930 0
367 7 456 0
368 2 184 0
369 3 848 0
370 1 445 0
371 9 216 0
372 6 662 0
373 7 562 0
374 6 417 0
375 7 21 0
376 1 762 0
377 5 121 0
378 3 711 0
379 3 385 0
380 3 834 0
381 8 102 0
382 7 982 0
383 7 729 0
384 5 796 0
385 5 716 0
386 5 237 0
387 4 500 0
388 4 226 0
389 6 763 0
390 5 177 0
391 7 867 0
392 5 551 0
393 7 954 0
394 9 718 0
395 6 810 0
396 8 604 0
397 3 73 0
398 7 908 0
399 10 71 0
400 6 445 0
401 8 555 0
402 8 227 0
403 4 344 0
404 6 461 0
405 2 111 0
406 3 266 0
407 5 722 0
408 9 219 0
409 5 808 0
410 6 181 0
411 5 86 0
412 4 69 0
413 6 639 0
414 11 989 0
415 8 636 0
416 7 402 0
417 3 277 0
418 4 205 0
419 3 443 0
420 7 983 0
421 2 543 0
422 6 707 0
423 2 133 0
424 5 412 0
425 7 376 0
426 6 581 0
427 6 153 0
428 6 802 0
429 6 818 0
430 2 581 0
431 8 83 0
432 7 791 0
433 4 507 0
434 8 688 0
435 2 762 0
436 4 972 0
437 7 633 0
438 6 509 0
439 5 21 0
440 4 670 0
441 6 707 0
442 3 760 0
443 2 498 0
444 7 101 0
445 6 956 0
446 6 597 0
447 2 7 0
448 4 247 0
449 5 125 0
450 6 812 0
451 7 386 0
452 3 685 0
453 5 653 0
454 6 612 0
455 6 68 0
456 6 632 0
457 7 928 0
458 6 272 0
459 3 315 0
460 1 262 0
461 5 924 0
462 4 839 0
463 6 855 0
464 7 83 0
465 5 84 0
466 8 830 0
467 4 409 0
468 4 393 0
469 9 827 0
470 5 932 0
471 5 639 0
472 7 977 0
473 7 590 0
474 12 160 0
475 4 513 0
476 6 36 0
477 5 625 0
478 2 441 0
479 4 929 0
480 6 110 0
481 5 370 0
482 6 300 0
483 7 254 0
484 5 406 0
485 3 169 0
486 9 142 0
487 5 834 0
488 4 346 0
489 6 124 0
490 6 892 0
491 10 370 0
492 5 421 0
493 9 48 0
494 3 966 0
495 6 852 0
496 7 401 0
497 3 668 0
498 3 158 0
499 6 193 0
500 4 414 0
501 9 716 0
502 7 189 0
503 6 444 0
504 7 623 0
505 5 583 0
506 4 920 0
507 4 70 0
508 8 469 0
509 5 135 0
510 4 648 0
511 5 68 0
512 6 688 0
513 3 57 0
514 10 310 0
515 10 217 0
516 3 444 0
517 5 617 0
518 3 48 0
519 5 114 0
520 5 171 0
521 8 392 0
522 7 473 0
523 5 386 0
524 6 738 0
525 7 245 0
526 7 469 0
527 5 305 0
528 5 529 0
529 9 72 0
530 7 563 0
531 6 724 0
532 2 854 0
533 3 871 0
534 3 544 0
535 3 411 0
536 7 666 0
537 2 963 0
538 3 663 0
539 5 482 0
540 9 404 0
541 1 17 0
542 4 989 0
543 9 930 0
544 4 788 0
545 5 934 0
546 4 521 0
547 5 508 0
548 4 691 0
549 5 88 0
550 6 635 0
551 3 600 0
552 7 547 0
553 6 415 0
554 8 22 0
555 3 434 0
556 4 277 0
557 6 194 0
558 3 189 0
559 9 774 0
560 9 326 0
561 6 486 0
562 5 930 0
563 6 181 0
564 6 105 0
565 6 428 0
566 7 117 0
567 4 268 0
568 5 37 0
569 6 530 0
570 8 120 0
571 5 937 0
572 6 571 0
573 6 92 0
574 8 584 0
575 1 848 0
576 2 113 0
577 5 873 0
578 8 749 0
579 6 717 0
580 10 628 0
581 5 584 0
582 4 63 0
583 2 585 0
584 7 332 0
585 6 338 0
586 7 118 0
587 8 803 0
588 6 706 0
589 8 490 0
590 4 173 0
591 10 120 0
592 5 736 0
593 2 593 0
594 7 588 0
595 6 662 0
596 7 908 0
597 9 193 0
598 4 716 0
599 5 988 0
600 7 106 0
601 3 468 0
602 5 371 0
603 6 508 0
604 6 957 0
605 3 671 0
606 5 286 0
607 3 589 0
608 8 843 0
609 6 714 0
610 6 227 0
611 4 132 0
612 5 255 0
613 4 27 0
614 3 135 0
615 5 525 0
616 2 757 0
617 4 275 0
618 6 626 0
619 8 613 0
620 6 477 0
621 4 58 0
622 5 140 0
623 9 557 0
624 6 429 0
625 5 799 0
626 6 650 0
627 8 612 0
628 10 510 0
629 6 956 0
630 6 735 0
631 4 994 0
632 3 284 0
633 9 405 0
634 5 751 0
635 5 546 0
636 5 806 0
637 5 126 0
638 5 988 0
639 5 936 0
640 4 496 0
641 6 777 0
642 7 524 0
643 4 264 0
644 4 586 0
645 3 796 0
646 5 745 0
647 9 402 0
648 1 662 0
649 5 774 0
650 7 705 0
651 7 605 0
652 3 90 0
653 5 426 0
654 6 911 0
655 7 173 0
656 6 720 0
657 3 79 0
658 10 855 0
659 6 691 0
660 4 526 0
661 8 191 0
662 7 157 0
663 7 23 0
664 10 998 0
665 6 839 0
666 5 607 0
667 4 141 0
668 5 908 0
669 7 366 0
670 6 271 0
671 6 444 0
672 5 365 0
673 8 149 0
674 7 566 0
675 4 405 0
676 5 286 0
677 7 688 0
678 9 878 0
679 6 524 0
680 6 40 0
681 8 753 0
682 5 728 0
683 6 707 0
684 6 6 0
685 3 432 0
686 6 166 0
687 7 592 0
688 3 202 0
689 9 780 0
690 4 185 0
691 5 155 0
692 3 369 0
693 3 301 0
694 6 71 0
695 8 953 0
696 4 902 0
697 3 700 0
698 6 865 0
699 2 144 0
700 7 64 0
701 7 717 0
702 6 562 0
703 3 841 0
704 2 167 0
705 5 879 0
706 5 659 0
707 4 133 0
708 7 614 0
709 3 521 0
710 9 532 0
711 6 450 0
712 7 301 0
713 6 295 0
714 5 130 0
715 5 71 0
716 5 792 0
717 10 690 0
718 3 619 0
719 7 372 0
720 7 835 0
721 4 228 0
722 6 953 0
723 4 889 0
724 4 467 0
725 3 6 0
726 7 137 0
727 2 762 0
728 5 531 0
729 6 877 0
730 8 439 0
731 7 949 0
732 7 72 0
733 4 117 0
734 8 278 0
735 8 916 0
736 7 266 0
737 8 312 0
738 3 758 0
739 4 745 0
740 5 490 0
741 8 375 0
742 5 395 0
743 6 602 0
744 7 178 0
745 8 733 0
746 1 766 0
747 5 981 0
748 7 789 0
749 3 277 0
750 6 943 0
751 2 264 0
752 2 217 0
753 3 370 0
754 6 190 0
755 5 250 0
756 6 481 0
757 0 680 0
758 4 524 0
759 10 336 0
760 6 361 0
761 10 24 0
762 7 271 0
763 3 716 0
764 6 368 0
765 4 468 0
766 8 122 0
767 5 392 0
768 4 746 0
769 5 945 0
770 6 834 0
771 6 722 0
772 6 707 0
773 6 238 0
774 5 428 0
775 4 820 0
776 7 306 0
777 8 117 0
778 5 156 0
779 5 971 0
780 5 824 0
781 4 707 0
782 7 874 0
783 5 97 0
784 7 802 0
785 7 666 0
786 7 265 0
787 2 135 0
788 6 813 0
789 8 423 0
790 5 621 0
791 7 358 0
792 5 608 0
793 8 689 0
794 8 655 0
795 5 551 0
796 8 331 0
797 5 98 0
798 4 247 0
799 5 403 0
800 6 856 0
801 4 360 0
802 4 85 0
803 5 501 0
804 6 426 0
805 2 710 0
806 6 424 0
807 6 147 0
808 5 491 0
809 6 471 0
810 6 235 0
811 7 671 0
812 3 823 0
813 5 402 0
814 6 902 0
815 7 510 0
816 5 740 0
817 5 904 0
818 1 341 0
819 4 792 0
820 7 866 0
821 6 46 0
822 7 80 0
823 3 64 0
824 9 32 0
825 4 762 0
826 8 958 0
827 6 656 0
828 1 416 0
829 5 326 0
830 8 945 0
831 7 103 0
832 5 563 0
833 7 491 0
834 6 211 0
835 9 52 0
836 6 675 0
837 5 829 0
838 1 993 0
839 6 833 0
840 4 793 0
841 5 37 0
842 6 311 0
843 6 162 0
844 2 413 0
845 7 963 0
846 3 330 0
847 6 77 0
848 6 508 0
849 5 580 0
850 5 819 0
851 6 857 0
852 3 5 0
853 6 524 0
854 6 117 0
855 4 863 0
856 5 615 0
857 9 755 0
858 7 847 0
859 9 607 0
860 2 752 0
861 5 674 0
862 5 278 0
863 6 632 0
864 4 198 0
865 0 125 0
866 5 776 0
867 7 469 0
868 7 512 0
869 5 746 0
870 3 226 0
871 3 70 0
872 7 784 0
873 5 928 0
874 4 356 0
875 4 253 0
876 4 588 0
877 4 316 0
878 5 903 0
879 9 302 0
880 5 760 0
881 7 620 0
882 4 913 0
883 7 59 0
884 4 966 0
885 6 257 0
886 6 319 0
887 4 489 0
888 5 73 0
889 7 869 0
890 6 139 0
891 7 72 0
892 6 180 0
893 7 34 0
894 5 999 0
895 6 234 0
896 6 539 0
897 6 232 0
898 5 120 0
899 2 112 0
900 3 527 0
901 6 955 0
902 6 263 0
903 6 605 0
904 6 824 0
905 4 354 0
906 6 163 0
907 8 111 0
908 3 714 0
909 5 868 0
910 8 101 0
911 3 315 0
912 7 981 0
913 4 694 0
914 4 979 0
915 4 302 0
916 6 68 0
917 6 497 0
918 7 759 0
919 5 582 0
920 2 345 0
921 7 661 0
922 8 491 0
923 7 970 0
924 3 476 0
925 3 948 0
926 7 249 0
927 4 758 0
928 4 864 0
929 3 384 0
930 9 889 0
931 8 36 0
932 3 954 0
933 2 574 0
934 4 334 0
935 6 157 0
936 6 115 0
937 8 602 0
938 8 14 0
939 7 502 0
940 5 184 0
941 7 868 0
942 5 858 0
943 5 651 0
944 2 175 0
945 6 535 0
946 8 540 0
947 4 449 0
948 5 503 0
949 5 970 0
950 6 825 0
951 9 773 0
952 6 8 0
953 7 147 0
954 9 923 0
955 7 782 0
956 10 734 0
957 7 640 0
958 5 344 0
959 6 510 0
960 9 57 0
961 8 683 0
962 6 770 0
963 5 12 0
964 2 777 0
965 4 230 0
966 6 76 0
967 5 912 0
968 6 295 0
969 5 26 0
970 1 104 0
971 9 229 0
972 8 244 0
973 6 740 0
974 3 446 0
975 5 418 0
976 4 527 0
977 6 62 0
978 4 235 0
979 4 586 0
980 5 881 0
981 3 514 0
982 8 380 0
983 9 438 0
984 7 265 0
985 7 736 0
986 6 714 0
987 9 564 0
988 6 761 0
989 5 341 0
990 5 871 0
991 5 26 0
992 5 253 0
993 5 699 0
994 7 646 0
995 1 898 0
996 6 797 0
997 6 274 0
998 6 562 0
999 3 155 0
1000 8 195 0
