1 6 430 0
2 5 113 0
3 7 243 0
4 7 908 0
5 7 781 0
6 7 845 0
7 7 252 0
8 8 620 0
9 4 508 0
10 7 917 0
11 8 248 0
12 6 676 0
13 5 448 0
14 8 153 0
15 3 635 0
16 7 572 0
17 4 510 0
18 8 698 0
19 8 340 0
20 5 587 0
21 3 228 0
22 6 867 0
23 6 299 0
24 5 411 0
25 7 784 0
26 4 21 0
27 2 824 0
28 7 596 0
29 8 516 0
30 7 743 0
31 6 608 0
32 4 333 0
33 2 78 0
34 9 405 0
35 5 550 0
36 8 15 0
37 7 933 0
38 5 916 0
39 4 336 0
40 8 409 0
41 5 316 0
42 4 451 0
43 4 696 0
44 6 142 0
45 6 602 0
46 2 546 0
47 3 610 0
48 8 924 0
49 5 980 0
50 6 48 0
51 7 945 0
52 3 59 0
53 6 32 0
54 6 369 0
55 6 50 0
56 4 417 0
57 0 372 0
58 4 197 0
59 1 987 0
60 5 310 0
61 4 189 0
62 6 860 0
63 2 474 0
64 8 649 0
65 2 295 0
66 4 170 0
67 5 127 0
68 5 846 0
69 6 740 0
70 4 31 0
71 4 71 0
72 6 642 0
73 5 75 0
74 5 103 0
75 4 166 0
76 4 587 0
77 4 279 0
78 9 600 0
79 4 824 0
80 1 486 0
81 6 248 0
82 5 732 0
83 5 79 0
84 6 968 0
85 4 540 0
86 5 260 0
87 4 177 0
88 3 549 0
89 4 999 0
90 3 30 0
91 5 295 0
92 4 27 0
93 6 273 0
94 7 748 0
95 5 171 0
96 2 865 0
97 3 738 0
98 5 999 0
99 4 887 0
100 5 294 0
101 9 538 0
102 6 342 0
103 4 27 0
104 5 616 0
105 5 694 0
106 3 280 0
107 4 164 0
108 7 801 0
109 3 53 0
110 2 673 0
111 6 404 0
112 6 419 0
113 8 392 0
114 7 213 0
115 7 150 0
116 6 804 0
117 7 570 0
118 4 576 0
119 5 787 0
120 2 97 0
121 4 537 0
122 7 161 0
123 6 865 0
124 1 6 0
125 6 679 0
126 8 897 0
127 6 442 0
128 9 356 0
129 1 186 0
130 6 331 0
131 6 218 0
132 4 116 0
133 8 352 0
134 2 57 0
135 4 825 0
136 5 382 0
137 5 258 0
138 6 303 0
139 6 595 0
140 8 718 0
141 8 962 0
142 5 973 0
143 4 13 0
144 6 674 0
145 8 885 0
146 7 313 0
147 5 982 0
148 8 384 0
149 6 823 0
150 4 557 0
151 6 223 0
152 5 663 0
153 5 143 0
154 3 549 0
155 5 714 0
156 8 167 0
157 7 175 0
158 8 597 0
159 3 264 0
160 8 658 0
161 6 26 0
162 4 585 0
163 5 484 0
164 6 790 0
165 2 191 0
166 5 885 0
167 5 537 0
168 5 959 0
169 3 975 0
170 4 309 0
171 6 268 0
172 6 413 0
173 2 654 0
174 8 580 0
175 7 909 0
176 6 387 0
177 5 88 0
178 1 598 0
179 6 53 0
180 4 646 0
181 8 407 0
182 5 515 0
183 6 905 0
184 8 874 0
185 5 457 0
186 9 25 0
187 6 778 0
188 9 954 0
189 4 394 0
190 5 582 0
191 5 2 0
192 6 596 0
193 6 646 0
194 5 881 0
195 5 166 0
196 8 821 0
197 3 57 0
198 7 758 0
199 5 740 0
200 5 596 0
201 8 513 0
202 3 341 0
203 6 660 0
204 2 547 0
205 6 858 0
206 6 152 0
207 7 945 0
208 8 281 0
209 7 681 0
210 3 627 0
211 5 792 0
212 4 988 0
213 7 170 0
214 4 375 0
215 6 847 0
216 5 304 0
217 8 507 0
218 4 465 0
219 7 74 0
220 4 406 0
221 2 514 0
222 4 949 0
223 6 915 0
224 7 608 0
225 5 971 0
226 7 167 0
227 6 928 0
228 4 102 0
229 6 571 0
230 5 66 0
231 7 60 0
232 6 722 0
233 4 726 0
234 5 648 0
235 6 589 0
236 1 553 0
237 5 548 0
238 7 591 0
239 6 480 0
240 6 375 0
241 6 928 0
242 7 1 0
243 4 326 0
244 2 932 0
245 3 563 0
246 7 187 0
247 3 227 0
248 5 805 0
249 3 770 0
250 6 805 0
251 4 438 0
252 7 282 0
253 7 87 0
254 4 717 0
255 10 614 0
256 4 878 0
257 6 628 0
258 7 170 0
259 7 597 0
260 0 13 0
261 6 157 0
262 7 502 0
263 6 425 0
264 6 603 0
265 5 136 0
266 5 285 0
267 8 899 0
268 8 292 0
269 1 500 0
270 6 551 0
271 2 191 0
272 12 241 0
273 6 987 0
274 0 862 0
275 6 369 0
276 3 834 0
277 4 670 0
278 4 303 0
279 3 621 0
280 4 997 0
281 9 648 0
282 5 238 0
283 5 279 0
284 1 136 0
285 8 185 0
286 6 587 0
287 6 536 0
288 1 837 0
289 7 983 0
290 1 119 0
291 6 11 0
292 6 929 0
293 6 264 0
294 3 235 0
295 4 829 0
296 6 917 0
297 8 544 0
298 5 369 0
299 1 674 0
300 3 499 0
301 5 16 0
302 5 471 0
303 4 909 0
304 6 328 0
305 3 803 0
306 7 93 0
307 6 660 0
308 4 364 0
309 3 35 0
310 7 358 0
311 9 663 0
312 9 724 0
313 4 164 0
314 6 529 0
315 3 93 0
316 6 829 0
317 6 128 0
318 6 602 0
319 6 812 0
320 7 825 0
321 8 833 0
322 5 644 0
323 7 105 0
324 6 976 0
325 0 474 0
326 0 365 0
327 5 319 0
328 4 875 0
329 3 438 0
330 2 9 0
331 8 645 0
332 1 40 0
333 7 847 0
334 8 515 0
335 7 8 0
336 7 230 0
337 4 788 0
338 5 578 0
339 6 860 0
340 7 423 0
341 7 356 0
342 5 708 0
343 6 86 0
344 4 177 0
345 4 381 0
346 6 86 0
347 4 240 0
348 4 342 0
349 4 388 0
350 6 529 0
351 9 673 0
352 7 391 0
353 5 439 0
354 10 73 0
355 9 1 0
356 7 147 0
357 7 24 0
358 3 590 0
359 5 47 0
360 5 534 0
361 7 165 0
362 6 6 0
363 5 745 0
364 5 490 0
365 5 608 0
366 6 954 0
367 6 910 0
368 5 844 0
369 2 575 0
370 2 644 0
371 9 905 0
372 8 394 0
373 8 159 0
374 5 204 0
375 2 550 0
376 5 692 0
377 7 73 0
378 3 305 0
379 6 789 0
380 6 221 0
381 4 221 0
382 6 777 0
383 6 354 0
384 5 424 0
385 9 270 0
386 5 228 0
387 9 598 0
388 5 444 0
389 5 434 0
390 5 427 0
391 2 656 0
392 7 467 0
393 7 258 0
394 5 59 0
395 3 922 0
396 4 836 0
397 3 952 0
398 4 856 0
399 6 633 0
400 3 904 0
401 5 216 0
402 7 711 0
403 5 655 0
404 5 38 0
405 5 700 0
406 3 574 0
407 3 347 0
408 1 817 0
409 5 674 0
410 5 299 0
411 5 340 0
412 5 958 0
413 5 114 0
414 6 434 0
415 9 359 0
416 6 172 0
417 6 836 0
418 5 861 0
419 9 378 0
420 9 493 0
421 5 941 0
422 5 396 0
423 8 185 0
424 5 580 0
425 9 29 0
426 6 728 0
427 5 82 0
428 1 550 0
429 4 386 0
430 5 707 0
431 4 8 0
432 2 529 0
433 5 26 0
434 8 400 0
435 4 914 0
436 6 616 0
437 7 694 0
438 7 68 0
439 4 108 0
440 8 423 0
441 8 986 0
442 7 672 0
443 8 745 0
444 9 10 0
445 6 935 0
446 6 490 0
447 4 727 0
448 5 682 0
449 7 561 0
450 5 689 0
451 0 850 0
452 5 725 0
453 6 156 0
454 5 951 0
455 3 187 0
456 5 895 0
457 8 196 0
458 7 896 0
459 2 761 0
460 5 213 0
461 2 168 0
462 7 19 0
463 5 163 0
464 9 456 0
465 5 743 0
466 5 401 0
467 4 689 0
468 4 973 0
469 8 848 0
470 9 890 0
471 4 809 0
472 8 231 0
473 7 595 0
474 5 932 0
475 6 913 0
476 6 471 0
477 4 447 0
478 6 193 0
479 4 133 0
480 7 309 0
481 7 843 0
482 6 932 0
483 6 971 0
484 6 599 0
485 6 166 0
486 6 937 0
487 5 831 0
488 4 472 0
489 7 924 0
490 9 140 0
491 8 412 0
492 2 80 0
493 6 623 0
494 6 109 0
495 3 954 0
496 6 77 0
497 6 629 0
498 5 189 0
499 7 113 0
500 8 641 0
501 4 804 0
502 4 609 0
503 5 572 0
504 6 359 0
505 10 921 0
506 2 273 0
507 6 440 0
508 2 654 0
509 2 528 0
510 5 819 0
511 7 926 0
512 5 244 0
513 9 294 0
514 4 42 0
515 5 732 0
516 4 982 0
517 4 241 0
518 5 551 0
519 4 993 0
520 6 381 0
521 7 732 0
522 4 683 0
523 3 827 0
524 8 562 0
525 5 657 0
526 5 469 0
527 4 997 0
528 5 850 0
529 5 96 0
530 3 176 0
531 2 684 0
532 2 270 0
533 5 415 0
534 6 64 0
535 4 885 0
536 5 492 0
537 8 416 0
538 6 751 0
539 7 243 0
540 4 783 0
541 5 459 0
542 3 149 0
543 4 53 0
544 7 488 0
545 6 217 0
546 9 297 0
547 7 133 0
548 4 369 0
549 2 470 0
550 6 881 0
551 5 226 0
552 7 477 0
553 7 184 0
554 5 420 0
555 5 232 0
556 5 883 0
557 6 519 0
558 6 947 0
559 7 31 0
560 5 859 0
561 7 570 0
562 6 429 0
563 6 85 0
564 5 473 0
565 5 764 0
566 4 556 0
567 7 667 0
568 7 677 0
569 4 357 0
570 6 81 0
571 4 48 0
572 4 639 0
573 6 893 0
574 9 981 0
575 6 73 0
576 3 988 0
577 7 202 0
578 2 47 0
579 6 439 0
580 10 772 0
581 8 499 0
582 7 568 0
583 4 383 0
584 5 230 0
585 5 931 0
586 8 639 0
587 8 792 0
588 7 808 0
589 6 333 0
590 7 582 0
591 7 719 0
592 3 383 0
593 4 250 0
594 6 685 0
595 7 619 0
596 0 352 0
597 8 584 0
598 3 195 0
599 4 466 0
600 7 6 0
601 0 163 0
602 5 484 0
603 5 954 0
604 7 749 0
605 1 90 0
606 4 647 0
607 5 999 0
608 4 349 0
609 7 12 0
610 8 404 0
611 6 576 0
612 6 150 0
613 7 741 0
614 6 540 0
615 7 927 0
616 9 737 0
617 3 914 0
618 4 902 0
619 7 960 0
620 6 387 0
621 6 626 0
622 8 780 0
623 3 889 0
624 6 485 0
625 5 615 0
626 3 497 0
627 6 490 0
628 4 650 0
629 7 752 0
630 4 310 0
631 9 191 0
632 3 336 0
633 5 239 0
634 5 567 0
635 6 648 0
636 5 111 0
637 7 700 0
638 3 652 0
639 6 339 0
640 3 375 0
641 9 547 0
642 4 46 0
643 7 864 0
644 2 80 0
645 7 181 0
646 6 756 0
647 10 935 0
648 7 376 0
649 5 389 0
650 8 688 0
651 9 781 0
652 9 439 0
653 5 465 0
654 5 736 0
655 5 732 0
656 7 368 0
657 6 171 0
658 4 701 0
659 4 54 0
660 7 875 0
661 6 174 0
662 7 211 0
663 2 256 0
664 8 161 0
665 4 4 0
666 7 598 0
667 7 37 0
668 6 385 0
669 6 309 0
670 5 807 0
671 7 755 0
672 6 931 0
673 6 184 0
674 5 373 0
675 6 997 0
676 7 265 0
677 4 830 0
678 7 83 0
679 6 13 0
680 6 816 0
681 2 27 0
682 5 45 0
683 9 588 0
684 7 355 0
685 9 135 0
686 5 512 0
687 5 653 0
688 10 890 0
689 3 783 0
690 3 56 0
691 5 376 0
692 4 277 0
693 6 558 0
694 6 435 0
695 6 638 0
696 6 556 0
697 5 66 0
698 4 480 0
699 5 676 0
700 6 762 0
701 7 222 0
702 7 323 0
703 7 263 0
704 5 253 0
705 4 299 0
706 6 578 0
707 4 980 0
708 3 239 0
709 4 196 0
710 6 702 0
711 6 352 0
712 6 305 0
713 4 108 0
714 6 59 0
715 8 548 0
716 5 988 0
717 7 872 0
718 6 379 0
719 8 387 0
720 11 814 0
721 3 205 0
722 7 423 0
723 6 408 0
724 4 620 0
725 6 740 0
726 8 164 0
727 5 520 0
728 11 267 0
729 6 536 0
730 5 819 0
731 6 818 0
732 8 630 0
733 5 571 0
734 8 774 0
735 7 522 0
736 6 796 0
737 5 730 0
738 7 486 0
739 5 859 0
740 3 668 0
741 3 886 0
742 4 312 0
743 7 834 0
744 6 461 0
745 8 670 0
746 6 321 0
747 4 843 0
748 4 251 0
749 6 124 0
750 3 931 0
751 9 258 0
752 4 364 0
753 12 379 0
754 5 439 0
755 2 776 0
756 8 601 0
757 4 201 0
758 5 652 0
759 7 165 0
760 7 966 0
761 7 661 0
762 7 780 0
763 5 581 0
764 7 450 0
765 10 450 0
766 8 82 0
767 11 121 0
768 6 625 0
769 4 78 0
770 5 39 0
771 4 264 0
772 7 903 0
773 7 466 0
774 4 549 0
775 3 96 0
776 8 927 0
777 3 458 0
778 5 787 0
779 7 284 0
780 5 31 0
781 5 816 0
782 7 537 0
783 4 859 0
784 5 837 0
785 5 471 0
786 7 210 0
787 5 875 0
788 9 251 0
789 7 836 0
790 8 957 0
791 5 764 0
792 6 259 0
793 7 763 0
794 1 679 0
795 5 515 0
796 5 324 0
797 7 100 0
798 5 368 0
799 4 660 0
800 5 553 0
801 4 461 0
802 5 723 0
803 4 175 0
804 5 863 0
805 6 823 0
806 7 648 0
807 7 404 0
808 8 478 0
809 5 777 0
810 5 338 0
811 6 829 0
812 6 329 0
813 3 244 0
814 9 99 0
815 7 486 0
816 7 258 0
817 8 976 0
818 8 718 0
819 7 945 0
820 4 268 0
821 5 491 0
822 5 832 0
823 7 703 0
824 8 664 0
825 8 236 0
826 5 128 0
827 3 214 0
828 8 554 0
829 6 787 0
830 4 646 0
831 6 679 0
832 5 819 0
833 6 144 0
834 7 306 0
835 5 339 0
836 0 529 0
837 4 116 0
838 4 741 0
839 5 227 0
840 2 386 0
841 8 852 0
842 3 810 0
843 8 270 0
844 6 77 0
845 8 635 0
846 7 370 0
847 3 859 0
848 2 32 0
849 7 820 0
850 3 172 0
851 5 510 0
852 7 433 0
853 6 726 0
854 8 851 0
855 8 960 0
856 7 357 0
857 7 385 0
858 7 45 0
859 6 147 0
860 3 903 0
861 5 707 0
862 4 817 0
863 5 318 0
864 6 788 0
865 4 23 0
866 4 243 0
867 6 536 0
868 5 474 0
869 3 150 0
870 7 729 0
871 9 128 0
872 5 722 0
873 6 193 0
874 5 695 0
875 0 374 0
876 7 876 0
877 6 618 0
878 3 880 0
879 7 631 0
880 7 571 0
881 7 702 0
882 4 820 0
883 9 818 0
884 3 548 0
885 7 175 0
886 5 766 0
887 1 68 0
888 2 818 0
889 5 734 0
890 9 625 0
891 5 672 0
892 4 791 0
893 4 488 0
894 7 746 0
895 6 807 0
896 4 846 0
897 3 258 0
898 5 922 0
899 6 356 0
900 8 300 0
901 4 71 0
902 8 163 0
903 8 456 0
904 7 321 0
905 5 341 0
906 3 620 0
907 5 957 0
908 7 761 0
909 4 494 0
910 10 778 0
911 9 703 0
912 4 43 0
913 3 446 0
914 5 418 0
915 4 272 0
916 4 174 0
917 5 903 0
918 6 692 0
919 8 131 0
920 4 498 0
921 4 390 0
922 4 524 0
923 7 249 0
924 4 830 0
925 6 530 0
926 0 815 0
927 4 712 0
928 6 303 0
929 3 476 0
930 4 698 0
931 6 836 0
932 2 110 0
933 6 509 0
934 6 874 0
935 6 690 0
936 6 186 0
937 7 505 0
938 5 905 0
939 7 134 0
940 4 220 0
941 9 63 0
942 8 620 0
943 4 20 0
944 5 510 0
945 5 13 0
946 6 900 0
947 8 249 0
948 3 477 0
949 6 641 0
950 5 922 0
951 4 83 0
952 7 688 0
953 8 952 0
954 5 976 0
955 5 828 0
956 2 764 0
957 4 774 0
958 3 449 0
959 4 792 0
960 6 948 0
961 7 603 0
962 6 607 0
963 6 55 0
964 7 285 0
965 4 453 0
966 4 959 0
967 3 964 0
968 8 809 0
969 7 331 0
970 6 363 0
971 4 629 0
972 5 607 0
973 7 814 0
974 5 315 0
975 3 739 0
976 4 472 0
977 10 784 0
978 8 619 0
979 6 211 0
980 8 456 0
981 5 439 0
982 3 295 0
983 3 533 0
984 6 263 0
985 8 960 0
986 3 805 0
987 4 68 0
988 4 432 0
989 5 227 0
990 5 665 0
991 7 780 0
992 5 918 0
993 7 265 0
994 7 104 0
995 10 939 0
996 6 523 0
997 5 857 0
998 3 184 0
999 3 802 0
1000 4 506 0
