1 8 399 0
2 8 291 0
3 7 632 0
4 5 50 0
5 5 678 0
6 5 62 0
7 6 783 0
8 8 336 0
9 9 761 0
10 5 478 0
11 6 982 0
12 5 690 0
13 6 860 0
14 4 469 0
15 5 115 0
16 8 278 0
17 5 57 0
18 8 68 0
19 6 875 0
20 4 635 0
21 4 96 0
22 5 367 0
23 8 842 0
24 4 551 0
25 1 968 0
26 2 254 0
27 7 873 0
28 4 190 0
29 5 836 0
30 7 307 0
31 2 841 0
32 2 291 0
33 6 99 0
34 0 284 0
35 4 822 0
36 4 319 0
37 6 199 0
38 5 33 0
39 4 153 0
40 5 793 0
41 5 604 0
42 6 691 0
43 5 583 0
44 5 831 0
45 6 749 0
46 6 592 0
47 8 890 0
48 5 554 0
49 1 501 0
50 6 533 0
51 6 796 0
52 8 565 0
53 4 628 0
54 4 286 0
55 6 602 0
56 6 262 0
57 2 274 0
58 4 817 0
59 4 581 0
60 8 393 0
61 4 874 0
62 5 159 0
63 4 552 0
64 6 749 0
65 6 228 0
66 4 214 0
67 8 770 0
68 7 840 0
69 5 214 0
70 5 258 0
71 8 554 0
72 5 599 0
73 5 829 0
74 5 431 0
75 8 408 0
76 3 296 0
77 10 867 0
78 3 16 0
79 4 334 0
80 7 743 0
81 5 664 0
82 2 754 0
83 4 870 0
84 5 394 0
85 6 228 0
86 6 326 0
87 4 636 0
88 4 868 0
89 5 285 0
90 5 33 0
91 7 466 0
92 4 464 0
93 4 223 0
94 7 188 0
95 7 623 0
96 5 501 0
97 7 669 0
98 5 639 0
99 6 317 0
100 5 130 0
101 5 823 0
102 8 705 0
103 4 910 0
104 7 973 0
105 5 975 0
106 6 933 0
107 6 861 0
108 8 67 0
109 4 303 0
110 7 769 0
111 4 482 0
112 4 732 0
113 3 894 0
114 5 521 0
115 7 787 0
116 8 95 0
117 5 131 0
118 2 687 0
119 8 17 0
120 2 994 0
121 7 821 0
122 6 217 0
123 1 713 0
124 4 661 0
125 4 533 0
126 6 94 0
127 7 507 0
128 5 381 0
129 5 60 0
130 3 81 0
131 8 267 0
132 8 570 0
133 6 524 0
134 1 565 0
135 3 744 0
136 5 733 0
137 3 292 0
138 6 546 0
139 2 720 0
140 7 546 0
141 6 38 0
142 5 295 0
143 3 804 0
144 4 989 0
145 1 622 0
146 4 503 0
147 7 830 0
148 3 901 0
149 6 837 0
150 6 581 0
151 6 243 0
152 5 780 0
153 4 178 0
154 7 466 0
155 4 214 0
156 3 805 0
157 7 542 0
158 6 913 0
159 8 456 0
160 6 221 0
161 7 64 0
162 9 966 0
163 6 782 0
164 5 235 0
165 5 663 0
166 3 519 0
167 4 506 0
168 7 352 0
169 7 411 0
170 4 801 0
171 7 617 0
172 2 926 0
173 5 163 0
174 5 881 0
175 5 574 0
176 6 125 0
177 4 688 0
178 2 200 0
179 3 298 0
180 4 421 0
181 6 667 0
182 5 157 0
183 6 177 0
184 5 753 0
185 7 807 0
186 4 468 0
187 7 350 0
188 6 14 0
189 5 294 0
190 6 554 0
191 6 937 0
192 5 670 0
193 6 155 0
194 8 617 0
195 7 582 0
196 7 252 0
197 6 234 0
198 1 441 0
199 6 786 0
200 9 207 0
201 4 271 0
202 3 376 0
203 2 136 0
204 5 765 0
205 6 470 0
206 8 586 0
207 6 168 0
208 7 540 0
209 7 855 0
210 6 189 0
211 6 605 0
212 7 166 0
213 5 588 0
214 10 139 0
215 6 121 0
216 5 567 0
217 4 776 0
218 6 917 0
219 6 489 0
220 6 360 0
221 6 782 0
222 7 83 0
223 6 947 0
224 6 765 0
225 5 280 0
226 8 188 0
227 4 478 0
228 7 945 0
229 8 448 0
230 4 284 0
231 6 400 0
232 9 317 0
233 7 578 0
234 6 419 0
235 5 951 0
236 6 251 0
237 4 64 0
238 3 63 0
239 7 392 0
240 6 441 0
241 7 362 0
242 5 600 0
243 4 632 0
244 6 116 0
245 4 667 0
246 2 181 0
247 5 562 0
248 4 21 0
249 5 65 0
250 5 631 0
251 6 134 0
252 4 975 0
253 4 913 0
254 4 602 0
255 5 285 0
256 4 680 0
257 4 701 0
258 9 307 0
259 6 125 0
260 4 733 0
261 5 850 0
262 4 809 0
263 7 373 0
264 3 450 0
265 6 633 0
266 7 930 0
267 7 909 0
268 7 185 0
269 5 389 0
270 5 417 0
271 1 332 0
272 8 88 0
273 7 469 0
274 3 460 0
275 7 647 0
276 7 20 0
277 6 343 0
278 3 180 0
279 4 535 0
280 5 121 0
281 8 736 0
282 6 351 0
283 7 618 0
284 1 506 0
285 10 601 0
286 7 688 0
287 7 52 0
288 5 333 0
289 6 522 0
290 7 703 0
291 4 465 0
292 8 610 0
293 6 42 0
294 9 688 0
295 6 553 0
296 3 355 0
297 5 836 0
298 4 260 0
299 7 559 0
300 3 343 0
301 8 6 0
302 5 399 0
303 5 876 0
304 3 600 0
305 6 914 0
306 5 340 0
307 4 138 0
308 12 229 0
309 9 582 0
310 8 870 0
311 4 855 0
312 9 119 0
313 3 628 0
314 4 37 0
315 4 764 0
316 7 172 0
317 5 473 0
318 8 966 0
319 6 86 0
320 7 422 0
321 5 165 0
322 8 886 0
323 9 872 0
324 4 481 0
325 5 615 0
326 5 127 0
327 3 830 0
328 10 296 0
329 4 908 0
330 5 723 0
331 7 120 0
332 4 0 0
333 1 519 0
334 5 190 0
335 4 597 0
336 9 420 0
337 7 451 0
338 6 264 0
339 5 822 0
340 6 948 0
341 8 808 0
342 7 957 0
343 6 425 0
344 2 722 0
345 8 845 0
346 9 298 0
347 9 138 0
348 4 556 0
349 7 42 0
350 7 551 0
351 7 763 0
352 3 533 0
353 6 171 0
354 8 624 0
355 5 621 0
356 4 117 0
357 4 918 0
358 3 929 0
359 8 927 0
360 2 866 0
361 7 372 0
362 5 931 0
363 5 449 0
364 4 983 0
365 8 897 0
366 4 723 0
367 4 635 0
368 4 753 0
369 7 354 0
370 5 285 0
371 4 866 0
372 6 343 0
373 5 925 0
374 3 529 0
375 3 610 0
376 9 869 0
377 5 585 0
378 1 421 0
379 6 562 0
380 5 116 0
381 7 727 0
382 4 598 0
383 6 82 0
384 6 967 0
385 6 260 0
386 4 225 0
387 6 738 0
388 5 740 0
389 5 18 0
390 4 626 0
391 5 662 0
392 5 187 0
393 5 607 0
394 5 4 0
395 8 950 0
396 3 570 0
397 7 460 0
398 3 774 0
399 4 272 0
400 5 162 0
401 5 803 0
402 7 797 0
403 2 358 0
404 6 130 0
405 3 113 0
406 4 429 0
407 10 385 0
408 5 481 0
409 3 313 0
410 6 779 0
411 4 241 0
412 4 103 0
413 5 894 0
414 3 451 0
415 6 355 0
416 4 952 0
417 6 640 0
418 4 140 0
419 2 342 0
420 6 388 0
421 4 662 0
422 4 990 0
423 5 726 0
424 4 691 0
425 5 519 0
426 7 470 0
427 7 3 0
428 5 782 0
429 6 879 0
430 4 954 0
431 0 893 0
432 2 172 0
433 10 396 0
434 6 974 0
435 7 841 0
436 8 874 0
437 6 217 0
438 7 76 0
439 3 423 0
440 9 94 0
441 6 649 0
442 2 389 0
443 6 107 0
444 5 646 0
445 7 230 0
446 7 989 0
447 5 483 0
448 5 618 0
449 6 53 0
450 6 217 0
451 6 7 0
452 6 808 0
453 9 267 0
454 7 884 0
455 6 651 0
456 3 987 0
457 7 333 0
458 3 477 0
459 4 831 0
460 4 363 0
461 5 125 0
462 4 130 0
463 7 890 0
464 3 981 0
465 9 35 0
466 3 483 0
467 6 546 0
468 4 712 0
469 4 97 0
470 3 874 0
471 7 130 0
472 4 679 0
473 5 793 0
474 2 94 0
475 4 889 0
476 0 174 0
477 4 152 0
478 7 120 0
479 3 110 0
480 6 780 0
481 5 7 0
482 7 113 0
483 4 949 0
484 5 815 0
485 7 60 0
486 5 88 0
487 8 222 0
488 6 181 0
489 0 750 0
490 4 514 0
491 3 276 0
492 6 798 0
493 4 190 0
494 8 851 0
495 8 892 0
496 4 580 0
497 6 985 0
498 8 68 0
499 3 782 0
500 3 28 0
501 3 532 0
502 5 452 0
503 5 804 0
504 3 885 0
505 3 302 0
506 7 180 0
507 6 11 0
508 6 704 0
509 7 223 0
510 4 360 0
511 7 49 0
512 4 876 0
513 4 628 0
514 4 777 0
515 7 421 0
516 5 96 0
517 7 270 0
518 5 86 0
519 7 84 0
520 5 333 0
521 1 852 0
522 5 906 0
523 1 764 0
524 7 360 0
525 4 481 0
526 7 627 0
527 4 698 0
528 3 366 0
529 7 612 0
530 8 162 0
531 7 731 0
532 3 847 0
533 4 304 0
534 6 725 0
535 6 383 0
536 4 487 0
537 4 195 0
538 6 977 0
539 3 874 0
540 7 635 0
541 5 836 0
542 3 763 0
543 4 704 0
544 5 210 0
545 9 423 0
546 6 433 0
547 3 912 0
548 5 990 0
549 4 616 0
550 7 456 0
551 4 371 0
552 6 233 0
553 6 354 0
554 6 134 0
555 6 952 0
556 4 706 0
557 7 710 0
558 7 641 0
559 5 471 0
560 6 247 0
561 3 136 0
562 6 890 0
563 4 418 0
564 6 869 0
565 8 959 0
566 1 612 0
567 7 477 0
568 5 590 0
569 6 984 0
570 6 874 0
571 3 314 0
572 5 5 0
573 5 903 0
574 3 606 0
575 2 316 0
576 3 934 0
577 4 44 0
578 6 755 0
579 3 331 0
580 10 648 0
581 5 253 0
582 5 415 0
583 6 373 0
584 6 841 0
585 7 541 0
586 6 875 0
587 5 744 0
588 8 892 0
589 5 463 0
590 5 530 0
591 6 264 0
592 7 560 0
593 9 416 0
594 4 530 0
595 0 714 0
596 7 453 0
597 9 180 0
598 3 613 0
599 4 769 0
600 7 235 0
601 7 552 0
602 4 115 0
603 6 831 0
604 2 771 0
605 6 971 0
606 8 57 0
607 5 542 0
608 3 64 0
609 6 241 0
610 8 602 0
611 4 726 0
612 7 696 0
613 4 292 0
614 3 539 0
615 2 274 0
616 9 56 0
617 5 609 0
618 4 172 0
619 5 578 0
620 4 407 0
621 6 415 0
622 9 146 0
623 8 29 0
624 7 600 0
625 7 270 0
626 6 420 0
627 6 320 0
628 3 659 0
629 1 163 0
630 5 967 0
631 6 155 0
632 9 364 0
633 6 450 0
634 4 486 0
635 2 745 0
636 7 321 0
637 9 809 0
638 7 527 0
639 3 896 0
640 9 865 0
641 5 428 0
642 6 598 0
643 7 884 0
644 5 551 0
645 4 648 0
646 3 806 0
647 3 265 0
648 6 272 0
649 4 566 0
650 3 697 0
651 7 182 0
652 7 113 0
653 8 176 0
654 6 148 0
655 7 582 0
656 6 927 0
657 5 764 0
658 3 130 0
659 5 161 0
660 7 387 0
661 8 956 0
662 3 33 0
663 2 524 0
664 4 808 0
665 3 808 0
666 6 886 0
667 3 617 0
668 7 66 0
669 7 947 0
670 6 902 0
671 8 514 0
672 8 325 0
673 7 909 0
674 4 116 0
675 7 489 0
676 7 122 0
677 5 912 0
678 10 957 0
679 6 873 0
680 5 120 0
681 7 630 0
682 4 931 0
683 4 497 0
684 6 417 0
685 5 639 0
686 4 720 0
687 5 216 0
688 5 898 0
689 4 31 0
690 6 442 0
691 4 272 0
692 7 257 0
693 8 615 0
694 4 575 0
695 4 610 0
696 5 925 0
697 7 605 0
698 6 538 0
699 8 251 0
700 8 620 0
701 4 957 0
702 5 364 0
703 6 11 0
704 8 177 0
705 9 214 0
706 5 730 0
707 7 609 0
708 5 6 0
709 2 177 0
710 4 448 0
711 11 312 0
712 1 230 0
713 5 261 0
714 9 222 0
715 8 930 0
716 7 286 0
717 5 726 0
718 5 906 0
719 5 558 0
720 6 643 0
721 5 266 0
722 5 288 0
723 6 73 0
724 4 509 0
725 5 453 0
726 8 715 0
727 5 203 0
728 6 45 0
729 5 988 0
730 9 445 0
731 4 644 0
732 6 661 0
733 7 21 0
734 4 823 0
735 6 520 0
736 0 439 0
737 8 996 0
738 3 422 0
739 6 487 0
740 4 43 0
741 6 859 0
742 4 344 0
743 3 423 0
744 8 595 0
745 9 128 0
746 5 569 0
747 4 155 0
748 5 887 0
749 4 844 0
750 4 119 0
751 8 841 0
752 2 439 0
753 5 150 0
754 8 653 0
755 7 363 0
756 4 881 0
757 3 52 0
758 7 585 0
759 4 660 0
760 6 190 0
761 3 152 0
762 3 814 0
763 6 531 0
764 7 695 0
765 9 513 0
766 7 338 0
767 7 230 0
768 6 249 0
769 4 567 0
770 8 352 0
771 3 347 0
772 4 894 0
773 5 661 0
774 7 52 0
775 2 740 0
776 6 609 0
777 6 504 0
778 7 695 0
779 6 540 0
780 5 997 0
781 4 98 0
782 2 471 0
783 6 326 0
784 4 920 0
785 1 333 0
786 6 579 0
787 8 620 0
788 6 213 0
789 5 300 0
790 7 487 0
791 3 800 0
792 4 416 0
793 8 212 0
794 6 164 0
795 5 911 0
796 8 702 0
797 5 840 0
798 6 227 0
799 5 114 0
800 10 628 0
801 5 85 0
802 5 495 0
803 7 289 0
804 8 308 0
805 6 654 0
806 5 977 0
807 4 42 0
808 6 690 0
809 8 825 0
810 6 614 0
811 7 948 0
812 4 143 0
813 5 483 0
814 8 82 0
815 6 553 0
816 6 235 0
817 7 398 0
818 4 834 0
819 6 628 0
820 7 550 0
821 7 490 0
822 6 62 0
823 4 439 0
824 6 226 0
825 5 129 0
826 5 565 0
827 6 647 0
828 5 267 0
829 5 418 0
830 9 948 0
831 9 561 0
832 5 10 0
833 4 382 0
834 8 494 0
835 5 280 0
836 10 576 0
837 3 908 0
838 6 429 0
839 6 649 0
840 3 840 0
841 4 915 0
842 6 635 0
843 3 647 0
844 11 994 0
845 6 647 0
846 1 210 0
847 6 972 0
848 8 445 0
849 5 695 0
850 7 508 0
851 9 857 0
852 2 860 0
853 6 34 0
854 4 538 0
855 5 800 0
856 4 337 0
857 7 519 0
858 8 726 0
859 4 689 0
860 4 604 0
861 5 183 0
862 9 979 0
863 3 822 0
864 5 918 0
865 8 325 0
866 7 459 0
867 7 140 0
868 6 472 0
869 10 355 0
870 1 990 0
871 9 902 0
872 5 265 0
873 2 511 0
874 3 619 0
875 4 30 0
876 9 770 0
877 7 638 0
878 5 909 0
879 7 994 0
880 4 963 0
881 2 3 0
882 3 117 0
883 6 345 0
884 7 349 0
885 7 526 0
886 4 398 0
887 8 827 0
888 7 438 0
889 10 516 0
890 2 70 0
891 7 951 0
892 7 427 0
893 5 192 0
894 7 931 0
895 10 566 0
896 6 891 0
897 5 231 0
898 3 589 0
899 0 500 0
900 7 643 0
901 7 621 0
902 5 637 0
903 7 498 0
904 5 797 0
905 10 311 0
906 3 145 0
907 4 914 0
908 6 171 0
909 9 17 0
910 4 231 0
911 4 943 0
912 7 180 0
913 7 464 0
914 5 283 0
915 6 912 0
916 8 757 0
917 7 35 0
918 3 417 0
919 3 204 0
920 4 62 0
921 5 607 0
922 5 485 0
923 8 565 0
924 7 551 0
925 4 508 0
926 7 631 0
927 6 310 0
928 8 242 0
929 4 887 0
930 5 238 0
931 5 750 0
932 7 453 0
933 2 656 0
934 5 606 0
935 6 405 0
936 4 543 0
937 3 822 0
938 6 943 0
939 6 644 0
940 5 414 0
941 7 148 0
942 7 339 0
943 8 871 0
944 3 510 0
945 6 871 0
946 5 28 0
947 6 95 0
948 6 940 0
949 4 824 0
950 7 23 0
951 7 888 0
952 5 624 0
953 8 235 0
954 6 254 0
955 5 630 0
956 4 56 0
957 4 187 0
958 6 893 0
959 7 839 0
960 4 677 0
961 7 696 0
962 4 57 0
963 7 658 0
964 8 561 0
965 4 511 0
966 3 411 0
967 4 809 0
968 11 30 0
969 10 839 0
970 7 671 0
971 3 495 0
972 6 112 0
973 9 506 0
974 7 121 0
975 5 379 0
976 6 221 0
977 9 413 0
978 3 908 0
979 5 430 0
980 10 907 0
981 8 40 0
982 5 974 0
983 4 768 0
984 4 736 0
985 6 767 0
986 8 513 0
987 2 615 0
988 6 261 0
989 10 536 0
990 4 282 0
991 4 201 0
992 8 276 0
993 6 326 0
994 2 124 0
995 5 391 0
996 4 37 0
997 3 896 0
998 6 901 0
999 8 704 0
1000 5 333 0
