1 3 737 0
2 5 96 0
3 2 160 0
4 4 635 0
5 8 452 0
6 6 807 0
7 4 630 0
8 4 746 0
9 6 80 0
10 4 584 0
11 9 640 0
12 6 435 0
13 3 982 0
14 6 460 0
15 3 721 0
16 7 825 0
17 9 180 0
18 5 380 0
19 4 620 0
20 5 464 0
21 8 553 0
22 6 718 0
23 4 802 0
24 7 945 0
25 6 107 0
26 6 878 0
27 7 295 0
28 9 957 0
29 5 161 0
30 2 187 0
31 4 304 0
32 9 981 0
33 5 155 0
34 8 488 0
35 8 784 0
36 5 525 0
37 3 502 0
38 7 781 0
39 3 486 0
40 8 939 0
41 7 348 0
42 7 374 0
43 3 64 0
44 1 215 0
45 10 304 0
46 3 542 0
47 5 207 0
48 5 346 0
49 6 202 0
50 7 667 0
51 5 903 0
52 7 486 0
53 8 683 0
54 4 302 0
55 7 684 0
56 8 982 0
57 7 465 0
58 8 963 0
59 7 485 0
60 6 799 0
61 2 195 0
62 7 74 0
63 7 233 0
64 0 836 0
65 8 967 0
66 8 81 0
67 3 907 0
68 6 508 0
69 4 810 0
70 7 87 0
71 7 8 0
72 7 965 0
73 7 609 0
74 4 772 0
75 4 901 0
76 5 593 0
77 6 611 0
78 6 264 0
79 2 592 0
80 4 376 0
81 6 353 0
82 5 90 0
83 8 919 0
84 6 643 0
85 7 500 0
86 4 83 0
87 6 373 0
88 8 377 0
89 1 802 0
90 6 120 0
91 6 71 0
92 4 569 0
93 8 834 0
94 5 718 0
95 8 56 0
96 9 776 0
97 5 747 0
98 4 604 0
99 5 486 0
100 3 453 0
101 5 562 0
102 4 682 0
103 5 334 0
104 5 60 0
105 5 21 0
106 4 274 0
107 7 314 0
108 7 457 0
109 8 175 0
110 6 224 0
111 4 81 0
112 5 192 0
113 4 968 0
114 8 880 0
115 8 626 0
116 4 414 0
117 4 56 0
118 3 921 0
119 4 54 0
120 5 604 0
121 5 438 0
122 4 473 0
123 0 844 0
124 9 505 0
125 5 943 0
126 5 954 0
127 4 932 0
128 3 331 0
129 4 414 0
130 3 491 0
131 10 206 0
132 6 375 0
133 7 363 0
134 7 561 0
135 2 935 0
136 6 532 0
137 8 147 0
138 9 99 0
139 4 569 0
140 4 166 0
141 7 806 0
142 1 12 0
143 1 372 0
144 4 860 0
145 7 757 0
146 5 54 0
147 4 92 0
148 8 156 0
149 7 544 0
150 3 459 0
151 4 333 0
152 6 53 0
153 5 548 0
154 7 867 0
155 5 370 0
156 11 918 0
157 6 789 0
158 3 132 0
159 5 666 0
160 6 321 0
161 5 351 0
162 6 605 0
163 1 800 0
164 6 579 0
165 5 774 0
166 1 308 0
167 11 73 0
168 5 959 0
169 12 994 0
170 4 908 0
171 2 317 0
172 3 922 0
173 9 834 0
174 4 835 0
175 5 340 0
176 7 591 0
177 3 643 0
178 6 382 0
179 4 594 0
180 4 144 0
181 6 354 0
182 3 646 0
183 6 22 0
184 6 537 0
185 3 364 0
186 3 816 0
187 11 881 0
188 6 879 0
189 5 487 0
190 2 898 0
191 6 980 0
192 5 20 0
193 6 984 0
194 6 417 0
195 4 933 0
196 6 691 0
197 5 972 0
198 7 545 0
199 6 921 0
200 2 633 0
201 3 748 0
202 8 587 0
203 4 414 0
204 4 747 0
205 8 592 0
206 6 442 0
207 7 624 0
208 1 797 0
209 4 703 0
210 8 298 0
211 6 923 0
212 2 332 0
213 8 827 0
214 7 404 0
215 8 188 0
216 8 657 0
217 3 442 0
218 7 650 0
219 6 919 0
220 3 652 0
221 7 197 0
222 4 657 0
223 6 189 0
224 5 672 0
225 7 351 0
226 6 28 0
227 7 119 0
228 9 849 0
229 4 843 0
230 4 470 0
231 8 166 0
232 6 300 0
233 7 51 0
234 6 142 0
235 3 353 0
236 7 136 0
237 10 955 0
238 7 104 0
239 5 935 0
240 4 807 0
241 6 316 0
242 3 171 0
243 4 527 0
244 6 517 0
245 5 13 0
246 7 423 0
247 7 82 0
248 5 274 0
249 5 632 0
250 8 670 0
251 7 565 0
252 9 474 0
253 4 266 0
254 7 59 0
255 2 97 0
256 6 109 0
257 7 296 0
258 8 318 0
259 4 905 0
260 2 157 0
261 5 487 0
262 4 714 0
263 1 976 0
264 6 424 0
265 5 835 0
266 6 357 0
267 6 848 0
268 6 594 0
269 7 792 0
270 4 578 0
271 5 617 0
272 6 247 0
273 7 405 0
274 9 593 0
275 7 605 0
276 7 746 0
277 3 965 0
278 5 857 0
279 4 546 0
280 6 664 0
281 5 837 0
282 3 254 0
283 9 991 0
284 5 304 0
285 4 916 0
286 6 37 0
287 7 496 0
288 7 737 0
289 2 574 0
290 10 729 0
291 7 915 0
292 4 733 0
293 5 672 0
294 5 899 0
295 3 90 0
296 4 444 0
297 7 713 0
298 6 626 0
299 7 359 0
300 10 482 0
301 3 533 0
302 7 394 0
303 6 688 0
304 6 788 0
305 8 610 0
306 3 955 0
307 8 598 0
308 8 798 0
309 9 217 0
310 5 321 0
311 10 995 0
312 5 326 0
313 4 628 0
314 3 344 0
315 6 112 0
316 4 618 0
317 6 412 0
318 10 579 0
319 6 977 0
320 6 997 0
321 6 996 0
322 1 974 0
323 5 110 0
324 6 18 0
325 8 139 0
326 7 911 0
327 10 187 0
328 3 328 0
329 6 434 0
330 7 616 0
331 5 387 0
332 8 180 0
333 6 831 0
334 7 553 0
335 6 478 0
336 3 426 0
337 3 600 0
338 8 608 0
339 4 689 0
340 1 619 0
341 3 325 0
342 2 391 0
343 5 137 0
344 5 381 0
345 6 596 0
346 5 924 0
347 4 53 0
348 3 194 0
349 4 66 0
350 9 873 0
351 7 82 0
352 4 499 0
353 5 252 0
354 6 535 0
355 7 210 0
356 4 289 0
357 2 640 0
358 4 316 0
359 8 121 0
360 4 490 0
361 6 860 0
362 6 448 0
363 7 542 0
364 4 112 0
365 3 921 0
366 7 248 0
367 4 536 0
368 3 579 0
369 1 720 0
370 3 831 0
371 6 998 0
372 3 72 0
373 6 757 0
374 6 560 0
375 3 154 0
376 8 676 0
377 3 346 0
378 9 971 0
379 4 645 0
380 4 360 0
381 7 810 0
382 2 19 0
383 8 966 0
384 7 986 0
385 8 683 0
386 6 649 0
387 8 28 0
388 4 636 0
389 5 637 0
390 6 87 0
391 1 265 0
392 5 37 0
393 6 208 0
394 6 947 0
395 3 732 0
396 6 520 0
397 6 512 0
398 6 283 0
399 4 984 0
400 2 542 0
401 4 770 0
402 7 986 0
403 3 863 0
404 5 661 0
405 10 476 0
406 3 829 0
407 8 181 0
408 7 239 0
409 2 144 0
410 3 575 0
411 12 4 0
412 8 894 0
413 7 134 0
414 7 804 0
415 6 179 0
416 7 185 0
417 7 388 0
418 4 582 0
419 4 301 0
420 6 256 0
421 7 798 0
422 8 158 0
423 3 280 0
424 3 917 0
425 1 107 0
426 6 151 0
427 6 53 0
428 4 623 0
429 6 566 0
430 5 796 0
431 7 565 0
432 7 170 0
433 4 176 0
434 7 266 0
435 3 171 0
436 5 886 0
437 8 959 0
438 7 205 0
439 6 460 0
440 5 49 0
441 8 893 0
442 9 678 0
443 10 450 0
444 8 990 0
445 6 93 0
446 7 343 0
447 6 167 0
448 4 181 0
449 3 671 0
450 6 18 0
451 5 183 0
452 7 473 0
453 5 763 0
454 6 247 0
455 4 351 0
456 7 417 0
457 3 367 0
458 7 317 0
459 6 811 0
460 4 738 0
461 4 725 0
462 6 97 0
463 5 5 0
464 2 907 0
465 8 835 0
466 4 584 0
467 4 596 0
468 7 425 0
469 5 236 0
470 3 758 0
471 4 288 0
472 5 846 0
473 7 497 0
474 5 534 0
475 2 278 0
476 6 958 0
477 7 278 0
478 3 511 0
479 3 899 0
480 7 731 0
481 1 622 0
482 6 706 0
483 6 117 0
484 8 637 0
485 3 83 0
486 8 821 0
487 9 143 0
488 5 235 0
489 4 11 0
490 4 666 0
491 5 402 0
492 8 899 0
493 7 88 0
494 5 206 0
495 4 949 0
496 7 655 0
497 7 485 0
498 6 716 0
499 3 373 0
500 4 1 0
501 4 631 0
502 8 293 0
503 6 951 0
504 6 221 0
505 4 273 0
506 1 176 0
507 7 167 0
508 5 244 0
509 4 922 0
510 7 937 0
511 0 19 0
512 6 182 0
513 6 856 0
514 7 805 0
515 5 749 0
516 2 27 0
517 5 584 0
518 8 676 0
519 7 493 0
520 4 572 0
521 8 85 0
522 5 285 0
523 2 50 0
524 7 25 0
525 7 375 0
526 6 318 0
527 5 644 0
528 5 93 0
529 5 512 0
530 6 977 0
531 5 163 0
532 6 438 0
533 5 151 0
534 5 609 0
535 9 859 0
536 3 354 0
537 9 171 0
538 6 761 0
539 4 966 0
540 6 900 0
541 4 802 0
542 5 754 0
543 5 962 0
544 7 764 0
545 4 743 0
546 10 714 0
547 6 461 0
548 8 664 0
549 4 904 0
550 9 215 0
551 7 641 0
552 1 919 0
553 9 572 0
554 3 171 0
555 5 501 0
556 7 779 0
557 7 522 0
558 5 757 0
559 1 20 0
560 6 586 0
561 5 270 0
562 4 114 0
563 7 619 0
564 6 570 0
565 6 318 0
566 4 42 0
567 6 730 0
568 3 341 0
569 4 664 0
570 7 712 0
571 6 640 0
572 4 466 0
573 4 841 0
574 5 342 0
575 3 828 0
576 2 437 0
577 6 998 0
578 10 773 0
579 4 138 0
580 6 298 0
581 5 984 0
582 8 9 0
583 2 323 0
584 3 264 0
585 2 699 0
586 6 215 0
587 4 674 0
588 8 807 0
589 7 983 0
590 5 978 0
591 6 874 0
592 4 402 0
593 0 317 0
594 7 205 0
595 5 690 0
596 6 888 0
597 5 637 0
598 8 279 0
599 6 650 0
600 2 723 0
601 7 83 0
602 6 383 0
603 6 677 0
604 4 689 0
605 4 994 0
606 5 840 0
607 5 561 0
608 6 290 0
609 4 853 0
610 2 466 0
611 4 5 0
612 9 517 0
613 5 891 0
614 5 197 0
615 5 782 0
616 4 979 0
617 7 883 0
618 8 551 0
619 5 3 0
620 4 622 0
621 3 292 0
622 2 749 0
623 7 670 0
624 4 60 0
625 8 155 0
626 6 127 0
627 5 966 0
628 4 914 0
629 5 379 0
630 8 407 0
631 5 797 0
632 3 556 0
633 6 207 0
634 7 78 0
635 3 216 0
636 7 737 0
637 7 499 0
638 9 567 0
639 8 386 0
640 8 486 0
641 6 542 0
642 6 689 0
643 4 129 0
644 2 449 0
645 1 607 0
646 6 70 0
647 6 719 0
648 5 432 0
649 8 173 0
650 5 740 0
651 3 844 0
652 7 590 0
653 4 16 0
654 9 942 0
655 3 912 0
656 4 511 0
657 10 498 0
658 4 57 0
659 6 443 0
660 5 838 0
661 4 144 0
662 5 403 0
663 5 651 0
664 6 931 0
665 6 527 0
666 8 920 0
667 1 919 0
668 3 536 0
669 5 561 0
670 6 870 0
671 6 852 0
672 7 542 0
673 3 571 0
674 4 373 0
675 4 377 0
676 2 90 0
677 10 778 0
678 3 779 0
679 8 808 0
680 5 208 0
681 5 401 0
682 9 951 0
683 6 772 0
684 8 673 0
685 4 444 0
686 7 679 0
687 4 619 0
688 7 233 0
689 6 417 0
690 3 535 0
691 3 508 0
692 2 761 0
693 7 749 0
694 5 168 0
695 5 175 0
696 7 75 0
697 5 365 0
698 5 425 0
699 3 117 0
700 6 736 0
701 1 979 0
702 6 732 0
703 5 924 0
704 8 923 0
705 8 605 0
706 3 363 0
707 7 803 0
708 6 944 0
709 7 942 0
710 6 699 0
711 6 425 0
712 8 815 0
713 4 641 0
714 4 656 0
715 5 103 0
716 4 711 0
717 3 329 0
718 4 942 0
719 4 788 0
720 7 434 0
721 6 653 0
722 6 562 0
723 6 791 0
724 9 342 0
725 5 562 0
726 2 941 0
727 8 227 0
728 4 586 0
729 2 305 0
730 9 633 0
731 5 15 0
732 4 48 0
733 3 411 0
734 4 758 0
735 6 519 0
736 3 194 0
737 8 733 0
738 7 766 0
739 6 214 0
740 8 643 0
741 9 989 0
742 2 440 0
743 2 457 0
744 3 923 0
745 8 958 0
746 5 414 0
747 6 90 0
748 6 303 0
749 8 579 0
750 5 297 0
751 7 169 0
752 4 604 0
753 4 456 0
754 5 65 0
755 5 320 0
756 6 63 0
757 5 930 0
758 4 881 0
759 8 218 0
760 6 591 0
761 6 590 0
762 6 66 0
763 8 569 0
764 7 632 0
765 5 57 0
766 8 212 0
767 4 224 0
768 5 428 0
769 4 521 0
770 7 455 0
771 4 146 0
772 4 989 0
773 2 491 0
774 2 723 0
775 5 983 0
776 10 770 0
777 5 420 0
778 7 421 0
779 2 151 0
780 4 763 0
781 4 583 0
782 4 713 0
783 2 529 0
784 5 60 0
785 6 138 0
786 8 610 0
787 5 26 0
788 7 828 0
789 5 868 0
790 4 633 0
791 5 365 0
792 8 956 0
793 7 490 0
794 12 934 0
795 2 677 0
796 6 152 0
797 6 322 0
798 5 25 0
799 4 571 0
800 7 727 0
801 3 624 0
802 5 343 0
803 7 765 0
804 6 200 0
805 7 389 0
806 5 868 0
807 6 169 0
808 6 32 0
809 6 713 0
810 4 824 0
811 7 375 0
812 4 816 0
813 5 408 0
814 6 111 0
815 6 95 0
816 5 297 0
817 8 780 0
818 8 487 0
819 6 877 0
820 5 799 0
821 5 442 0
822 6 463 0
823 4 894 0
824 6 422 0
825 4 169 0
826 7 810 0
827 8 895 0
828 4 821 0
829 7 106 0
830 5 709 0
831 7 403 0
832 6 727 0
833 7 774 0
834 4 996 0
835 2 797 0
836 2 684 0
837 7 357 0
838 4 487 0
839 3 510 0
840 4 962 0
841 6 804 0
842 2 933 0
843 4 651 0
844 6 148 0
845 7 815 0
846 6 325 0
847 6 350 0
848 7 865 0
849 10 673 0
850 6 726 0
851 6 34 0
852 9 502 0
853 4 102 0
854 10 485 0
855 6 983 0
856 4 743 0
857 8 391 0
858 4 662 0
859 7 500 0
860 5 955 0
861 7 427 0
862 6 230 0
863 8 18 0
864 5 882 0
865 8 659 0
866 3 108 0
867 6 491 0
868 4 214 0
869 7 262 0
870 4 239 0
871 4 168 0
872 8 19 0
873 6 51 0
874 3 786 0
875 8 410 0
876 2 540 0
877 7 413 0
878 5 815 0
879 4 386 0
880 7 883 0
881 6 386 0
882 5 845 0
883 7 540 0
884 9 544 0
885 4 853 0
886 2 672 0
887 4 919 0
888 5 25 0
889 4 205 0
890 5 901 0
891 8 321 0
892 5 567 0
893 5 73 0
894 5 486 0
895 4 890 0
896 3 921 0
897 8 404 0
898 7 265 0
899 5 43 0
900 4 754 0
901 4 903 0
902 7 761 0
903 6 349 0
904 7 997 0
905 6 13 0
906 7 21 0
907 7 678 0
908 4 920 0
909 7 379 0
910 6 432 0
911 9 763 0
912 9 526 0
913 7 76 0
914 4 71 0
915 4 651 0
916 6 1 0
917 8 698 0
918 7 525 0
919 5 51 0
920 7 388 0
921 5 249 0
922 7 887 0
923 1 613 0
924 7 775 0
925 10 242 0
926 4 726 0
927 7 984 0
928 1 905 0
929 5 416 0
930 7 887 0
931 5 152 0
932 8 831 0
933 4 515 0
934 6 621 0
935 5 255 0
936 4 128 0
937 6 461 0
938 5 677 0
939 3 582 0
940 6 958 0
941 7 910 0
942 8 152 0
943 3 413 0
944 4 652 0
945 7 484 0
946 6 493 0
947 6 50 0
948 7 508 0
949 3 628 0
950 3 878 0
951 3 963 0
952 5 838 0
953 7 295 0
954 7 127 0
955 7 732 0
956 2 861 0
957 5 146 0
958 6 230 0
959 4 216 0
960 9 410 0
961 7 997 0
962 5 657 0
963 7 598 0
964 3 165 0
965 0 895 0
966 4 862 0
967 4 990 0
968 7 269 0
969 2 490 0
970 5 707 0
971 5 882 0
972 7 639 0
973 3 522 0
974 6 757 0
975 3 291 0
976 3 62 0
977 6 69 0
978 4 827 0
979 6 34 0
980 5 908 0
981 6 878 0
982 6 477 0
983 3 145 0
984 3 529 0
985 5 435 0
986 12 44 0
987 8 755 0
988 3 197 0
989 6 680 0
990 7 580 0
991 1 532 0
992 4 811 0
993 6 376 0
994 4 665 0
995 6 350 0
996 4 982 0
997 4 846 0
998 3 767 0
999 9 5 0
1000 5 835 0
