1 5 15 0
2 2 87 0
3 6 92 0
4 3 37 0
5 9 94 0
6 4 60 0
7 9 17 0
8 8 76 0
9 3 14 0
10 6 15 0
11 8 89 0
12 3 4 0
13 5 77 0
14 4 30 0
15 5 16 0
16 6 26 0
17 3 98 0
18 9 26 0
19 6 36 0
20 2 91 0
21 9 66 0
22 4 42 0
23 5 54 0
24 4 47 0
25 4 78 0
26 5 40 0
27 8 12 0
28 8 32 0
29 2 99 0
30 7 11 0
31 7 66 0
32 3 79 0
33 4 37 0
34 4 50 0
35 5 31 0
36 8 23 0
37 5 36 0
38 5 82 0
39 7 46 0
40 1 89 0
41 7 69 0
42 9 84 0
43 2 20 0
44 5 24 0
45 7 40 0
46 6 94 0
47 3 19 0
48 4 4 0
49 7 52 0
50 4 17 0
51 2 63 0
52 7 80 0
53 9 45 0
54 6 34 0
55 8 19 0
56 6 83 0
57 6 79 0
58 4 49 0
59 6 14 0
60 6 92 0
61 5 2 0
62 6 38 0
63 3 75 0
64 8 2 0
65 7 77 0
66 2 39 0
67 7 96 0
68 5 17 0
69 7 44 0
70 5 61 0
71 6 8 0
72 4 94 0
73 6 70 0
74 6 61 0
75 7 73 0
76 6 32 0
77 8 7 0
78 6 51 0
79 7 49 0
80 3 32 0
81 3 43 0
82 3 87 0
83 11 99 0
84 4 43 0
85 7 61 0
86 7 73 0
87 5 65 0
88 4 99 0
89 5 96 0
90 7 37 0
91 6 44 0
92 7 57 0
93 3 11 0
94 5 31 0
95 4 10 0
96 7 71 0
97 6 2 0
98 7 51 0
99 4 10 0
100 4 0 0
