1 6 68 0
2 4 97 0
3 8 73 0
4 2 92 0
5 3 66 0
6 2 68 0
7 3 7 0
8 1 97 0
9 8 89 0
10 4 77 0
11 1 5 0
12 2 7 0
13 3 56 0
14 6 40 0
15 7 27 0
16 9 90 0
17 4 23 0
18 7 88 0
19 5 37 0
20 0 94 0
21 7 25 0
22 3 89 0
23 2 16 0
24 3 45 0
25 7 64 0
26 6 36 0
27 4 64 0
28 5 34 0
29 7 86 0
30 10 76 0
31 4 93 0
32 6 3 0
33 4 1 0
34 5 28 0
35 5 54 0
36 9 92 0
37 2 22 0
38 4 76 0
39 3 25 0
40 5 17 0
41 3 54 0
42 5 2 0
43 3 30 0
44 7 31 0
45 8 48 0
46 5 86 0
47 7 27 0
48 4 7 0
49 6 80 0
50 6 34 0
51 7 36 0
52 6 17 0
53 7 20 0
54 4 3 0
55 3 21 0
56 7 93 0
57 10 93 0
58 7 45 0
59 7 10 0
60 7 95 0
61 11 68 0
62 0 16 0
63 3 77 0
64 7 16 0
65 6 52 0
66 5 28 0
67 5 45 0
68 5 22 0
69 5 78 0
70 2 52 0
71 5 53 0
72 3 98 0
73 2 42 0
74 5 36 0
75 4 7 0
76 5 32 0
77 6 20 0
78 6 7 0
79 6 20 0
80 4 27 0
81 4 3 0
82 4 60 0
83 5 70 0
84 8 32 0
85 4 81 0
86 5 8 0
87 3 43 0
88 7 96 0
89 8 3 0
90 7 91 0
91 6 91 0
92 5 49 0
93 9 94 0
94 9 16 0
95 6 61 0
96 1 23 0
97 2 22 0
98 6 50 0
99 6 98 0
100 5 74 0
