1 6 34 0
2 6 91 0
3 3 61 0
4 8 50 0
5 5 70 0
6 8 6 0
7 5 29 0
8 5 33 0
9 8 64 0
10 5 31 0
11 8 16 0
12 5 12 0
13 7 52 0
14 4 38 0
15 6 84 0
16 3 26 0
17 7 0 0
18 7 28 0
19 7 73 0
20 2 32 0
21 7 90 0
22 6 9 0
23 5 12 0
24 8 82 0
25 9 83 0
26 9 82 0
27 6 16 0
28 1 62 0
29 6 35 0
30 4 42 0
31 6 22 0
32 5 21 0
33 2 3 0
34 5 23 0
35 4 69 0
36 3 15 0
37 4 69 0
38 8 67 0
39 6 14 0
40 3 66 0
41 4 3 0
42 5 46 0
43 5 29 0
44 6 67 0
45 4 53 0
46 6 59 0
47 8 33 0
48 3 30 0
49 7 28 0
50 6 16 0
51 8 79 0
52 3 8 0
53 5 13 0
54 8 34 0
55 5 82 0
56 9 29 0
57 4 49 0
58 4 32 0
59 6 84 0
60 5 90 0
61 6 96 0
62 8 58 0
63 7 25 0
64 6 5 0
65 9 14 0
66 10 19 0
67 8 57 0
68 5 68 0
69 9 48 0
70 4 51 0
71 0 49 0
72 4 81 0
73 6 61 0
74 7 30 0
75 7 56 0
76 7 26 0
77 4 45 0
78 4 97 0
79 6 34 0
80 9 14 0
81 2 78 0
82 6 67 0
83 7 32 0
84 9 56 0
85 5 65 0
86 4 62 0
87 5 16 0
88 2 41 0
89 7 20 0
90 8 82 0
91 3 32 0
92 10 59 0
93 7 29 0
94 5 60 0
95 4 7 0
96 7 92 0
97 6 13 0
98 8 65 0
99 6 25 0
100 9 88 0
