1 10 57 0
2 8 88 0
3 3 38 0
4 5 90 0
5 9 79 0
6 6 47 0
7 5 40 0
8 8 46 0
9 9 37 0
10 6 97 0
11 4 78 0
12 3 28 0
13 7 45 0
14 3 72 0
15 5 66 0
16 9 86 0
17 6 99 0
18 7 60 0
19 4 42 0
20 6 69 0
21 4 94 0
22 7 23 0
23 4 60 0
24 2 39 0
25 9 17 0
26 4 43 0
27 8 86 0
28 4 93 0
29 4 2 0
30 3 75 0
31 7 68 0
32 9 61 0
33 3 99 0
34 6 37 0
35 8 42 0
36 5 65 0
37 5 48 0
38 8 54 0
39 4 73 0
40 3 5 0
41 8 31 0
42 5 4 0
43 1 6 0
44 7 13 0
45 5 72 0
46 6 93 0
47 5 0 0
48 8 72 0
49 6 0 0
50 2 47 0
51 2 22 0
52 4 82 0
53 7 24 0
54 6 77 0
55 8 0 0
56 4 61 0
57 6 21 0
58 5 23 0
59 5 36 0
60 5 71 0
61 7 7 0
62 2 62 0
63 6 54 0
64 6 56 0
65 4 57 0
66 5 57 0
67 6 25 0
68 4 46 0
69 8 84 0
70 5 40 0
71 6 24 0
72 7 98 0
73 6 95 0
74 4 51 0
75 5 31 0
76 2 2 0
77 4 71 0
78 2 99 0
79 6 16 0
80 5 35 0
81 5 14 0
82 7 26 0
83 7 55 0
84 3 13 0
85 7 57 0
86 6 9 0
87 5 84 0
88 7 98 0
89 7 55 0
90 6 97 0
91 5 30 0
92 8 13 0
93 4 80 0
94 4 63 0
95 4 31 0
96 6 60 0
97 3 52 0
98 6 93 0
99 4 63 0
100 4 33 0
