1 76 27 0
2 51 209 0
3 91 146 0
4 98 130 0
5 66 298 0
6 57 195 0
7 102 44 0
8 193 22 0
9 175 174 0
10 122 44 0
11 102 203 0
12 190 202 0
13 107 221 0
14 125 270 0
15 24 207 0
16 157 91 0
17 175 294 0
18 9 261 0
19 12 170 0
20 51 149 0
21 30 250 0
22 177 293 0
23 22 215 0
24 70 85 0
25 99 108 0
26 141 189 0
27 0 166 0
28 0 25 0
29 74 17 0
30 35 230 0
31 153 193 0
32 165 221 0
33 49 130 0
34 155 134 0
35 101 201 0
36 195 124 0
37 98 211 0
38 177 281 0
39 151 161 0
40 19 144 0
41 14 115 0
42 102 270 0
43 151 209 0
44 79 15 0
45 81 61 0
46 195 26 0
47 36 75 0
48 189 60 0
49 110 46 0
50 103 81 0
51 143 91 0
52 74 46 0
53 14 108 0
54 0 194 0
55 42 51 0
56 76 284 0
57 1 101 0
58 85 185 0
59 64 100 0
60 52 123 0
61 173 23 0
62 173 234 0
63 138 108 0
64 111 123 0
65 169 292 0
66 190 1 0
67 152 277 0
68 103 163 0
69 65 149 0
70 162 191 0
71 161 53 0
72 65 280 0
73 7 144 0
74 198 151 0
75 116 254 0
76 40 64 0
77 68 157 0
78 180 94 0
79 134 179 0
80 58 15 0
81 101 2 0
82 93 292 0
83 65 63 0
84 110 272 0
85 26 12 0
86 44 94 0
87 153 216 0
88 65 126 0
89 19 293 0
90 132 98 0
91 194 229 0
92 17 97 0
93 43 193 0
94 185 69 0
95 163 260 0
96 148 257 0
97 13 95 0
98 71 13 0
99 62 175 0
100 23 185 0
