1 3 26 0
2 5 45 0
3 6 17 0
4 2 36 0
5 7 74 0
6 2 77 0
7 5 86 0
8 5 49 0
9 4 50 0
10 5 54 0
11 4 16 0
12 2 16 0
13 5 67 0
14 4 84 0
15 3 33 0
16 3 28 0
17 9 30 0
18 3 40 0
19 11 29 0
20 4 56 0
21 7 31 0
22 4 9 0
23 4 62 0
24 6 20 0
25 4 27 0
26 3 82 0
27 5 50 0
28 9 96 0
29 4 99 0
30 6 39 0
31 6 17 0
32 7 77 0
33 3 60 0
34 4 81 0
35 7 39 0
36 3 51 0
37 6 18 0
38 5 63 0
39 8 41 0
40 5 46 0
41 2 48 0
42 10 84 0
43 8 88 0
44 8 85 0
45 5 12 0
46 6 54 0
47 6 19 0
48 4 80 0
49 8 48 0
50 6 67 0
51 9 79 0
52 6 91 0
53 7 84 0
54 4 62 0
55 3 16 0
56 5 35 0
57 5 42 0
58 6 75 0
59 6 6 0
60 7 44 0
61 4 57 0
62 4 54 0
63 6 23 0
64 7 85 0
65 6 65 0
66 5 72 0
67 6 8 0
68 1 47 0
69 3 95 0
70 4 5 0
71 4 87 0
72 5 64 0
73 0 45 0
74 5 84 0
75 4 61 0
76 2 99 0
77 9 84 0
78 6 88 0
79 6 90 0
80 3 5 0
81 4 37 0
82 4 67 0
83 7 47 0
84 6 47 0
85 4 77 0
86 5 22 0
87 4 81 0
88 6 23 0
89 6 38 0
90 7 70 0
91 4 87 0
92 4 75 0
93 4 40 0
94 3 50 0
95 4 33 0
96 8 8 0
97 2 88 0
98 3 46 0
99 6 2 0
100 6 42 0
