1 9 17 0
2 3 5 0
3 5 53 0
4 5 47 0
5 5 21 0
6 7 46 0
7 5 58 0
8 8 64 0
9 4 88 0
10 3 29 0
11 3 3 0
12 6 34 0
13 5 65 0
14 4 75 0
15 6 76 0
16 4 85 0
17 6 34 0
18 4 25 0
19 0 25 0
20 3 16 0
21 3 89 0
22 6 67 0
23 8 72 0
24 5 73 0
25 5 86 0
26 5 92 0
27 6 33 0
28 9 12 0
29 8 15 0
30 3 92 0
31 5 68 0
32 4 88 0
33 8 18 0
34 7 87 0
35 6 85 0
36 2 51 0
37 6 30 0
38 6 94 0
39 8 62 0
40 4 9 0
41 5 24 0
42 3 33 0
43 5 51 0
44 4 97 0
45 7 52 0
46 5 42 0
47 7 57 0
48 5 44 0
49 3 32 0
50 6 10 0
51 3 70 0
52 6 10 0
53 5 94 0
54 4 47 0
55 8 79 0
56 5 98 0
57 6 74 0
58 5 42 0
59 5 62 0
60 2 55 0
61 4 8 0
62 5 78 0
63 5 90 0
64 2 6 0
65 6 13 0
66 6 63 0
67 7 94 0
68 5 60 0
69 6 26 0
70 9 30 0
71 3 85 0
72 8 48 0
73 5 76 0
74 4 75 0
75 4 78 0
76 3 65 0
77 8 22 0
78 8 83 0
79 5 13 0
80 5 82 0
81 3 94 0
82 6 16 0
83 7 47 0
84 4 99 0
85 9 28 0
86 7 75 0
87 6 43 0
88 4 71 0
89 2 62 0
90 6 34 0
91 7 46 0
92 3 1 0
93 6 25 0
94 5 19 0
95 3 75 0
96 6 54 0
97 5 53 0
98 6 78 0
99 7 92 0
100 6 64 0
