1 104 346 0
2 104 797 0
3 98 847 0
4 101 211 0
5 102 338 0
6 102 996 0
7 101 107 0
8 101 113 0
9 101 597 0
10 98 163 0
11 99 552 0
12 101 687 0
13 100 262 0
14 100 524 0
15 100 434 0
16 96 90 0
17 99 834 0
18 102 180 0
19 99 375 0
20 97 864 0
21 100 950 0
22 100 403 0
23 100 937 0
24 98 528 0
25 106 557 0
26 100 322 0
27 98 497 0
28 99 786 0
29 99 908 0
30 100 616 0
31 98 655 0
32 101 264 0
33 101 440 0
34 101 960 0
35 99 565 0
36 96 90 0
37 100 537 0
38 96 779 0
39 99 133 0
40 97 663 0
41 102 300 0
42 96 129 0
43 98 69 0
44 102 129 0
45 97 185 0
46 98 548 0
47 98 172 0
48 99 752 0
49 98 316 0
50 99 854 0
51 101 255 0
52 98 955 0
53 99 615 0
54 96 896 0
55 99 555 0
56 101 573 0
57 102 673 0
58 101 519 0
59 101 400 0
60 98 535 0
61 104 419 0
62 96 224 0
63 103 714 0
64 99 694 0
65 97 424 0
66 99 47 0
67 100 569 0
68 100 814 0
69 101 639 0
70 99 964 0
71 99 142 0
72 96 61 0
73 100 614 0
74 103 992 0
75 98 754 0
76 102 157 0
77 98 672 0
78 100 855 0
79 104 85 0
80 99 951 0
81 98 377 0
82 98 613 0
83 101 684 0
84 102 621 0
85 98 579 0
86 98 63 0
87 100 615 0
88 97 499 0
89 104 749 0
90 100 757 0
91 101 829 0
92 99 26 0
93 98 623 0
94 98 641 0
95 102 352 0
96 101 38 0
97 99 836 0
98 101 387 0
99 99 359 0
100 100 345 0
101 99 963 0
102 99 566 0
103 97 93 0
104 98 473 0
105 101 539 0
106 98 435 0
107 102 134 0
108 98 313 0
109 97 777 0
110 97 959 0
111 98 786 0
112 99 612 0
113 98 955 0
114 99 661 0
115 97 790 0
116 99 776 0
117 100 493 0
118 98 454 0
119 100 784 0
120 99 347 0
121 99 609 0
122 100 408 0
123 100 167 0
124 100 727 0
125 97 686 0
126 101 320 0
127 100 697 0
128 98 751 0
129 100 111 0
130 100 315 0
131 98 846 0
132 100 455 0
133 101 632 0
134 96 699 0
135 97 329 0
136 99 369 0
137 99 469 0
138 100 196 0
139 96 152 0
140 96 936 0
141 104 871 0
142 100 210 0
143 100 565 0
144 98 69 0
145 101 861 0
146 102 654 0
147 102 687 0
148 97 251 0
149 98 330 0
150 102 365 0
151 101 951 0
152 102 258 0
153 99 146 0
154 98 857 0
155 101 107 0
156 101 529 0
157 99 315 0
158 101 601 0
159 98 503 0
160 99 428 0
161 99 176 0
162 99 461 0
163 97 866 0
164 101 337 0
165 99 195 0
166 101 19 0
167 100 881 0
168 100 718 0
169 98 851 0
170 98 367 0
171 96 489 0
172 101 121 0
173 98 270 0
174 100 871 0
175 101 622 0
176 101 357 0
177 97 713 0
178 99 665 0
179 99 462 0
180 105 339 0
181 98 645 0
182 97 457 0
183 101 677 0
184 101 812 0
185 98 899 0
186 98 511 0
187 100 110 0
188 103 217 0
189 96 741 0
190 101 46 0
191 97 796 0
192 102 254 0
193 98 282 0
194 99 645 0
195 96 952 0
196 100 975 0
197 100 762 0
198 96 537 0
199 97 56 0
200 100 356 0
201 101 615 0
202 100 653 0
203 103 815 0
204 100 208 0
205 102 852 0
206 98 99 0
207 102 937 0
208 100 894 0
209 98 28 0
210 101 999 0
211 97 782 0
212 104 757 0
213 96 208 0
214 98 908 0
215 101 856 0
216 98 268 0
217 102 208 0
218 98 294 0
219 99 876 0
220 97 798 0
221 103 620 0
222 100 475 0
223 103 123 0
224 100 714 0
225 100 969 0
226 102 338 0
227 101 904 0
228 97 405 0
229 100 63 0
230 97 311 0
231 101 327 0
232 99 318 0
233 100 977 0
234 101 821 0
235 102 403 0
236 101 382 0
237 101 107 0
238 100 561 0
239 100 372 0
240 102 376 0
241 98 931 0
242 98 850 0
243 102 207 0
244 100 923 0
245 103 446 0
246 102 441 0
247 103 931 0
248 96 509 0
249 99 709 0
250 100 9 0
251 100 202 0
252 101 500 0
253 98 391 0
254 100 146 0
255 102 487 0
256 101 545 0
257 99 166 0
258 100 948 0
259 101 182 0
260 99 515 0
261 100 356 0
262 98 131 0
263 103 427 0
264 102 825 0
265 103 236 0
266 97 103 0
267 99 140 0
268 97 308 0
269 98 721 0
270 98 745 0
271 103 191 0
272 99 981 0
273 100 912 0
274 99 207 0
275 102 959 0
276 95 212 0
277 96 257 0
278 99 892 0
279 99 96 0
280 98 278 0
281 98 75 0
282 98 8 0
283 100 393 0
284 102 886 0
285 99 780 0
286 96 938 0
287 99 485 0
288 100 970 0
289 95 305 0
290 98 763 0
291 100 189 0
292 106 979 0
293 100 955 0
294 97 762 0
295 100 314 0
296 99 931 0
297 96 288 0
298 99 982 0
299 96 312 0
300 102 953 0
301 101 85 0
302 101 356 0
303 100 680 0
304 99 540 0
305 100 593 0
306 103 705 0
307 99 72 0
308 100 300 0
309 100 351 0
310 99 823 0
311 99 110 0
312 102 81 0
313 98 624 0
314 101 976 0
315 100 320 0
316 103 789 0
317 102 552 0
318 100 146 0
319 100 288 0
320 99 152 0
321 100 575 0
322 103 414 0
323 100 333 0
324 95 278 0
325 99 460 0
326 100 125 0
327 101 92 0
328 98 524 0
329 103 105 0
330 102 267 0
331 97 67 0
332 98 309 0
333 102 377 0
334 99 257 0
335 101 966 0
336 97 740 0
337 101 958 0
338 100 708 0
339 97 476 0
340 103 320 0
341 97 377 0
342 101 994 0
343 101 276 0
344 99 315 0
345 101 564 0
346 100 126 0
347 100 633 0
348 102 745 0
349 100 727 0
350 102 855 0
351 98 643 0
352 96 297 0
353 100 955 0
354 98 220 0
355 100 478 0
356 100 330 0
357 97 144 0
358 96 68 0
359 104 108 0
360 101 875 0
361 101 666 0
362 101 40 0
363 100 980 0
364 100 223 0
365 99 979 0
366 97 219 0
367 100 473 0
368 99 802 0
369 98 524 0
370 99 363 0
371 99 880 0
372 104 572 0
373 100 856 0
374 98 104 0
375 96 342 0
376 103 661 0
377 101 837 0
378 97 323 0
379 95 761 0
380 98 916 0
381 100 820 0
382 99 936 0
383 102 254 0
384 101 478 0
385 100 721 0
386 99 462 0
387 100 666 0
388 101 850 0
389 101 134 0
390 99 890 0
391 101 521 0
392 102 185 0
393 98 54 0
394 97 955 0
395 100 76 0
396 98 789 0
397 99 869 0
398 100 754 0
399 100 989 0
400 99 717 0
401 100 79 0
402 99 951 0
403 99 725 0
404 97 635 0
405 98 243 0
406 102 698 0
407 97 338 0
408 99 186 0
409 99 593 0
410 99 6 0
411 100 302 0
412 98 323 0
413 100 79 0
414 97 304 0
415 101 132 0
416 99 834 0
417 98 295 0
418 99 813 0
419 104 780 0
420 100 108 0
421 101 740 0
422 99 419 0
423 104 566 0
424 102 700 0
425 99 179 0
426 97 346 0
427 101 300 0
428 100 700 0
429 98 469 0
430 101 918 0
431 102 641 0
432 96 443 0
433 98 242 0
434 98 428 0
435 99 568 0
436 104 262 0
437 100 811 0
438 100 369 0
439 99 791 0
440 97 346 0
441 96 285 0
442 102 273 0
443 97 127 0
444 98 155 0
445 99 275 0
446 99 859 0
447 102 404 0
448 99 922 0
449 100 675 0
450 100 604 0
451 95 429 0
452 96 78 0
453 99 325 0
454 98 249 0
455 101 455 0
456 101 798 0
457 99 326 0
458 99 824 0
459 100 996 0
460 101 574 0
461 98 905 0
462 98 638 0
463 100 108 0
464 96 450 0
465 104 847 0
466 103 60 0
467 99 238 0
468 102 345 0
469 100 850 0
470 105 730 0
471 99 573 0
472 102 327 0
473 101 450 0
474 99 206 0
475 100 531 0
476 101 186 0
477 99 336 0
478 101 888 0
479 97 867 0
480 98 917 0
481 100 252 0
482 95 87 0
483 99 756 0
484 101 944 0
485 101 65 0
486 95 133 0
487 102 721 0
488 98 699 0
489 99 285 0
490 101 67 0
491 101 794 0
492 101 339 0
493 100 522 0
494 101 4 0
495 105 576 0
496 102 276 0
497 99 100 0
498 102 907 0
499 101 54 0
500 98 277 0
501 103 100 0
502 100 462 0
503 99 237 0
504 96 476 0
505 97 305 0
506 98 447 0
507 99 353 0
508 100 461 0
509 98 78 0
510 99 860 0
511 101 505 0
512 103 204 0
513 97 112 0
514 98 447 0
515 99 529 0
516 102 163 0
517 99 858 0
518 101 352 0
519 100 130 0
520 99 825 0
521 99 436 0
522 99 533 0
523 99 114 0
524 98 783 0
525 100 49 0
526 100 587 0
527 99 369 0
528 99 233 0
529 100 56 0
530 99 635 0
531 101 87 0
532 98 514 0
533 100 814 0
534 97 113 0
535 98 285 0
536 100 630 0
537 103 557 0
538 99 251 0
539 102 244 0
540 101 516 0
541 96 801 0
542 99 497 0
543 100 525 0
544 100 196 0
545 95 84 0
546 102 227 0
547 100 854 0
548 97 515 0
549 100 421 0
550 100 50 0
551 101 983 0
552 103 407 0
553 101 847 0
554 99 311 0
555 100 120 0
556 102 221 0
557 102 611 0
558 101 450 0
559 97 629 0
560 102 661 0
561 99 657 0
562 101 743 0
563 101 369 0
564 101 596 0
565 96 95 0
566 104 171 0
567 99 540 0
568 99 761 0
569 99 869 0
570 99 965 0
571 98 812 0
572 100 106 0
573 100 629 0
574 100 357 0
575 97 632 0
576 100 749 0
577 97 287 0
578 100 901 0
579 100 789 0
580 102 716 0
581 99 550 0
582 100 373 0
583 100 583 0
584 101 381 0
585 96 262 0
586 98 425 0
587 102 624 0
588 101 144 0
589 100 365 0
590 98 537 0
591 96 14 0
592 99 370 0
593 96 614 0
594 101 586 0
595 101 872 0
596 100 923 0
597 101 803 0
598 103 991 0
599 98 821 0
600 100 955 0
601 98 591 0
602 99 544 0
603 103 957 0
604 101 785 0
605 100 527 0
606 102 632 0
607 99 70 0
608 100 209 0
609 101 357 0
610 105 997 0
611 100 168 0
612 100 686 0
613 96 853 0
614 99 846 0
615 104 951 0
616 99 594 0
617 100 786 0
618 98 23 0
619 97 707 0
620 99 125 0
621 103 710 0
622 100 937 0
623 96 621 0
624 103 787 0
625 98 863 0
626 99 406 0
627 104 547 0
628 98 235 0
629 101 226 0
630 104 369 0
631 102 526 0
632 101 947 0
633 101 635 0
634 98 643 0
635 96 337 0
636 101 425 0
637 100 804 0
638 101 712 0
639 100 790 0
640 98 680 0
641 95 519 0
642 100 420 0
643 101 87 0
644 101 619 0
645 103 317 0
646 96 503 0
647 103 232 0
648 99 145 0
649 100 640 0
650 97 10 0
651 99 670 0
652 100 441 0
653 102 345 0
654 98 204 0
655 101 73 0
656 103 221 0
657 102 936 0
658 99 643 0
659 98 347 0
660 99 788 0
661 98 279 0
662 98 134 0
663 102 531 0
664 99 171 0
665 101 190 0
666 103 947 0
667 99 977 0
668 102 597 0
669 98 190 0
670 99 184 0
671 99 865 0
672 100 216 0
673 99 675 0
674 95 220 0
675 101 766 0
676 98 767 0
677 99 198 0
678 99 288 0
679 95 279 0
680 102 100 0
681 100 996 0
682 97 617 0
683 99 818 0
684 99 530 0
685 97 955 0
686 100 616 0
687 100 570 0
688 98 471 0
689 100 27 0
690 99 717 0
691 102 699 0
692 100 965 0
693 96 256 0
694 101 447 0
695 102 580 0
696 103 882 0
697 100 437 0
698 100 241 0
699 98 675 0
700 101 938 0
701 98 797 0
702 100 699 0
703 96 376 0
704 101 350 0
705 99 210 0
706 103 723 0
707 99 674 0
708 94 865 0
709 100 506 0
710 100 778 0
711 98 836 0
712 100 549 0
713 103 357 0
714 97 903 0
715 101 647 0
716 96 542 0
717 101 221 0
718 99 142 0
719 101 397 0
720 99 242 0
721 101 748 0
722 99 890 0
723 101 86 0
724 102 837 0
725 99 311 0
726 100 171 0
727 101 37 0
728 102 367 0
729 102 599 0
730 98 712 0
731 99 596 0
732 103 932 0
733 103 365 0
734 101 788 0
735 102 287 0
736 98 375 0
737 98 460 0
738 96 791 0
739 100 760 0
740 102 192 0
741 100 180 0
742 99 819 0
743 103 721 0
744 98 676 0
745 98 422 0
746 100 476 0
747 98 292 0
748 98 615 0
749 97 962 0
750 101 139 0
751 97 91 0
752 101 70 0
753 98 415 0
754 101 521 0
755 99 625 0
756 101 292 0
757 98 213 0
758 100 349 0
759 97 534 0
760 102 217 0
761 101 586 0
762 98 552 0
763 101 234 0
764 100 407 0
765 98 54 0
766 100 409 0
767 99 955 0
768 99 323 0
769 99 825 0
770 97 310 0
771 99 396 0
772 101 159 0
773 100 880 0
774 103 53 0
775 99 994 0
776 100 496 0
777 100 452 0
778 100 929 0
779 98 50 0
780 100 67 0
781 100 540 0
782 98 472 0
783 101 277 0
784 101 413 0
785 102 677 0
786 102 535 0
787 98 683 0
788 98 103 0
789 98 642 0
790 96 899 0
791 93 632 0
792 99 315 0
793 100 676 0
794 100 144 0
795 102 401 0
796 101 924 0
797 101 906 0
798 100 295 0
799 99 97 0
800 100 815 0
801 100 430 0
802 102 324 0
803 100 815 0
804 102 737 0
805 99 734 0
806 100 276 0
807 101 155 0
808 99 29 0
809 100 962 0
810 99 169 0
811 98 18 0
812 104 504 0
813 98 217 0
814 101 154 0
815 103 792 0
816 99 803 0
817 100 60 0
818 101 396 0
819 99 815 0
820 97 231 0
821 97 208 0
822 99 298 0
823 98 373 0
824 96 365 0
825 99 377 0
826 99 534 0
827 95 8 0
828 106 476 0
829 98 971 0
830 98 252 0
831 101 744 0
832 100 548 0
833 98 61 0
834 98 471 0
835 101 544 0
836 98 913 0
837 99 26 0
838 101 5 0
839 95 579 0
840 97 104 0
841 99 633 0
842 102 896 0
843 101 140 0
844 100 798 0
845 101 133 0
846 99 168 0
847 99 143 0
848 99 472 0
849 100 428 0
850 100 388 0
851 96 834 0
852 99 656 0
853 98 609 0
854 101 357 0
855 102 256 0
856 97 636 0
857 100 364 0
858 100 135 0
859 100 767 0
860 100 870 0
861 99 39 0
862 97 99 0
863 101 56 0
864 99 249 0
865 99 491 0
866 95 848 0
867 101 935 0
868 97 683 0
869 104 539 0
870 98 302 0
871 102 588 0
872 98 801 0
873 98 360 0
874 98 559 0
875 100 156 0
876 99 472 0
877 98 724 0
878 99 98 0
879 101 116 0
880 100 560 0
881 98 975 0
882 99 317 0
883 97 227 0
884 102 382 0
885 99 177 0
886 98 68 0
887 98 619 0
888 101 483 0
889 99 172 0
890 100 136 0
891 97 117 0
892 103 724 0
893 101 636 0
894 98 812 0
895 99 286 0
896 102 304 0
897 97 605 0
898 99 782 0
899 103 423 0
900 101 933 0
901 98 148 0
902 99 858 0
903 101 266 0
904 98 807 0
905 99 423 0
906 98 668 0
907 101 128 0
908 96 288 0
909 99 529 0
910 101 844 0
911 99 506 0
912 100 882 0
913 101 654 0
914 100 640 0
915 99 264 0
916 97 627 0
917 99 598 0
918 102 71 0
919 101 274 0
920 103 623 0
921 101 68 0
922 100 997 0
923 99 378 0
924 103 18 0
925 101 761 0
926 99 85 0
927 99 72 0
928 101 789 0
929 101 718 0
930 101 825 0
931 99 716 0
932 98 577 0
933 99 13 0
934 102 573 0
935 102 525 0
936 97 444 0
937 98 243 0
938 99 356 0
939 96 708 0
940 100 987 0
941 98 380 0
942 98 5 0
943 101 687 0
944 101 606 0
945 99 348 0
946 98 921 0
947 102 964 0
948 99 830 0
949 101 750 0
950 100 902 0
951 103 322 0
952 99 579 0
953 100 448 0
954 98 554 0
955 101 682 0
956 99 553 0
957 98 633 0
958 100 284 0
959 97 196 0
960 99 409 0
961 100 454 0
962 97 40 0
963 98 380 0
964 98 260 0
965 96 16 0
966 98 882 0
967 100 710 0
968 97 297 0
969 97 941 0
970 98 773 0
971 99 803 0
972 99 637 0
973 102 165 0
974 98 417 0
975 102 544 0
976 102 574 0
977 100 666 0
978 99 878 0
979 99 63 0
980 100 24 0
981 101 433 0
982 94 761 0
983 103 168 0
984 102 229 0
985 102 216 0
986 100 256 0
987 101 404 0
988 99 171 0
989 102 201 0
990 98 53 0
991 98 977 0
992 97 534 0
993 98 157 0
994 99 912 0
995 99 506 0
996 101 470 0
997 101 310 0
998 99 408 0
999 102 191 0
1000 98 255 0
