1 97 988 0
2 101 98 0
3 103 123 0
4 100 569 0
5 95 942 0
6 99 224 0
7 99 253 0
8 103 420 0
9 102 823 0
10 98 451 0
11 100 596 0
12 97 559 0
13 102 873 0
14 100 99 0
15 102 865 0
16 101 213 0
17 97 993 0
18 98 588 0
19 98 576 0
20 100 843 0
21 99 717 0
22 94 146 0
23 98 765 0
24 96 158 0
25 93 154 0
26 102 720 0
27 99 359 0
28 96 971 0
29 96 434 0
30 99 980 0
31 99 465 0
32 103 513 0
33 98 304 0
34 96 56 0
35 102 67 0
36 97 139 0
37 99 354 0
38 96 3 0
39 98 222 0
40 101 262 0
41 98 467 0
42 98 889 0
43 99 806 0
44 97 401 0
45 97 628 0
46 100 99 0
47 99 645 0
48 100 360 0
49 96 315 0
50 100 296 0
51 100 419 0
52 98 925 0
53 98 903 0
54 97 861 0
55 98 766 0
56 103 972 0
57 101 998 0
58 95 88 0
59 99 472 0
60 101 884 0
61 101 77 0
62 99 8 0
63 96 198 0
64 100 552 0
65 97 665 0
66 99 490 0
67 100 428 0
68 102 763 0
69 100 440 0
70 100 471 0
71 99 88 0
72 98 750 0
73 96 357 0
74 101 130 0
75 97 931 0
76 102 530 0
77 96 73 0
78 99 977 0
79 103 92 0
80 101 459 0
81 102 442 0
82 98 187 0
83 102 622 0
84 100 507 0
85 99 955 0
86 98 502 0
87 103 612 0
88 95 900 0
89 100 649 0
90 99 194 0
91 103 393 0
92 99 207 0
93 100 740 0
94 99 771 0
95 100 695 0
96 98 290 0
97 102 665 0
98 97 401 0
99 101 136 0
100 100 757 0
101 96 627 0
102 96 321 0
103 98 679 0
104 100 978 0
105 98 168 0
106 102 489 0
107 100 405 0
108 103 601 0
109 99 974 0
110 97 535 0
111 97 752 0
112 100 238 0
113 99 464 0
114 102 639 0
115 100 751 0
116 99 218 0
117 97 423 0
118 100 385 0
119 103 858 0
120 97 359 0
121 99 488 0
122 100 436 0
123 97 53 0
124 99 985 0
125 100 881 0
126 98 83 0
127 100 501 0
128 102 851 0
129 102 293 0
130 102 1 0
131 100 589 0
132 102 25 0
133 99 442 0
134 102 413 0
135 98 439 0
136 98 464 0
137 99 400 0
138 97 92 0
139 100 165 0
140 99 14 0
141 99 998 0
142 98 37 0
143 99 61 0
144 99 892 0
145 99 403 0
146 99 442 0
147 104 128 0
148 101 104 0
149 100 165 0
150 99 625 0
151 99 493 0
152 98 224 0
153 102 366 0
154 98 238 0
155 99 288 0
156 97 414 0
157 97 247 0
158 99 847 0
159 101 111 0
160 100 533 0
161 100 70 0
162 96 736 0
163 97 16 0
164 98 474 0
165 98 767 0
166 97 880 0
167 98 89 0
168 97 286 0
169 101 696 0
170 95 256 0
171 96 956 0
172 101 540 0
173 100 760 0
174 101 607 0
175 102 281 0
176 99 687 0
177 101 544 0
178 98 864 0
179 100 965 0
180 99 515 0
181 99 450 0
182 103 730 0
183 98 377 0
184 101 509 0
185 100 935 0
186 98 922 0
187 102 71 0
188 97 105 0
189 101 660 0
190 102 493 0
191 98 573 0
192 98 295 0
193 99 258 0
194 99 823 0
195 102 823 0
196 97 832 0
197 100 24 0
198 101 38 0
199 101 958 0
200 100 508 0
201 99 980 0
202 100 179 0
203 105 584 0
204 103 0 0
205 99 530 0
206 102 60 0
207 96 920 0
208 97 531 0
209 99 450 0
210 98 999 0
211 101 93 0
212 99 522 0
213 98 583 0
214 96 174 0
215 101 234 0
216 101 527 0
217 102 545 0
218 100 765 0
219 103 874 0
220 100 538 0
221 104 253 0
222 102 655 0
223 102 804 0
224 101 359 0
225 98 142 0
226 100 916 0
227 102 665 0
228 103 844 0
229 94 794 0
230 100 740 0
231 102 653 0
232 99 868 0
233 99 386 0
234 99 405 0
235 96 403 0
236 103 578 0
237 94 605 0
238 101 559 0
239 97 534 0
240 103 192 0
241 102 32 0
242 98 187 0
243 100 6 0
244 99 127 0
245 99 720 0
246 97 871 0
247 100 532 0
248 98 765 0
249 103 370 0
250 96 675 0
251 98 34 0
252 95 717 0
253 99 535 0
254 100 349 0
255 101 762 0
256 99 425 0
257 99 819 0
258 96 217 0
259 100 355 0
260 98 552 0
261 102 126 0
262 103 213 0
263 99 470 0
264 98 38 0
265 100 768 0
266 97 378 0
267 99 133 0
268 99 115 0
269 99 880 0
270 101 465 0
271 100 46 0
272 96 254 0
273 103 920 0
274 98 662 0
275 99 812 0
276 101 202 0
277 102 635 0
278 100 690 0
279 101 954 0
280 98 759 0
281 100 220 0
282 97 496 0
283 98 430 0
284 102 515 0
285 99 942 0
286 100 237 0
287 98 688 0
288 99 199 0
289 100 801 0
290 101 894 0
291 96 854 0
292 99 948 0
293 100 924 0
294 98 482 0
295 99 479 0
296 100 17 0
297 99 638 0
298 101 505 0
299 99 397 0
300 97 379 0
301 94 867 0
302 99 264 0
303 100 14 0
304 101 323 0
305 100 407 0
306 101 581 0
307 98 286 0
308 102 404 0
309 100 984 0
310 97 269 0
311 101 498 0
312 101 711 0
313 98 107 0
314 104 667 0
315 98 681 0
316 102 834 0
317 99 91 0
318 101 39 0
319 100 79 0
320 99 195 0
321 101 441 0
322 99 146 0
323 98 768 0
324 101 214 0
325 101 191 0
326 99 697 0
327 101 168 0
328 99 160 0
329 102 862 0
330 98 782 0
331 97 10 0
332 97 955 0
333 98 173 0
334 101 533 0
335 100 442 0
336 96 285 0
337 101 368 0
338 99 166 0
339 98 989 0
340 102 371 0
341 97 950 0
342 101 287 0
343 102 27 0
344 99 839 0
345 101 946 0
346 101 49 0
347 101 925 0
348 103 298 0
349 101 739 0
350 102 419 0
351 102 788 0
352 99 345 0
353 100 810 0
354 98 570 0
355 98 875 0
356 102 32 0
357 101 936 0
358 103 460 0
359 100 542 0
360 99 561 0
361 101 707 0
362 98 773 0
363 97 837 0
364 99 151 0
365 103 114 0
366 103 877 0
367 99 705 0
368 97 545 0
369 100 442 0
370 99 823 0
371 97 99 0
372 102 742 0
373 97 552 0
374 101 57 0
375 99 886 0
376 100 922 0
377 100 315 0
378 100 538 0
379 97 904 0
380 98 799 0
381 99 876 0
382 100 507 0
383 102 806 0
384 101 643 0
385 100 112 0
386 97 243 0
387 100 293 0
388 100 659 0
389 103 9 0
390 100 699 0
391 95 267 0
392 99 418 0
393 99 656 0
394 102 796 0
395 102 6 0
396 99 658 0
397 94 916 0
398 96 516 0
399 98 411 0
400 99 888 0
401 99 507 0
402 96 139 0
403 99 497 0
404 103 4 0
405 102 802 0
406 100 939 0
407 102 299 0
408 98 621 0
409 97 962 0
410 100 199 0
411 103 117 0
412 102 212 0
413 100 404 0
414 101 175 0
415 98 551 0
416 101 198 0
417 102 626 0
418 100 694 0
419 100 360 0
420 98 934 0
421 99 714 0
422 99 201 0
423 97 694 0
424 101 570 0
425 101 51 0
426 100 280 0
427 98 872 0
428 98 339 0
429 101 414 0
430 102 219 0
431 96 612 0
432 98 937 0
433 102 612 0
434 100 292 0
435 100 848 0
436 95 938 0
437 98 228 0
438 97 762 0
439 101 909 0
440 97 911 0
441 99 908 0
442 102 806 0
443 100 283 0
444 100 68 0
445 97 913 0
446 100 531 0
447 101 665 0
448 97 961 0
449 98 470 0
450 98 601 0
451 99 428 0
452 102 285 0
453 97 941 0
454 100 470 0
455 101 305 0
456 99 234 0
457 99 423 0
458 100 649 0
459 98 806 0
460 98 741 0
461 95 952 0
462 99 728 0
463 95 718 0
464 101 660 0
465 98 67 0
466 96 692 0
467 100 55 0
468 101 767 0
469 102 240 0
470 102 331 0
471 99 725 0
472 98 896 0
473 101 444 0
474 98 386 0
475 101 281 0
476 97 503 0
477 98 850 0
478 103 325 0
479 100 721 0
480 99 127 0
481 102 510 0
482 97 411 0
483 104 178 0
484 102 57 0
485 96 135 0
486 97 49 0
487 98 456 0
488 101 887 0
489 103 376 0
490 99 842 0
491 99 216 0
492 101 660 0
493 104 824 0
494 102 324 0
495 99 690 0
496 96 578 0
497 101 839 0
498 96 645 0
499 102 52 0
500 98 784 0
501 101 280 0
502 100 532 0
503 101 481 0
504 100 802 0
505 99 424 0
506 97 392 0
507 96 441 0
508 103 985 0
509 102 330 0
510 99 954 0
511 103 460 0
512 102 157 0
513 100 604 0
514 101 140 0
515 98 579 0
516 101 241 0
517 100 286 0
518 100 603 0
519 100 340 0
520 98 571 0
521 97 666 0
522 99 868 0
523 99 598 0
524 99 910 0
525 96 98 0
526 100 484 0
527 98 961 0
528 97 519 0
529 101 586 0
530 100 826 0
531 97 818 0
532 96 485 0
533 97 801 0
534 98 121 0
535 101 408 0
536 100 141 0
537 101 303 0
538 100 897 0
539 100 71 0
540 100 355 0
541 99 267 0
542 103 325 0
543 101 24 0
544 94 787 0
545 96 886 0
546 98 724 0
547 100 121 0
548 103 416 0
549 101 992 0
550 100 385 0
551 96 727 0
552 96 380 0
553 96 644 0
554 96 52 0
555 99 859 0
556 93 637 0
557 95 532 0
558 97 650 0
559 97 974 0
560 101 624 0
561 99 998 0
562 100 407 0
563 98 793 0
564 97 202 0
565 99 945 0
566 95 517 0
567 102 295 0
568 97 657 0
569 98 751 0
570 98 230 0
571 99 424 0
572 98 345 0
573 97 435 0
574 100 173 0
575 101 97 0
576 97 9 0
577 99 795 0
578 98 166 0
579 99 85 0
580 104 598 0
581 99 883 0
582 95 910 0
583 100 570 0
584 98 956 0
585 100 354 0
586 98 941 0
587 100 323 0
588 100 987 0
589 101 817 0
590 100 851 0
591 94 23 0
592 94 379 0
593 100 140 0
594 100 117 0
595 102 814 0
596 99 516 0
597 100 425 0
598 99 955 0
599 101 118 0
600 99 973 0
601 96 251 0
602 99 19 0
603 97 794 0
604 100 512 0
605 101 474 0
606 99 867 0
607 99 212 0
608 102 386 0
609 99 661 0
610 95 402 0
611 102 150 0
612 101 763 0
613 102 330 0
614 100 980 0
615 98 130 0
616 101 78 0
617 99 436 0
618 100 15 0
619 98 960 0
620 100 195 0
621 99 637 0
622 101 830 0
623 99 525 0
624 96 438 0
625 98 542 0
626 100 646 0
627 99 953 0
628 100 635 0
629 98 725 0
630 98 865 0
631 99 517 0
632 96 428 0
633 100 887 0
634 98 570 0
635 99 208 0
636 99 832 0
637 100 676 0
638 101 797 0
639 99 877 0
640 97 980 0
641 99 842 0
642 99 870 0
643 101 468 0
644 101 876 0
645 98 873 0
646 96 990 0
647 99 418 0
648 98 186 0
649 101 886 0
650 103 17 0
651 100 296 0
652 101 876 0
653 100 203 0
654 101 341 0
655 101 567 0
656 100 786 0
657 100 488 0
658 101 719 0
659 102 23 0
660 99 686 0
661 99 315 0
662 102 442 0
663 99 726 0
664 99 582 0
665 99 194 0
666 99 632 0
667 98 520 0
668 100 635 0
669 103 87 0
670 99 904 0
671 98 283 0
672 99 621 0
673 99 49 0
674 99 824 0
675 98 660 0
676 98 442 0
677 102 708 0
678 99 320 0
679 102 607 0
680 101 828 0
681 98 306 0
682 102 89 0
683 100 369 0
684 102 947 0
685 102 106 0
686 103 808 0
687 98 737 0
688 102 890 0
689 99 432 0
690 100 156 0
691 99 550 0
692 99 599 0
693 101 79 0
694 100 192 0
695 93 374 0
696 98 369 0
697 102 250 0
698 98 44 0
699 98 203 0
700 102 312 0
701 97 487 0
702 101 114 0
703 100 298 0
704 101 909 0
705 97 478 0
706 100 158 0
707 100 344 0
708 101 158 0
709 99 272 0
710 98 325 0
711 99 331 0
712 99 191 0
713 98 99 0
714 100 469 0
715 101 264 0
716 102 910 0
717 97 216 0
718 100 95 0
719 99 775 0
720 100 282 0
721 100 562 0
722 101 928 0
723 99 999 0
724 100 973 0
725 100 878 0
726 100 340 0
727 99 655 0
728 96 986 0
729 99 61 0
730 97 134 0
731 99 296 0
732 101 301 0
733 99 578 0
734 98 845 0
735 99 119 0
736 101 278 0
737 98 203 0
738 101 846 0
739 98 851 0
740 101 104 0
741 101 976 0
742 101 90 0
743 100 348 0
744 96 400 0
745 96 209 0
746 99 551 0
747 103 15 0
748 97 874 0
749 101 823 0
750 99 760 0
751 100 790 0
752 100 99 0
753 99 59 0
754 98 182 0
755 101 128 0
756 100 64 0
757 101 810 0
758 101 722 0
759 101 625 0
760 100 170 0
761 97 691 0
762 101 307 0
763 99 81 0
764 99 156 0
765 99 911 0
766 98 579 0
767 98 821 0
768 97 733 0
769 101 686 0
770 101 603 0
771 102 859 0
772 102 948 0
773 97 985 0
774 102 38 0
775 101 551 0
776 99 716 0
777 99 690 0
778 99 592 0
779 102 837 0
780 97 892 0
781 98 681 0
782 99 795 0
783 100 361 0
784 97 298 0
785 100 578 0
786 99 865 0
787 100 398 0
788 103 285 0
789 101 997 0
790 99 384 0
791 97 253 0
792 99 678 0
793 98 631 0
794 101 771 0
795 101 981 0
796 101 602 0
797 98 142 0
798 99 218 0
799 101 199 0
800 101 987 0
801 99 603 0
802 98 772 0
803 101 672 0
804 102 193 0
805 101 446 0
806 101 734 0
807 104 979 0
808 100 245 0
809 97 49 0
810 101 453 0
811 100 19 0
812 100 546 0
813 99 606 0
814 99 386 0
815 101 581 0
816 99 962 0
817 97 177 0
818 102 375 0
819 104 721 0
820 101 187 0
821 99 895 0
822 99 236 0
823 100 892 0
824 97 237 0
825 98 276 0
826 98 728 0
827 100 97 0
828 100 678 0
829 104 580 0
830 101 102 0
831 99 102 0
832 103 317 0
833 99 896 0
834 95 771 0
835 99 538 0
836 99 936 0
837 100 891 0
838 102 192 0
839 101 860 0
840 99 188 0
841 99 183 0
842 99 764 0
843 97 665 0
844 102 928 0
845 101 744 0
846 103 580 0
847 98 795 0
848 99 198 0
849 102 779 0
850 103 16 0
851 98 410 0
852 98 433 0
853 100 399 0
854 99 690 0
855 99 481 0
856 98 650 0
857 102 273 0
858 100 10 0
859 100 635 0
860 101 822 0
861 102 284 0
862 99 948 0
863 101 703 0
864 101 954 0
865 99 52 0
866 100 405 0
867 98 952 0
868 101 181 0
869 99 738 0
870 101 248 0
871 99 151 0
872 98 593 0
873 100 321 0
874 101 772 0
875 97 586 0
876 99 91 0
877 102 722 0
878 99 792 0
879 99 250 0
880 99 30 0
881 98 120 0
882 96 346 0
883 97 677 0
884 100 983 0
885 96 639 0
886 100 529 0
887 97 788 0
888 98 854 0
889 100 308 0
890 94 66 0
891 102 197 0
892 103 422 0
893 101 470 0
894 98 656 0
895 99 698 0
896 98 563 0
897 101 916 0
898 99 619 0
899 96 632 0
900 100 919 0
901 101 349 0
902 99 520 0
903 98 857 0
904 102 906 0
905 100 437 0
906 102 490 0
907 98 724 0
908 101 490 0
909 101 352 0
910 100 522 0
911 97 324 0
912 101 369 0
913 98 959 0
914 97 825 0
915 96 506 0
916 96 399 0
917 98 232 0
918 98 171 0
919 100 278 0
920 98 71 0
921 97 46 0
922 99 346 0
923 99 303 0
924 101 401 0
925 100 376 0
926 99 659 0
927 96 143 0
928 101 977 0
929 98 785 0
930 103 666 0
931 99 548 0
932 101 682 0
933 99 619 0
934 100 350 0
935 100 892 0
936 101 969 0
937 100 230 0
938 97 50 0
939 103 970 0
940 98 505 0
941 100 207 0
942 101 582 0
943 101 7 0
944 99 154 0
945 100 192 0
946 102 2 0
947 101 653 0
948 102 617 0
949 99 849 0
950 97 18 0
951 98 512 0
952 94 256 0
953 97 281 0
954 100 871 0
955 99 689 0
956 101 991 0
957 99 874 0
958 99 226 0
959 100 339 0
960 102 942 0
961 101 672 0
962 95 389 0
963 102 562 0
964 97 654 0
965 98 180 0
966 101 47 0
967 97 259 0
968 102 666 0
969 100 920 0
970 96 498 0
971 100 475 0
972 96 477 0
973 102 742 0
974 100 690 0
975 102 731 0
976 99 927 0
977 98 358 0
978 99 782 0
979 99 494 0
980 102 363 0
981 102 690 0
982 98 150 0
983 100 170 0
984 101 633 0
985 99 765 0
986 101 622 0
987 101 443 0
988 97 340 0
989 102 585 0
990 99 28 0
991 102 634 0
992 97 920 0
993 99 610 0
994 98 817 0
995 98 171 0
996 102 592 0
997 98 779 0
998 98 535 0
999 95 863 0
1000 100 828 0
