1 5 2 0
2 5 81 0
3 7 10 0
4 9 60 0
5 8 66 0
6 2 13 0
7 6 93 0
8 5 74 0
9 4 68 0
10 8 64 0
11 4 9 0
12 4 72 0
13 4 53 0
14 4 97 0
15 5 74 0
16 6 39 0
17 5 17 0
18 2 13 0
19 4 29 0
20 4 43 0
21 4 25 0
22 6 66 0
23 4 67 0
24 5 13 0
25 8 33 0
26 5 98 0
27 1 63 0
28 3 35 0
29 5 38 0
30 7 60 0
31 6 71 0
32 5 29 0
33 5 86 0
34 5 43 0
35 3 75 0
36 5 12 0
37 3 46 0
38 7 18 0
39 5 2 0
40 8 65 0
41 3 42 0
42 7 87 0
43 3 69 0
44 7 83 0
45 5 9 0
46 6 1 0
47 6 74 0
48 3 63 0
49 5 71 0
50 3 50 0
51 6 64 0
52 7 13 0
53 7 21 0
54 3 3 0
55 5 7 0
56 6 7 0
57 9 43 0
58 3 30 0
59 6 66 0
60 3 99 0
61 4 35 0
62 6 23 0
63 3 59 0
64 8 48 0
65 2 81 0
66 6 81 0
67 4 30 0
68 6 38 0
69 6 74 0
70 8 9 0
71 5 24 0
72 8 43 0
73 3 19 0
74 3 26 0
75 4 26 0
76 5 8 0
77 6 55 0
78 9 18 0
79 5 63 0
80 4 28 0
81 5 94 0
82 6 81 0
83 7 40 0
84 3 91 0
85 5 99 0
86 7 12 0
87 9 72 0
88 7 64 0
89 3 92 0
90 4 55 0
91 2 63 0
92 3 64 0
93 10 74 0
94 5 31 0
95 2 53 0
96 4 4 0
97 4 64 0
98 7 14 0
99 6 39 0
100 6 31 0
