1 4 0 0
2 7 0 0
3 3 0 0
4 2 0 0
5 9 0 0
6 6 0 0
7 7 0 0
8 7 0 0
9 5 0 0
10 7 0 0
11 5 0 0
12 3 0 0
13 5 0 0
14 6 0 0
15 5 0 0
16 5 0 0
17 5 0 0
18 5 0 0
19 10 0 0
20 5 0 0
21 1 0 0
22 7 0 0
23 4 0 0
24 5 0 0
25 3 0 0
26 1 0 0
27 3 0 0
28 7 0 0
29 4 0 0
30 6 0 0
31 7 0 0
32 6 0 0
33 4 0 0
34 4 0 0
35 5 0 0
36 5 0 0
37 4 0 0
38 5 0 0
39 8 0 0
40 5 0 0
41 6 0 0
42 6 0 0
43 4 0 0
44 7 0 0
45 3 0 0
46 7 0 0
47 1 0 0
48 7 0 0
49 5 0 0
50 6 0 0
51 6 0 0
52 6 0 0
53 8 0 0
54 8 0 0
55 6 0 0
56 8 0 0
57 3 0 0
58 7 0 0
59 7 0 0
60 4 0 0
61 6 0 0
62 4 0 0
63 0 0 0
64 7 0 0
65 4 0 0
66 4 0 0
67 9 0 0
68 2 0 0
69 3 0 0
70 5 0 0
71 6 0 0
72 6 0 0
73 7 0 0
74 6 0 0
75 7 0 0
76 4 0 0
77 5 0 0
78 7 0 0
79 6 0 0
80 2 0 0
81 7 0 0
82 4 0 0
83 2 0 0
84 3 0 0
85 4 0 0
86 9 0 0
87 3 0 0
88 3 0 0
89 7 0 0
90 9 0 0
91 5 0 0
92 8 0 0
93 3 0 0
94 6 0 0
95 7 0 0
96 5 0 0
97 4 0 0
98 9 0 0
99 3 0 0
100 6 0 0
