1 3 78 0
2 6 67 0
3 4 46 0
4 4 83 0
5 5 57 0
6 5 98 0
7 6 82 0
8 4 53 0
9 7 67 0
10 6 17 0
11 5 53 0
12 6 59 0
13 5 66 0
14 5 19 0
15 5 41 0
16 5 16 0
17 5 23 0
18 4 19 0
19 5 82 0
20 4 92 0
21 2 51 0
22 7 9 0
23 6 57 0
24 6 65 0
25 3 48 0
26 5 44 0
27 6 59 0
28 3 32 0
29 8 52 0
30 8 25 0
31 7 57 0
32 7 94 0
33 7 17 0
34 9 1 0
35 7 54 0
36 8 86 0
37 5 49 0
38 6 98 0
39 5 54 0
40 4 51 0
41 6 79 0
42 7 34 0
43 7 43 0
44 5 6 0
45 4 44 0
46 4 0 0
47 7 53 0
48 6 92 0
49 3 82 0
50 8 77 0
51 5 66 0
52 5 44 0
53 5 5 0
54 6 28 0
55 6 62 0
56 8 35 0
57 7 44 0
58 10 83 0
59 6 15 0
60 6 97 0
61 5 49 0
62 5 8 0
63 4 74 0
64 4 43 0
65 10 99 0
66 6 7 0
67 10 50 0
68 6 1 0
69 8 24 0
70 3 24 0
71 7 86 0
72 4 15 0
73 5 98 0
74 6 76 0
75 6 48 0
76 8 5 0
77 10 57 0
78 6 32 0
79 4 67 0
80 5 85 0
81 7 75 0
82 7 72 0
83 5 87 0
84 4 53 0
85 4 11 0
86 4 76 0
87 8 78 0
88 5 76 0
89 6 16 0
90 7 47 0
91 5 11 0
92 2 58 0
93 7 27 0
94 5 15 0
95 7 48 0
96 5 21 0
97 5 69 0
98 8 13 0
99 8 71 0
100 5 65 0
