1 7 60 0
2 10 88 0
3 7 96 0
4 5 62 0
5 7 88 0
6 3 77 0
7 4 84 0
8 6 45 0
9 7 52 0
10 7 93 0
11 7 48 0
12 6 34 0
13 7 68 0
14 8 45 0
15 4 45 0
16 3 81 0
17 8 54 0
18 7 52 0
19 6 55 0
20 5 67 0
21 5 74 0
22 7 77 0
23 6 88 0
24 5 1 0
25 3 43 0
26 6 83 0
27 6 24 0
28 2 86 0
29 4 14 0
30 5 26 0
31 7 75 0
32 6 71 0
33 5 2 0
34 2 77 0
35 2 42 0
36 4 44 0
37 3 54 0
38 7 6 0
39 9 44 0
40 3 50 0
41 5 49 0
42 4 90 0
43 9 65 0
44 3 7 0
45 7 68 0
46 8 83 0
47 8 45 0
48 3 63 0
49 4 90 0
50 9 11 0
51 1 63 0
52 5 56 0
53 5 48 0
54 3 86 0
55 5 31 0
56 10 93 0
57 6 53 0
58 7 4 0
59 1 81 0
60 5 14 0
61 7 87 0
62 7 16 0
63 9 17 0
64 5 70 0
65 3 51 0
66 10 59 0
67 6 12 0
68 8 66 0
69 6 62 0
70 5 11 0
71 7 23 0
72 3 39 0
73 7 29 0
74 4 57 0
75 3 73 0
76 8 57 0
77 4 89 0
78 2 35 0
79 6 10 0
80 8 70 0
81 3 59 0
82 2 9 0
83 5 72 0
84 4 94 0
85 5 80 0
86 5 23 0
87 8 81 0
88 7 43 0
89 2 58 0
90 5 91 0
91 4 84 0
92 5 79 0
93 4 56 0
94 3 44 0
95 6 97 0
96 6 60 0
97 2 9 0
98 1 0 0
99 6 86 0
100 5 45 0
