1 3 84 0
2 3 72 0
3 7 50 0
4 3 62 0
5 7 84 0
6 5 60 0
7 2 18 0
8 4 41 0
9 4 94 0
10 3 66 0
11 6 95 0
12 7 35 0
13 10 40 0
14 3 75 0
15 5 11 0
16 5 31 0
17 3 70 0
18 6 17 0
19 5 92 0
20 3 46 0
21 6 11 0
22 3 82 0
23 4 10 0
24 2 73 0
25 8 86 0
26 7 28 0
27 3 21 0
28 7 14 0
29 0 53 0
30 6 1 0
31 8 10 0
32 6 26 0
33 7 10 0
34 8 19 0
35 8 23 0
36 4 69 0
37 3 44 0
38 10 49 0
39 7 83 0
40 6 98 0
41 5 91 0
42 4 35 0
43 2 68 0
44 5 80 0
45 6 85 0
46 8 27 0
47 7 45 0
48 3 68 0
49 5 81 0
50 6 73 0
51 4 10 0
52 8 17 0
53 7 55 0
54 5 90 0
55 6 49 0
56 2 70 0
57 2 82 0
58 4 70 0
59 4 88 0
60 8 30 0
61 8 84 0
62 5 55 0
63 2 88 0
64 4 27 0
65 4 21 0
66 6 77 0
67 7 7 0
68 7 38 0
69 6 89 0
70 4 0 0
71 6 22 0
72 3 45 0
73 4 34 0
74 4 88 0
75 8 17 0
76 5 20 0
77 4 13 0
78 7 23 0
79 7 98 0
80 8 24 0
81 8 55 0
82 6 54 0
83 0 6 0
84 3 38 0
85 6 17 0
86 4 82 0
87 6 92 0
88 8 11 0
89 5 92 0
90 6 32 0
91 3 25 0
92 7 93 0
93 10 78 0
94 4 16 0
95 5 32 0
96 7 37 0
97 8 60 0
98 5 16 0
99 5 84 0
100 0 63 0
