1 26 974 0
2 23 615 0
3 26 175 0
4 25 823 0
5 24 173 0
6 21 364 0
7 22 582 0
8 24 164 0
9 23 164 0
10 24 665 0
11 25 226 0
12 26 76 0
13 23 711 0
14 26 835 0
15 27 447 0
16 25 408 0
17 23 771 0
18 26 109 0
19 25 224 0
20 27 696 0
21 26 929 0
22 23 58 0
23 23 470 0
24 23 512 0
25 26 817 0
26 24 432 0
27 21 347 0
28 26 564 0
29 20 27 0
30 21 532 0
31 26 304 0
32 26 133 0
33 23 345 0
34 24 43 0
35 26 723 0
36 22 608 0
37 27 142 0
38 26 619 0
39 28 45 0
40 26 576 0
41 19 500 0
42 25 581 0
43 26 218 0
44 25 112 0
45 25 288 0
46 22 15 0
47 26 826 0
48 23 888 0
49 24 140 0
50 21 287 0
51 23 181 0
52 27 289 0
53 27 742 0
54 27 5 0
55 24 970 0
56 31 432 0
57 21 965 0
58 22 797 0
59 26 41 0
60 22 313 0
61 26 572 0
62 25 786 0
63 27 904 0
64 23 575 0
65 23 985 0
66 23 458 0
67 24 128 0
68 22 44 0
69 31 810 0
70 25 123 0
71 22 763 0
72 22 158 0
73 21 127 0
74 23 915 0
75 20 911 0
76 23 259 0
77 24 767 0
78 24 223 0
79 27 95 0
80 23 671 0
81 22 316 0
82 27 896 0
83 22 193 0
84 24 154 0
85 23 550 0
86 25 679 0
87 24 826 0
88 23 256 0
89 31 315 0
90 22 748 0
91 24 768 0
92 26 578 0
93 27 417 0
94 24 526 0
95 25 313 0
96 27 328 0
97 24 995 0
98 24 219 0
99 23 788 0
100 22 241 0
101 26 595 0
102 21 207 0
103 25 898 0
104 27 446 0
105 26 322 0
106 24 340 0
107 21 594 0
108 22 656 0
109 26 731 0
110 29 315 0
111 21 685 0
112 23 961 0
113 26 6 0
114 26 793 0
115 23 944 0
116 22 235 0
117 21 446 0
118 21 614 0
119 24 788 0
120 25 937 0
121 23 500 0
122 29 971 0
123 22 550 0
124 22 977 0
125 27 250 0
126 24 225 0
127 25 214 0
128 23 473 0
129 25 71 0
130 24 270 0
131 26 768 0
132 23 422 0
133 22 704 0
134 23 306 0
135 24 987 0
136 26 353 0
137 23 641 0
138 23 152 0
139 25 516 0
140 25 863 0
141 23 958 0
142 24 903 0
143 23 375 0
144 21 530 0
145 28 46 0
146 28 40 0
147 25 485 0
148 21 404 0
149 24 955 0
150 28 561 0
151 26 890 0
152 27 201 0
153 26 477 0
154 24 672 0
155 24 522 0
156 20 973 0
157 24 445 0
158 24 713 0
159 22 256 0
160 23 137 0
161 26 988 0
162 26 799 0
163 25 262 0
164 25 931 0
165 25 127 0
166 28 956 0
167 26 201 0
168 27 663 0
169 25 436 0
170 26 168 0
171 27 703 0
172 21 365 0
173 27 265 0
174 25 747 0
175 25 987 0
176 25 300 0
177 26 44 0
178 24 171 0
179 26 612 0
180 24 816 0
181 23 144 0
182 23 501 0
183 24 219 0
184 22 203 0
185 24 973 0
186 25 940 0
187 26 547 0
188 20 815 0
189 22 201 0
190 23 34 0
191 26 835 0
192 23 846 0
193 28 911 0
194 22 999 0
195 24 423 0
196 25 773 0
197 21 511 0
198 24 886 0
199 23 262 0
200 22 275 0
201 22 789 0
202 21 483 0
203 24 232 0
204 25 17 0
205 23 872 0
206 25 484 0
207 25 155 0
208 24 512 0
209 22 209 0
210 24 288 0
211 24 193 0
212 28 771 0
213 23 548 0
214 27 695 0
215 26 835 0
216 24 536 0
217 22 437 0
218 27 806 0
219 24 197 0
220 26 366 0
221 27 739 0
222 26 400 0
223 24 811 0
224 23 234 0
225 24 277 0
226 22 87 0
227 22 653 0
228 26 479 0
229 27 176 0
230 26 162 0
231 24 78 0
232 23 909 0
233 25 71 0
234 20 531 0
235 23 238 0
236 23 574 0
237 24 50 0
238 26 647 0
239 26 18 0
240 26 604 0
241 23 602 0
242 27 636 0
243 26 956 0
244 22 961 0
245 24 824 0
246 24 259 0
247 24 312 0
248 25 961 0
249 28 555 0
250 25 673 0
251 26 134 0
252 29 966 0
253 26 631 0
254 22 154 0
255 23 332 0
256 24 22 0
257 26 383 0
258 24 261 0
259 27 149 0
260 23 813 0
261 24 218 0
262 25 596 0
263 25 933 0
264 27 313 0
265 28 567 0
266 22 992 0
267 26 748 0
268 27 395 0
269 27 960 0
270 21 860 0
271 25 275 0
272 24 782 0
273 25 540 0
274 23 149 0
275 26 199 0
276 26 505 0
277 26 982 0
278 25 930 0
279 21 221 0
280 25 300 0
281 20 496 0
282 26 392 0
283 23 520 0
284 30 411 0
285 25 408 0
286 26 982 0
287 25 859 0
288 24 747 0
289 25 864 0
290 24 557 0
291 26 704 0
292 24 209 0
293 26 732 0
294 26 628 0
295 25 682 0
296 23 749 0
297 23 294 0
298 26 207 0
299 23 33 0
300 22 528 0
301 24 168 0
302 27 969 0
303 23 219 0
304 28 649 0
305 26 344 0
306 23 272 0
307 25 437 0
308 22 904 0
309 23 683 0
310 21 253 0
311 24 986 0
312 25 914 0
313 27 389 0
314 23 670 0
315 26 623 0
316 23 639 0
317 25 252 0
318 26 294 0
319 22 176 0
320 23 704 0
321 26 520 0
322 25 282 0
323 26 387 0
324 27 441 0
325 22 287 0
326 26 589 0
327 26 56 0
328 23 196 0
329 23 726 0
330 24 217 0
331 22 429 0
332 22 984 0
333 21 398 0
334 25 388 0
335 25 716 0
336 23 271 0
337 24 447 0
338 27 525 0
339 25 730 0
340 27 794 0
341 25 978 0
342 28 665 0
343 25 322 0
344 23 811 0
345 27 785 0
346 22 631 0
347 27 475 0
348 22 635 0
349 31 69 0
350 26 930 0
351 25 450 0
352 25 675 0
353 25 340 0
354 23 491 0
355 24 406 0
356 22 185 0
357 24 784 0
358 28 427 0
359 23 356 0
360 26 606 0
361 26 184 0
362 22 384 0
363 23 760 0
364 24 518 0
365 24 183 0
366 24 143 0
367 23 348 0
368 25 690 0
369 26 202 0
370 23 171 0
371 26 553 0
372 26 697 0
373 26 976 0
374 23 502 0
375 26 439 0
376 23 980 0
377 22 380 0
378 27 243 0
379 29 834 0
380 23 469 0
381 23 196 0
382 23 106 0
383 24 983 0
384 23 924 0
385 21 279 0
386 23 473 0
387 26 474 0
388 22 913 0
389 22 359 0
390 25 453 0
391 27 169 0
392 26 911 0
393 25 749 0
394 24 303 0
395 27 990 0
396 26 707 0
397 23 920 0
398 22 726 0
399 23 951 0
400 25 613 0
401 21 312 0
402 23 957 0
403 24 349 0
404 25 585 0
405 23 42 0
406 23 182 0
407 23 56 0
408 25 706 0
409 25 773 0
410 27 208 0
411 27 394 0
412 26 426 0
413 23 600 0
414 25 626 0
415 23 742 0
416 24 227 0
417 24 451 0
418 28 743 0
419 22 422 0
420 23 8 0
421 22 227 0
422 27 865 0
423 22 791 0
424 21 214 0
425 27 916 0
426 25 351 0
427 27 822 0
428 25 952 0
429 18 459 0
430 21 898 0
431 25 934 0
432 22 581 0
433 22 954 0
434 26 449 0
435 29 664 0
436 29 720 0
437 25 406 0
438 25 322 0
439 27 525 0
440 26 50 0
441 23 347 0
442 27 655 0
443 25 317 0
444 26 385 0
445 27 385 0
446 24 290 0
447 24 314 0
448 26 757 0
449 24 435 0
450 22 376 0
451 23 748 0
452 24 698 0
453 27 382 0
454 25 321 0
455 25 317 0
456 23 796 0
457 28 842 0
458 26 959 0
459 26 361 0
460 25 760 0
461 25 254 0
462 24 213 0
463 24 349 0
464 22 294 0
465 24 599 0
466 27 136 0
467 27 769 0
468 22 277 0
469 23 23 0
470 23 256 0
471 24 722 0
472 28 341 0
473 23 68 0
474 25 834 0
475 25 723 0
476 25 7 0
477 25 801 0
478 30 88 0
479 27 295 0
480 25 893 0
481 26 662 0
482 22 301 0
483 24 474 0
484 24 867 0
485 24 284 0
486 26 411 0
487 23 53 0
488 23 190 0
489 26 710 0
490 23 961 0
491 26 47 0
492 21 724 0
493 24 752 0
494 24 88 0
495 29 956 0
496 23 490 0
497 26 128 0
498 25 307 0
499 23 9 0
500 23 705 0
501 23 907 0
502 25 282 0
503 23 393 0
504 24 800 0
505 21 262 0
506 27 707 0
507 21 255 0
508 27 472 0
509 27 995 0
510 27 363 0
511 26 871 0
512 24 891 0
513 26 677 0
514 29 638 0
515 22 634 0
516 24 654 0
517 25 361 0
518 27 347 0
519 24 944 0
520 22 982 0
521 24 470 0
522 27 601 0
523 23 520 0
524 23 27 0
525 27 726 0
526 26 432 0
527 22 444 0
528 26 357 0
529 26 299 0
530 23 398 0
531 24 526 0
532 25 563 0
533 23 583 0
534 23 808 0
535 24 278 0
536 26 107 0
537 27 312 0
538 25 867 0
539 29 238 0
540 26 967 0
541 26 989 0
542 24 783 0
543 24 764 0
544 27 734 0
545 24 136 0
546 26 150 0
547 27 856 0
548 24 6 0
549 26 548 0
550 27 398 0
551 25 607 0
552 23 752 0
553 24 122 0
554 24 314 0
555 20 279 0
556 24 906 0
557 21 555 0
558 26 230 0
559 22 192 0
560 26 61 0
561 23 682 0
562 24 923 0
563 23 393 0
564 23 499 0
565 24 983 0
566 23 94 0
567 28 700 0
568 24 317 0
569 25 921 0
570 24 116 0
571 28 275 0
572 23 850 0
573 26 69 0
574 23 281 0
575 28 267 0
576 25 632 0
577 23 662 0
578 23 898 0
579 24 117 0
580 24 620 0
581 24 531 0
582 26 704 0
583 25 479 0
584 24 863 0
585 24 403 0
586 23 543 0
587 27 139 0
588 21 662 0
589 21 371 0
590 28 255 0
591 25 460 0
592 24 910 0
593 27 408 0
594 23 914 0
595 22 65 0
596 22 885 0
597 29 189 0
598 24 13 0
599 26 141 0
600 27 150 0
601 25 251 0
602 26 178 0
603 26 954 0
604 23 528 0
605 25 238 0
606 27 315 0
607 23 681 0
608 25 141 0
609 28 908 0
610 26 43 0
611 22 424 0
612 25 958 0
613 26 460 0
614 22 935 0
615 25 239 0
616 25 567 0
617 20 937 0
618 22 566 0
619 24 301 0
620 24 574 0
621 24 708 0
622 25 589 0
623 24 336 0
624 27 29 0
625 24 10 0
626 23 964 0
627 24 228 0
628 24 447 0
629 22 596 0
630 23 347 0
631 25 567 0
632 23 682 0
633 26 319 0
634 23 297 0
635 19 780 0
636 24 445 0
637 24 753 0
638 25 10 0
639 25 332 0
640 23 893 0
641 23 200 0
642 26 793 0
643 26 951 0
644 21 893 0
645 29 79 0
646 24 185 0
647 25 177 0
648 28 494 0
649 26 617 0
650 27 968 0
651 25 239 0
652 26 541 0
653 27 225 0
654 25 587 0
655 24 98 0
656 26 883 0
657 23 118 0
658 23 68 0
659 19 222 0
660 24 382 0
661 26 374 0
662 25 753 0
663 24 662 0
664 22 296 0
665 24 886 0
666 23 977 0
667 25 541 0
668 24 638 0
669 26 120 0
670 26 875 0
671 23 851 0
672 22 520 0
673 30 452 0
674 24 175 0
675 22 438 0
676 26 264 0
677 26 556 0
678 21 560 0
679 25 593 0
680 26 89 0
681 24 968 0
682 24 730 0
683 24 657 0
684 25 760 0
685 25 387 0
686 23 956 0
687 27 890 0
688 21 907 0
689 25 829 0
690 26 637 0
691 22 275 0
692 25 252 0
693 28 812 0
694 25 970 0
695 27 589 0
696 25 105 0
697 26 207 0
698 26 813 0
699 26 403 0
700 25 942 0
701 26 257 0
702 28 262 0
703 24 452 0
704 25 427 0
705 21 508 0
706 25 189 0
707 25 91 0
708 27 353 0
709 24 391 0
710 27 501 0
711 25 863 0
712 25 259 0
713 25 101 0
714 24 701 0
715 22 976 0
716 24 97 0
717 24 703 0
718 25 585 0
719 25 319 0
720 24 357 0
721 22 518 0
722 26 979 0
723 25 984 0
724 23 53 0
725 25 924 0
726 27 706 0
727 28 651 0
728 24 617 0
729 23 23 0
730 21 339 0
731 21 81 0
732 23 837 0
733 28 772 0
734 28 803 0
735 27 539 0
736 24 199 0
737 26 244 0
738 28 843 0
739 26 305 0
740 27 295 0
741 28 66 0
742 26 790 0
743 27 197 0
744 23 654 0
745 25 681 0
746 23 445 0
747 26 863 0
748 27 130 0
749 26 741 0
750 28 694 0
751 23 557 0
752 26 733 0
753 28 323 0
754 26 758 0
755 24 870 0
756 26 160 0
757 27 646 0
758 25 246 0
759 26 203 0
760 28 588 0
761 25 150 0
762 24 317 0
763 27 289 0
764 26 950 0
765 24 943 0
766 26 440 0
767 23 422 0
768 24 760 0
769 26 797 0
770 25 904 0
771 26 902 0
772 26 950 0
773 23 641 0
774 24 627 0
775 26 367 0
776 26 756 0
777 27 449 0
778 26 211 0
779 23 65 0
780 26 928 0
781 25 941 0
782 25 169 0
783 24 548 0
784 25 449 0
785 25 808 0
786 25 874 0
787 27 496 0
788 25 377 0
789 21 633 0
790 24 20 0
791 25 853 0
792 28 133 0
793 27 566 0
794 24 544 0
795 27 190 0
796 26 869 0
797 24 49 0
798 25 947 0
799 23 712 0
800 27 854 0
801 19 754 0
802 27 39 0
803 28 135 0
804 27 643 0
805 24 939 0
806 25 87 0
807 26 503 0
808 26 327 0
809 24 530 0
810 24 897 0
811 24 896 0
812 22 334 0
813 24 916 0
814 26 561 0
815 27 894 0
816 21 685 0
817 26 188 0
818 25 990 0
819 24 764 0
820 28 220 0
821 27 844 0
822 22 345 0
823 25 829 0
824 23 470 0
825 25 193 0
826 29 209 0
827 22 368 0
828 26 948 0
829 28 472 0
830 25 509 0
831 25 692 0
832 29 707 0
833 28 667 0
834 23 842 0
835 27 609 0
836 27 420 0
837 24 115 0
838 25 587 0
839 25 910 0
840 22 615 0
841 24 737 0
842 24 909 0
843 20 376 0
844 22 19 0
845 25 75 0
846 26 835 0
847 20 405 0
848 23 956 0
849 26 723 0
850 23 483 0
851 22 20 0
852 23 403 0
853 27 235 0
854 29 644 0
855 21 394 0
856 25 74 0
857 24 948 0
858 23 730 0
859 24 270 0
860 25 326 0
861 27 473 0
862 27 335 0
863 23 463 0
864 24 297 0
865 23 729 0
866 25 901 0
867 25 26 0
868 22 616 0
869 25 351 0
870 23 825 0
871 21 63 0
872 20 212 0
873 24 251 0
874 26 415 0
875 23 411 0
876 23 450 0
877 26 399 0
878 23 846 0
879 24 268 0
880 25 716 0
881 25 773 0
882 27 50 0
883 22 741 0
884 22 9 0
885 26 810 0
886 26 257 0
887 23 578 0
888 28 584 0
889 24 422 0
890 22 984 0
891 23 190 0
892 25 96 0
893 26 656 0
894 27 232 0
895 23 583 0
896 27 672 0
897 24 189 0
898 21 361 0
899 21 679 0
900 26 344 0
901 23 156 0
902 23 574 0
903 27 346 0
904 22 989 0
905 23 178 0
906 22 892 0
907 26 555 0
908 26 28 0
909 23 424 0
910 23 658 0
911 25 275 0
912 25 311 0
913 25 718 0
914 21 332 0
915 21 643 0
916 27 594 0
917 27 389 0
918 21 342 0
919 25 126 0
920 24 460 0
921 23 631 0
922 25 687 0
923 24 107 0
924 24 400 0
925 26 34 0
926 26 143 0
927 20 142 0
928 26 393 0
929 23 282 0
930 26 156 0
931 25 703 0
932 21 133 0
933 24 859 0
934 23 436 0
935 25 695 0
936 27 345 0
937 24 261 0
938 24 979 0
939 30 109 0
940 25 132 0
941 24 823 0
942 30 735 0
943 24 205 0
944 25 257 0
945 24 920 0
946 26 233 0
947 22 859 0
948 25 362 0
949 24 573 0
950 25 978 0
951 22 76 0
952 25 128 0
953 29 44 0
954 30 479 0
955 25 112 0
956 19 933 0
957 30 273 0
958 25 913 0
959 27 50 0
960 20 477 0
961 28 211 0
962 19 384 0
963 24 137 0
964 23 664 0
965 27 269 0
966 29 340 0
967 20 58 0
968 25 702 0
969 27 495 0
970 22 766 0
971 22 682 0
972 22 492 0
973 23 345 0
974 26 426 0
975 25 998 0
976 24 771 0
977 25 918 0
978 26 163 0
979 27 664 0
980 25 664 0
981 24 743 0
982 24 780 0
983 23 779 0
984 25 370 0
985 25 580 0
986 25 718 0
987 25 102 0
988 27 945 0
989 25 711 0
990 30 599 0
991 24 657 0
992 24 378 0
993 23 258 0
994 24 688 0
995 23 125 0
996 21 393 0
997 27 832 0
998 27 745 0
999 26 824 0
1000 24 54 0
