1 29 346 0
2 29 797 0
3 23 847 0
4 26 211 0
5 27 338 0
6 27 996 0
7 26 107 0
8 26 113 0
9 26 597 0
10 23 163 0
11 24 552 0
12 26 687 0
13 25 262 0
14 25 524 0
15 25 434 0
16 21 90 0
17 24 834 0
18 27 180 0
19 24 375 0
20 22 864 0
21 25 950 0
22 25 403 0
23 25 937 0
24 23 528 0
25 31 557 0
26 25 322 0
27 23 497 0
28 24 786 0
29 24 908 0
30 25 616 0
31 23 655 0
32 26 264 0
33 26 440 0
34 26 960 0
35 24 565 0
36 21 90 0
37 25 537 0
38 21 779 0
39 24 133 0
40 22 663 0
41 27 300 0
42 21 129 0
43 23 69 0
44 27 129 0
45 22 185 0
46 23 548 0
47 23 172 0
48 24 752 0
49 23 316 0
50 24 854 0
51 26 255 0
52 23 955 0
53 24 615 0
54 21 896 0
55 24 555 0
56 26 573 0
57 27 673 0
58 26 519 0
59 26 400 0
60 23 535 0
61 29 419 0
62 21 224 0
63 28 714 0
64 24 694 0
65 22 424 0
66 24 47 0
67 25 569 0
68 25 814 0
69 26 639 0
70 24 964 0
71 24 142 0
72 21 61 0
73 25 614 0
74 28 992 0
75 23 754 0
76 27 157 0
77 23 672 0
78 25 855 0
79 29 85 0
80 24 951 0
81 23 377 0
82 23 613 0
83 26 684 0
84 27 621 0
85 23 579 0
86 23 63 0
87 25 615 0
88 22 499 0
89 29 749 0
90 25 757 0
91 26 829 0
92 24 26 0
93 23 623 0
94 23 641 0
95 27 352 0
96 26 38 0
97 24 836 0
98 26 387 0
99 24 359 0
100 25 345 0
101 24 963 0
102 24 566 0
103 22 93 0
104 23 473 0
105 26 539 0
106 23 435 0
107 27 134 0
108 23 313 0
109 22 777 0
110 22 959 0
111 23 786 0
112 24 612 0
113 23 955 0
114 24 661 0
115 22 790 0
116 24 776 0
117 25 493 0
118 23 454 0
119 25 784 0
120 24 347 0
121 24 609 0
122 25 408 0
123 25 167 0
124 25 727 0
125 22 686 0
126 26 320 0
127 25 697 0
128 23 751 0
129 25 111 0
130 25 315 0
131 23 846 0
132 25 455 0
133 26 632 0
134 21 699 0
135 22 329 0
136 24 369 0
137 24 469 0
138 25 196 0
139 21 152 0
140 21 936 0
141 29 871 0
142 25 210 0
143 25 565 0
144 23 69 0
145 26 861 0
146 27 654 0
147 27 687 0
148 22 251 0
149 23 330 0
150 27 365 0
151 26 951 0
152 27 258 0
153 24 146 0
154 23 857 0
155 26 107 0
156 26 529 0
157 24 315 0
158 26 601 0
159 23 503 0
160 24 428 0
161 24 176 0
162 24 461 0
163 22 866 0
164 26 337 0
165 24 195 0
166 26 19 0
167 25 881 0
168 25 718 0
169 23 851 0
170 23 367 0
171 21 489 0
172 26 121 0
173 23 270 0
174 25 871 0
175 26 622 0
176 26 357 0
177 22 713 0
178 24 665 0
179 24 462 0
180 30 339 0
181 23 645 0
182 22 457 0
183 26 677 0
184 26 812 0
185 23 899 0
186 23 511 0
187 25 110 0
188 28 217 0
189 21 741 0
190 26 46 0
191 22 796 0
192 27 254 0
193 23 282 0
194 24 645 0
195 21 952 0
196 25 975 0
197 25 762 0
198 21 537 0
199 22 56 0
200 25 356 0
201 26 615 0
202 25 653 0
203 28 815 0
204 25 208 0
205 27 852 0
206 23 99 0
207 27 937 0
208 25 894 0
209 23 28 0
210 26 999 0
211 22 782 0
212 29 757 0
213 21 208 0
214 23 908 0
215 26 856 0
216 23 268 0
217 27 208 0
218 23 294 0
219 24 876 0
220 22 798 0
221 28 620 0
222 25 475 0
223 28 123 0
224 25 714 0
225 25 969 0
226 27 338 0
227 26 904 0
228 22 405 0
229 25 63 0
230 22 311 0
231 26 327 0
232 24 318 0
233 25 977 0
234 26 821 0
235 27 403 0
236 26 382 0
237 26 107 0
238 25 561 0
239 25 372 0
240 27 376 0
241 23 931 0
242 23 850 0
243 27 207 0
244 25 923 0
245 28 446 0
246 27 441 0
247 28 931 0
248 21 509 0
249 24 709 0
250 25 9 0
251 25 202 0
252 26 500 0
253 23 391 0
254 25 146 0
255 27 487 0
256 26 545 0
257 24 166 0
258 25 948 0
259 26 182 0
260 24 515 0
261 25 356 0
262 23 131 0
263 28 427 0
264 27 825 0
265 28 236 0
266 22 103 0
267 24 140 0
268 22 308 0
269 23 721 0
270 23 745 0
271 28 191 0
272 24 981 0
273 25 912 0
274 24 207 0
275 27 959 0
276 20 212 0
277 21 257 0
278 24 892 0
279 24 96 0
280 23 278 0
281 23 75 0
282 23 8 0
283 25 393 0
284 27 886 0
285 24 780 0
286 21 938 0
287 24 485 0
288 25 970 0
289 20 305 0
290 23 763 0
291 25 189 0
292 31 979 0
293 25 955 0
294 22 762 0
295 25 314 0
296 24 931 0
297 21 288 0
298 24 982 0
299 21 312 0
300 27 953 0
301 26 85 0
302 26 356 0
303 25 680 0
304 24 540 0
305 25 593 0
306 28 705 0
307 24 72 0
308 25 300 0
309 25 351 0
310 24 823 0
311 24 110 0
312 27 81 0
313 23 624 0
314 26 976 0
315 25 320 0
316 28 789 0
317 27 552 0
318 25 146 0
319 25 288 0
320 24 152 0
321 25 575 0
322 28 414 0
323 25 333 0
324 20 278 0
325 24 460 0
326 25 125 0
327 26 92 0
328 23 524 0
329 28 105 0
330 27 267 0
331 22 67 0
332 23 309 0
333 27 377 0
334 24 257 0
335 26 966 0
336 22 740 0
337 26 958 0
338 25 708 0
339 22 476 0
340 28 320 0
341 22 377 0
342 26 994 0
343 26 276 0
344 24 315 0
345 26 564 0
346 25 126 0
347 25 633 0
348 27 745 0
349 25 727 0
350 27 855 0
351 23 643 0
352 21 297 0
353 25 955 0
354 23 220 0
355 25 478 0
356 25 330 0
357 22 144 0
358 21 68 0
359 29 108 0
360 26 875 0
361 26 666 0
362 26 40 0
363 25 980 0
364 25 223 0
365 24 979 0
366 22 219 0
367 25 473 0
368 24 802 0
369 23 524 0
370 24 363 0
371 24 880 0
372 29 572 0
373 25 856 0
374 23 104 0
375 21 342 0
376 28 661 0
377 26 837 0
378 22 323 0
379 20 761 0
380 23 916 0
381 25 820 0
382 24 936 0
383 27 254 0
384 26 478 0
385 25 721 0
386 24 462 0
387 25 666 0
388 26 850 0
389 26 134 0
390 24 890 0
391 26 521 0
392 27 185 0
393 23 54 0
394 22 955 0
395 25 76 0
396 23 789 0
397 24 869 0
398 25 754 0
399 25 989 0
400 24 717 0
401 25 79 0
402 24 951 0
403 24 725 0
404 22 635 0
405 23 243 0
406 27 698 0
407 22 338 0
408 24 186 0
409 24 593 0
410 24 6 0
411 25 302 0
412 23 323 0
413 25 79 0
414 22 304 0
415 26 132 0
416 24 834 0
417 23 295 0
418 24 813 0
419 29 780 0
420 25 108 0
421 26 740 0
422 24 419 0
423 29 566 0
424 27 700 0
425 24 179 0
426 22 346 0
427 26 300 0
428 25 700 0
429 23 469 0
430 26 918 0
431 27 641 0
432 21 443 0
433 23 242 0
434 23 428 0
435 24 568 0
436 29 262 0
437 25 811 0
438 25 369 0
439 24 791 0
440 22 346 0
441 21 285 0
442 27 273 0
443 22 127 0
444 23 155 0
445 24 275 0
446 24 859 0
447 27 404 0
448 24 922 0
449 25 675 0
450 25 604 0
451 20 429 0
452 21 78 0
453 24 325 0
454 23 249 0
455 26 455 0
456 26 798 0
457 24 326 0
458 24 824 0
459 25 996 0
460 26 574 0
461 23 905 0
462 23 638 0
463 25 108 0
464 21 450 0
465 29 847 0
466 28 60 0
467 24 238 0
468 27 345 0
469 25 850 0
470 30 730 0
471 24 573 0
472 27 327 0
473 26 450 0
474 24 206 0
475 25 531 0
476 26 186 0
477 24 336 0
478 26 888 0
479 22 867 0
480 23 917 0
481 25 252 0
482 20 87 0
483 24 756 0
484 26 944 0
485 26 65 0
486 20 133 0
487 27 721 0
488 23 699 0
489 24 285 0
490 26 67 0
491 26 794 0
492 26 339 0
493 25 522 0
494 26 4 0
495 30 576 0
496 27 276 0
497 24 100 0
498 27 907 0
499 26 54 0
500 23 277 0
501 28 100 0
502 25 462 0
503 24 237 0
504 21 476 0
505 22 305 0
506 23 447 0
507 24 353 0
508 25 461 0
509 23 78 0
510 24 860 0
511 26 505 0
512 28 204 0
513 22 112 0
514 23 447 0
515 24 529 0
516 27 163 0
517 24 858 0
518 26 352 0
519 25 130 0
520 24 825 0
521 24 436 0
522 24 533 0
523 24 114 0
524 23 783 0
525 25 49 0
526 25 587 0
527 24 369 0
528 24 233 0
529 25 56 0
530 24 635 0
531 26 87 0
532 23 514 0
533 25 814 0
534 22 113 0
535 23 285 0
536 25 630 0
537 28 557 0
538 24 251 0
539 27 244 0
540 26 516 0
541 21 801 0
542 24 497 0
543 25 525 0
544 25 196 0
545 20 84 0
546 27 227 0
547 25 854 0
548 22 515 0
549 25 421 0
550 25 50 0
551 26 983 0
552 28 407 0
553 26 847 0
554 24 311 0
555 25 120 0
556 27 221 0
557 27 611 0
558 26 450 0
559 22 629 0
560 27 661 0
561 24 657 0
562 26 743 0
563 26 369 0
564 26 596 0
565 21 95 0
566 29 171 0
567 24 540 0
568 24 761 0
569 24 869 0
570 24 965 0
571 23 812 0
572 25 106 0
573 25 629 0
574 25 357 0
575 22 632 0
576 25 749 0
577 22 287 0
578 25 901 0
579 25 789 0
580 27 716 0
581 24 550 0
582 25 373 0
583 25 583 0
584 26 381 0
585 21 262 0
586 23 425 0
587 27 624 0
588 26 144 0
589 25 365 0
590 23 537 0
591 21 14 0
592 24 370 0
593 21 614 0
594 26 586 0
595 26 872 0
596 25 923 0
597 26 803 0
598 28 991 0
599 23 821 0
600 25 955 0
601 23 591 0
602 24 544 0
603 28 957 0
604 26 785 0
605 25 527 0
606 27 632 0
607 24 70 0
608 25 209 0
609 26 357 0
610 30 997 0
611 25 168 0
612 25 686 0
613 21 853 0
614 24 846 0
615 29 951 0
616 24 594 0
617 25 786 0
618 23 23 0
619 22 707 0
620 24 125 0
621 28 710 0
622 25 937 0
623 21 621 0
624 28 787 0
625 23 863 0
626 24 406 0
627 29 547 0
628 23 235 0
629 26 226 0
630 29 369 0
631 27 526 0
632 26 947 0
633 26 635 0
634 23 643 0
635 21 337 0
636 26 425 0
637 25 804 0
638 26 712 0
639 25 790 0
640 23 680 0
641 20 519 0
642 25 420 0
643 26 87 0
644 26 619 0
645 28 317 0
646 21 503 0
647 28 232 0
648 24 145 0
649 25 640 0
650 22 10 0
651 24 670 0
652 25 441 0
653 27 345 0
654 23 204 0
655 26 73 0
656 28 221 0
657 27 936 0
658 24 643 0
659 23 347 0
660 24 788 0
661 23 279 0
662 23 134 0
663 27 531 0
664 24 171 0
665 26 190 0
666 28 947 0
667 24 977 0
668 27 597 0
669 23 190 0
670 24 184 0
671 24 865 0
672 25 216 0
673 24 675 0
674 20 220 0
675 26 766 0
676 23 767 0
677 24 198 0
678 24 288 0
679 20 279 0
680 27 100 0
681 25 996 0
682 22 617 0
683 24 818 0
684 24 530 0
685 22 955 0
686 25 616 0
687 25 570 0
688 23 471 0
689 25 27 0
690 24 717 0
691 27 699 0
692 25 965 0
693 21 256 0
694 26 447 0
695 27 580 0
696 28 882 0
697 25 437 0
698 25 241 0
699 23 675 0
700 26 938 0
701 23 797 0
702 25 699 0
703 21 376 0
704 26 350 0
705 24 210 0
706 28 723 0
707 24 674 0
708 19 865 0
709 25 506 0
710 25 778 0
711 23 836 0
712 25 549 0
713 28 357 0
714 22 903 0
715 26 647 0
716 21 542 0
717 26 221 0
718 24 142 0
719 26 397 0
720 24 242 0
721 26 748 0
722 24 890 0
723 26 86 0
724 27 837 0
725 24 311 0
726 25 171 0
727 26 37 0
728 27 367 0
729 27 599 0
730 23 712 0
731 24 596 0
732 28 932 0
733 28 365 0
734 26 788 0
735 27 287 0
736 23 375 0
737 23 460 0
738 21 791 0
739 25 760 0
740 27 192 0
741 25 180 0
742 24 819 0
743 28 721 0
744 23 676 0
745 23 422 0
746 25 476 0
747 23 292 0
748 23 615 0
749 22 962 0
750 26 139 0
751 22 91 0
752 26 70 0
753 23 415 0
754 26 521 0
755 24 625 0
756 26 292 0
757 23 213 0
758 25 349 0
759 22 534 0
760 27 217 0
761 26 586 0
762 23 552 0
763 26 234 0
764 25 407 0
765 23 54 0
766 25 409 0
767 24 955 0
768 24 323 0
769 24 825 0
770 22 310 0
771 24 396 0
772 26 159 0
773 25 880 0
774 28 53 0
775 24 994 0
776 25 496 0
777 25 452 0
778 25 929 0
779 23 50 0
780 25 67 0
781 25 540 0
782 23 472 0
783 26 277 0
784 26 413 0
785 27 677 0
786 27 535 0
787 23 683 0
788 23 103 0
789 23 642 0
790 21 899 0
791 18 632 0
792 24 315 0
793 25 676 0
794 25 144 0
795 27 401 0
796 26 924 0
797 26 906 0
798 25 295 0
799 24 97 0
800 25 815 0
801 25 430 0
802 27 324 0
803 25 815 0
804 27 737 0
805 24 734 0
806 25 276 0
807 26 155 0
808 24 29 0
809 25 962 0
810 24 169 0
811 23 18 0
812 29 504 0
813 23 217 0
814 26 154 0
815 28 792 0
816 24 803 0
817 25 60 0
818 26 396 0
819 24 815 0
820 22 231 0
821 22 208 0
822 24 298 0
823 23 373 0
824 21 365 0
825 24 377 0
826 24 534 0
827 20 8 0
828 31 476 0
829 23 971 0
830 23 252 0
831 26 744 0
832 25 548 0
833 23 61 0
834 23 471 0
835 26 544 0
836 23 913 0
837 24 26 0
838 26 5 0
839 20 579 0
840 22 104 0
841 24 633 0
842 27 896 0
843 26 140 0
844 25 798 0
845 26 133 0
846 24 168 0
847 24 143 0
848 24 472 0
849 25 428 0
850 25 388 0
851 21 834 0
852 24 656 0
853 23 609 0
854 26 357 0
855 27 256 0
856 22 636 0
857 25 364 0
858 25 135 0
859 25 767 0
860 25 870 0
861 24 39 0
862 22 99 0
863 26 56 0
864 24 249 0
865 24 491 0
866 20 848 0
867 26 935 0
868 22 683 0
869 29 539 0
870 23 302 0
871 27 588 0
872 23 801 0
873 23 360 0
874 23 559 0
875 25 156 0
876 24 472 0
877 23 724 0
878 24 98 0
879 26 116 0
880 25 560 0
881 23 975 0
882 24 317 0
883 22 227 0
884 27 382 0
885 24 177 0
886 23 68 0
887 23 619 0
888 26 483 0
889 24 172 0
890 25 136 0
891 22 117 0
892 28 724 0
893 26 636 0
894 23 812 0
895 24 286 0
896 27 304 0
897 22 605 0
898 24 782 0
899 28 423 0
900 26 933 0
901 23 148 0
902 24 858 0
903 26 266 0
904 23 807 0
905 24 423 0
906 23 668 0
907 26 128 0
908 21 288 0
909 24 529 0
910 26 844 0
911 24 506 0
912 25 882 0
913 26 654 0
914 25 640 0
915 24 264 0
916 22 627 0
917 24 598 0
918 27 71 0
919 26 274 0
920 28 623 0
921 26 68 0
922 25 997 0
923 24 378 0
924 28 18 0
925 26 761 0
926 24 85 0
927 24 72 0
928 26 789 0
929 26 718 0
930 26 825 0
931 24 716 0
932 23 577 0
933 24 13 0
934 27 573 0
935 27 525 0
936 22 444 0
937 23 243 0
938 24 356 0
939 21 708 0
940 25 987 0
941 23 380 0
942 23 5 0
943 26 687 0
944 26 606 0
945 24 348 0
946 23 921 0
947 27 964 0
948 24 830 0
949 26 750 0
950 25 902 0
951 28 322 0
952 24 579 0
953 25 448 0
954 23 554 0
955 26 682 0
956 24 553 0
957 23 633 0
958 25 284 0
959 22 196 0
960 24 409 0
961 25 454 0
962 22 40 0
963 23 380 0
964 23 260 0
965 21 16 0
966 23 882 0
967 25 710 0
968 22 297 0
969 22 941 0
970 23 773 0
971 24 803 0
972 24 637 0
973 27 165 0
974 23 417 0
975 27 544 0
976 27 574 0
977 25 666 0
978 24 878 0
979 24 63 0
980 25 24 0
981 26 433 0
982 19 761 0
983 28 168 0
984 27 229 0
985 27 216 0
986 25 256 0
987 26 404 0
988 24 171 0
989 27 201 0
990 23 53 0
991 23 977 0
992 22 534 0
993 23 157 0
994 24 912 0
995 24 506 0
996 26 470 0
997 26 310 0
998 24 408 0
999 27 191 0
1000 23 255 0
