1 26 7 0
2 21 94 0
3 28 78 0
4 22 63 0
5 25 8 0
6 24 7 0
7 28 30 0
8 25 44 0
9 23 28 0
10 25 67 0
11 24 24 0
12 25 81 0
13 21 0 0
14 23 45 0
15 26 38 0
16 24 16 0
17 26 51 0
18 25 56 0
19 30 69 0
20 27 21 0
21 24 31 0
22 25 30 0
23 23 74 0
24 21 16 0
25 21 54 0
26 23 9 0
27 26 17 0
28 25 76 0
29 25 8 0
30 23 19 0
31 21 80 0
32 21 30 0
33 23 67 0
34 23 55 0
35 25 41 0
36 23 92 0
37 22 26 0
38 30 71 0
39 24 36 0
40 27 81 0
41 27 99 0
42 26 72 0
43 28 88 0
44 27 69 0
45 25 91 0
46 26 21 0
47 24 2 0
48 26 69 0
49 27 19 0
50 27 7 0
51 25 63 0
52 25 81 0
53 23 35 0
54 26 37 0
55 23 96 0
56 27 41 0
57 24 66 0
58 25 77 0
59 23 4 0
60 24 53 0
61 23 36 0
62 27 44 0
63 24 85 0
64 24 64 0
65 26 60 0
66 24 0 0
67 29 55 0
68 26 40 0
69 23 13 0
70 26 86 0
71 26 41 0
72 24 89 0
73 18 85 0
74 25 60 0
75 22 13 0
76 24 88 0
77 27 10 0
78 23 51 0
79 23 40 0
80 23 76 0
81 27 92 0
82 24 73 0
83 22 61 0
84 25 28 0
85 26 78 0
86 25 7 0
87 25 1 0
88 27 60 0
89 28 77 0
90 23 83 0
91 24 44 0
92 23 57 0
93 26 85 0
94 26 20 0
95 24 46 0
96 23 20 0
97 24 74 0
98 19 23 0
99 24 98 0
100 24 9 0
