1 22 29 0
2 21 78 0
3 24 49 0
4 27 12 0
5 26 24 0
6 22 52 0
7 24 97 0
8 23 12 0
9 24 61 0
10 25 61 0
11 24 92 0
12 29 81 0
13 20 96 0
14 25 50 0
15 23 95 0
16 24 65 0
17 24 24 0
18 21 6 0
19 22 53 0
20 21 5 0
21 25 59 0
22 23 82 0
23 24 86 0
24 25 43 0
25 29 59 0
26 25 74 0
27 28 8 0
28 24 9 0
29 27 30 0
30 25 13 0
31 26 59 0
32 26 5 0
33 24 98 0
34 22 46 0
35 22 10 0
36 24 2 0
37 22 69 0
38 24 51 0
39 26 2 0
40 29 18 0
41 20 59 0
42 27 17 0
43 23 15 0
44 22 26 0
45 22 64 0
46 25 17 0
47 25 84 0
48 22 31 0
49 28 76 0
50 22 40 0
51 26 74 0
52 26 55 0
53 22 90 0
54 28 68 0
55 20 93 0
56 26 65 0
57 22 94 0
58 24 76 0
59 26 37 0
60 26 49 0
61 25 28 0
62 23 90 0
63 24 20 0
64 27 46 0
65 23 0 0
66 22 86 0
67 25 45 0
68 26 29 0
69 25 70 0
70 21 32 0
71 24 28 0
72 27 8 0
73 25 31 0
74 20 92 0
75 24 88 0
76 28 90 0
77 24 73 0
78 25 59 0
79 23 78 0
80 23 47 0
81 26 81 0
82 26 71 0
83 27 21 0
84 26 57 0
85 22 40 0
86 25 24 0
87 25 94 0
88 25 7 0
89 22 15 0
90 27 28 0
91 25 92 0
92 25 28 0
93 26 23 0
94 25 25 0
95 23 57 0
96 25 53 0
97 26 55 0
98 26 36 0
99 24 33 0
100 24 55 0
