1 2 4164 0
2 3 204 0
3 8 3198 0
4 5 2188 0
5 6 1198 0
6 3 1422 0
7 5 4250 0
8 7 4345 0
9 5 4832 0
10 6 162 0
11 5 4385 0
12 7 2868 0
13 8 1196 0
14 3 4476 0
15 3 128 0
16 7 0 0
17 5 2609 0
18 8 1008 0
19 3 721 0
20 4 1696 0
21 7 4908 0
22 6 3248 0
23 4 3114 0
24 5 1458 0
25 6 1754 0
26 2 2830 0
27 5 694 0
28 5 1963 0
29 6 3496 0
30 1 4061 0
31 8 4770 0
32 6 4336 0
33 3 2523 0
34 6 4435 0
35 3 939 0
36 4 2382 0
37 5 2329 0
38 5 684 0
39 7 3825 0
40 6 2740 0
41 5 1039 0
42 8 1226 0
43 5 3981 0
44 3 2438 0
45 6 2930 0
46 9 4359 0
47 6 439 0
48 10 2105 0
49 5 4034 0
50 7 1280 0
51 6 3299 0
52 5 293 0
53 5 3190 0
54 7 4574 0
55 6 3360 0
56 7 66 0
57 6 910 0
58 3 3789 0
59 3 2913 0
60 4 3222 0
61 8 867 0
62 3 1313 0
63 8 6 0
64 6 2540 0
65 5 2258 0
66 1 1398 0
67 6 2070 0
68 9 2064 0
69 6 2223 0
70 4 649 0
71 5 1836 0
72 7 907 0
73 3 4688 0
74 5 2026 0
75 6 4772 0
76 5 2834 0
77 7 3238 0
78 6 4704 0
79 5 519 0
80 4 1047 0
81 8 923 0
82 5 1783 0
83 8 2447 0
84 2 3038 0
85 5 4301 0
86 6 2127 0
87 5 4908 0
88 5 4794 0
89 5 1413 0
90 4 2438 0
91 6 933 0
92 4 4969 0
93 3 610 0
94 6 1728 0
95 9 189 0
96 1 1927 0
97 5 2 0
98 5 4270 0
99 8 2113 0
100 9 2318 0
101 5 1840 0
102 4 792 0
103 6 4984 0
104 5 2947 0
105 9 879 0
106 8 4636 0
107 5 3795 0
108 4 3133 0
109 3 3908 0
110 5 86 0
111 3 3063 0
112 5 3098 0
113 4 1480 0
114 4 215 0
115 6 2970 0
116 7 1895 0
117 7 3978 0
118 6 3920 0
119 2 2383 0
120 3 177 0
121 6 4750 0
122 7 2362 0
123 8 690 0
124 6 3964 0
125 7 1288 0
126 7 3682 0
127 4 1073 0
128 5 2243 0
129 6 2595 0
130 5 2280 0
131 6 1673 0
132 9 2058 0
133 4 60 0
134 4 2141 0
135 5 1784 0
136 7 4253 0
137 5 4338 0
138 5 1997 0
139 7 3180 0
140 6 4302 0
141 5 4905 0
142 6 2805 0
143 5 2138 0
144 5 3222 0
145 4 1490 0
146 6 1199 0
147 5 2050 0
148 6 4882 0
149 7 1886 0
150 4 2006 0
151 8 2028 0
152 6 1561 0
153 7 4762 0
154 7 3470 0
155 4 4891 0
156 4 3790 0
157 6 4795 0
158 7 3107 0
159 6 2784 0
160 4 4684 0
161 5 654 0
162 3 4638 0
163 5 4459 0
164 2 487 0
165 6 182 0
166 7 1523 0
167 6 773 0
168 4 3748 0
169 10 836 0
170 6 2608 0
171 2 805 0
172 6 2235 0
173 3 2169 0
174 7 3608 0
175 5 3284 0
176 5 1847 0
177 3 270 0
178 6 143 0
179 6 4457 0
180 4 3388 0
181 7 2556 0
182 8 3985 0
183 4 4263 0
184 5 4729 0
185 5 4360 0
186 6 4718 0
187 1 3457 0
188 7 3719 0
189 5 582 0
190 5 1818 0
191 7 2516 0
192 7 2191 0
193 8 4406 0
194 5 3101 0
195 5 3982 0
196 4 4323 0
197 5 2397 0
198 6 652 0
199 2 4143 0
200 5 1893 0
201 6 3852 0
202 3 201 0
203 5 48 0
204 5 2038 0
205 4 1833 0
206 6 4464 0
207 8 3402 0
208 7 4992 0
209 7 2793 0
210 3 3160 0
211 3 1426 0
212 5 4851 0
213 5 194 0
214 7 4867 0
215 6 4802 0
216 7 4849 0
217 4 4846 0
218 8 2686 0
219 2 4776 0
220 6 3816 0
221 7 2136 0
222 7 1732 0
223 7 3430 0
224 4 418 0
225 6 2783 0
226 6 2529 0
227 4 1152 0
228 4 4821 0
229 10 366 0
230 4 189 0
231 6 1031 0
232 0 1598 0
233 3 4739 0
234 7 3737 0
235 5 1428 0
236 3 4367 0
237 8 724 0
238 6 3840 0
239 4 3744 0
240 6 10 0
241 8 3578 0
242 4 4620 0
243 6 4717 0
244 6 2349 0
245 8 2421 0
246 6 4382 0
247 5 380 0
248 6 1845 0
249 9 1931 0
250 3 4641 0
251 9 4897 0
252 9 885 0
253 4 3515 0
254 7 3282 0
255 6 100 0
256 3 469 0
257 8 1871 0
258 6 418 0
259 3 3496 0
260 3 2967 0
261 7 2148 0
262 4 3935 0
263 9 2682 0
264 6 2321 0
265 7 1517 0
266 7 1804 0
267 5 211 0
268 3 3986 0
269 5 4718 0
270 7 4508 0
271 4 378 0
272 7 1437 0
273 6 1152 0
274 6 1762 0
275 7 2285 0
276 5 2844 0
277 6 4967 0
278 8 3023 0
279 8 4446 0
280 5 1865 0
281 7 1558 0
282 6 1776 0
283 7 1793 0
284 8 1779 0
285 4 1187 0
286 4 3841 0
287 3 929 0
288 5 2304 0
289 7 3293 0
290 8 322 0
291 5 2381 0
292 4 4085 0
293 7 1563 0
294 5 3310 0
295 6 2052 0
296 8 342 0
297 8 3400 0
298 7 627 0
299 5 4216 0
300 4 1447 0
301 6 963 0
302 4 1512 0
303 7 4071 0
304 7 3893 0
305 5 1583 0
306 5 3632 0
307 7 4811 0
308 4 1238 0
309 3 560 0
310 6 705 0
311 8 142 0
312 6 2891 0
313 3 1196 0
314 5 2518 0
315 7 3312 0
316 5 3601 0
317 4 4404 0
318 9 2549 0
319 5 3154 0
320 8 2829 0
321 5 4970 0
322 4 4914 0
323 5 1639 0
324 6 1901 0
325 2 2828 0
326 4 997 0
327 5 1949 0
328 6 669 0
329 3 3060 0
330 7 3407 0
331 5 3317 0
332 4 3321 0
333 5 1543 0
334 2 4360 0
335 7 4287 0
336 4 1288 0
337 5 1115 0
338 5 784 0
339 6 1176 0
340 2 3242 0
341 8 3241 0
342 7 4215 0
343 3 3026 0
344 4 1206 0
345 7 523 0
346 7 3143 0
347 7 4604 0
348 7 4278 0
349 8 3029 0
350 7 3641 0
351 4 1395 0
352 9 2037 0
353 3 3337 0
354 4 4211 0
355 9 339 0
356 5 3704 0
357 8 795 0
358 3 3442 0
359 8 4835 0
360 9 4265 0
361 6 2667 0
362 8 2368 0
363 6 4068 0
364 3 1868 0
365 4 761 0
366 7 2533 0
367 7 4073 0
368 6 2038 0
369 5 4128 0
370 4 1218 0
371 4 2523 0
372 6 2647 0
373 4 2638 0
374 6 2830 0
375 6 4829 0
376 4 3124 0
377 6 1847 0
378 5 1848 0
379 6 3316 0
380 7 3503 0
381 5 3706 0
382 2 4225 0
383 9 2212 0
384 6 3720 0
385 6 3573 0
386 2 4799 0
387 5 1267 0
388 7 1363 0
389 5 2164 0
390 7 3536 0
391 7 4387 0
392 4 4722 0
393 6 806 0
394 6 3676 0
395 7 1583 0
396 5 4718 0
397 5 112 0
398 4 445 0
399 9 4400 0
400 4 1878 0
401 6 3457 0
402 6 27 0
403 6 1897 0
404 10 2981 0
405 5 2935 0
406 5 1227 0
407 6 1187 0
408 6 4459 0
409 4 3610 0
410 8 4285 0
411 2 691 0
412 6 409 0
413 6 4840 0
414 2 362 0
415 2 93 0
416 7 4162 0
417 4 325 0
418 5 1255 0
419 6 3504 0
420 4 3876 0
421 6 1419 0
422 5 327 0
423 4 1198 0
424 2 244 0
425 6 3202 0
426 9 3040 0
427 8 4571 0
428 6 1651 0
429 6 3588 0
430 5 372 0
431 7 2721 0
432 6 825 0
433 6 4288 0
434 6 2723 0
435 6 2611 0
436 8 2820 0
437 6 1640 0
438 2 941 0
439 6 1868 0
440 5 3997 0
441 5 1621 0
442 5 441 0
443 6 4673 0
444 3 3202 0
445 4 4358 0
446 7 4434 0
447 4 1621 0
448 7 429 0
449 7 3049 0
450 7 3008 0
451 5 4818 0
452 7 141 0
453 5 46 0
454 6 4103 0
455 5 4854 0
456 5 1678 0
457 3 1083 0
458 7 3339 0
459 6 4715 0
460 3 2351 0
461 4 4263 0
462 6 1094 0
463 8 638 0
464 5 2856 0
465 10 2366 0
466 6 4035 0
467 4 3433 0
468 1 1578 0
469 6 3761 0
470 3 4775 0
471 6 2940 0
472 3 4932 0
473 2 2737 0
474 7 4049 0
475 7 3695 0
476 4 4850 0
477 4 2080 0
478 5 4498 0
479 7 1202 0
480 10 3744 0
481 4 2637 0
482 2 4576 0
483 6 92 0
484 4 3366 0
485 7 3722 0
486 6 4226 0
487 6 947 0
488 8 709 0
489 6 184 0
490 5 1770 0
491 2 2714 0
492 5 2072 0
493 10 212 0
494 5 2122 0
495 7 3149 0
496 4 4790 0
497 6 3629 0
498 6 70 0
499 5 3644 0
500 5 1001 0
501 6 1805 0
502 6 1224 0
503 7 3116 0
504 6 2271 0
505 5 1868 0
506 7 3027 0
507 6 654 0
508 4 2480 0
509 7 2501 0
510 3 4213 0
511 8 996 0
512 5 2755 0
513 0 4010 0
514 4 478 0
515 8 516 0
516 1 3652 0
517 1 81 0
518 6 230 0
519 5 466 0
520 3 3658 0
521 8 3627 0
522 7 983 0
523 4 2601 0
524 4 1730 0
525 4 930 0
526 5 4282 0
527 9 4639 0
528 3 1244 0
529 4 4900 0
530 1 209 0
531 8 4708 0
532 5 2272 0
533 3 3083 0
534 6 1758 0
535 1 1250 0
536 8 4668 0
537 7 4406 0
538 5 872 0
539 2 2806 0
540 7 3108 0
541 5 3703 0
542 4 1645 0
543 4 2280 0
544 5 2261 0
545 6 2153 0
546 2 4928 0
547 7 4248 0
548 6 4002 0
549 4 2139 0
550 4 3638 0
551 10 2399 0
552 5 4405 0
553 7 3301 0
554 5 2913 0
555 5 4481 0
556 3 2499 0
557 7 3394 0
558 5 4535 0
559 4 3205 0
560 8 3779 0
561 3 2229 0
562 3 3983 0
563 2 3105 0
564 8 3398 0
565 2 4852 0
566 1 1530 0
567 7 3919 0
568 4 3987 0
569 7 572 0
570 5 4266 0
571 5 2931 0
572 6 1330 0
573 7 1218 0
574 4 4913 0
575 6 991 0
576 4 4505 0
577 5 3682 0
578 11 2151 0
579 5 1627 0
580 6 4192 0
581 4 1549 0
582 8 3380 0
583 3 4464 0
584 4 3125 0
585 5 557 0
586 1 1985 0
587 4 3528 0
588 1 649 0
589 3 1419 0
590 4 2615 0
591 8 1377 0
592 5 2938 0
593 11 793 0
594 7 1870 0
595 7 3948 0
596 2 4715 0
597 4 1643 0
598 4 4440 0
599 6 1 0
600 5 531 0
601 11 4076 0
602 4 1524 0
603 6 4921 0
604 7 331 0
605 8 2711 0
606 7 958 0
607 5 2272 0
608 7 578 0
609 5 817 0
610 5 4453 0
611 3 388 0
612 6 1907 0
613 7 3279 0
614 9 3201 0
615 3 4181 0
616 7 2397 0
617 6 3507 0
618 5 1971 0
619 5 3262 0
620 5 2117 0
621 9 1577 0
622 2 4113 0
623 4 2037 0
624 7 745 0
625 3 4335 0
626 3 4012 0
627 8 1726 0
628 7 3717 0
629 1 4222 0
630 4 2513 0
631 4 1315 0
632 7 2082 0
633 7 2036 0
634 6 3838 0
635 4 688 0
636 2 2032 0
637 3 836 0
638 6 2629 0
639 8 341 0
640 9 1111 0
641 5 3645 0
642 3 3784 0
643 8 3971 0
644 7 567 0
645 9 1407 0
646 1 2327 0
647 6 434 0
648 5 2962 0
649 6 4859 0
650 6 672 0
651 6 591 0
652 5 2341 0
653 5 1412 0
654 8 2688 0
655 5 4329 0
656 10 2052 0
657 4 321 0
658 2 3148 0
659 7 4743 0
660 3 395 0
661 5 1333 0
662 7 4449 0
663 6 2470 0
664 5 2926 0
665 7 3226 0
666 5 2696 0
667 5 1517 0
668 5 316 0
669 3 3380 0
670 7 2109 0
671 4 4817 0
672 7 2689 0
673 4 3081 0
674 7 1369 0
675 5 2730 0
676 8 4824 0
677 5 1763 0
678 2 1476 0
679 5 1227 0
680 8 1036 0
681 5 2959 0
682 6 4382 0
683 4 17 0
684 6 4579 0
685 5 4498 0
686 7 868 0
687 1 3614 0
688 9 915 0
689 3 4736 0
690 3 3696 0
691 6 798 0
692 3 3384 0
693 7 2946 0
694 6 1175 0
695 4 2656 0
696 9 1883 0
697 4 4644 0
698 10 944 0
699 5 3564 0
700 7 3319 0
701 5 3883 0
702 4 3374 0
703 6 1258 0
704 4 177 0
705 0 4959 0
706 10 1832 0
707 5 4365 0
708 3 2419 0
709 8 2214 0
710 4 3904 0
711 3 1353 0
712 5 2594 0
713 5 4866 0
714 2 2032 0
715 3 1914 0
716 3 614 0
717 8 3469 0
718 7 4856 0
719 7 2777 0
720 3 3946 0
721 4 1980 0
722 8 1591 0
723 2 4185 0
724 4 3146 0
725 8 2071 0
726 8 3994 0
727 5 3967 0
728 4 910 0
729 5 3492 0
730 5 3126 0
731 4 2587 0
732 8 4077 0
733 2 3545 0
734 6 3094 0
735 6 2706 0
736 2 2800 0
737 6 4620 0
738 4 3299 0
739 6 446 0
740 7 2528 0
741 4 2473 0
742 5 4432 0
743 4 132 0
744 8 4595 0
745 4 407 0
746 3 1116 0
747 6 4411 0
748 4 3425 0
749 3 3156 0
750 4 464 0
751 6 4136 0
752 7 1217 0
753 6 2733 0
754 4 3785 0
755 5 3239 0
756 4 114 0
757 5 2611 0
758 10 2848 0
759 3 4771 0
760 4 2945 0
761 9 4913 0
762 4 1153 0
763 4 1152 0
764 5 4066 0
765 7 1718 0
766 4 4527 0
767 5 2946 0
768 9 4571 0
769 5 1056 0
770 3 3038 0
771 7 2529 0
772 3 4996 0
773 7 1281 0
774 9 1528 0
775 3 672 0
776 2 1441 0
777 7 1843 0
778 5 276 0
779 8 1922 0
780 6 1596 0
781 4 3046 0
782 11 703 0
783 4 3383 0
784 3 2338 0
785 6 2383 0
786 6 3443 0
787 6 314 0
788 7 587 0
789 8 2570 0
790 10 1739 0
791 3 1310 0
792 3 4773 0
793 1 1960 0
794 4 4160 0
795 5 1465 0
796 4 1511 0
797 6 1872 0
798 6 3800 0
799 6 4740 0
800 8 4423 0
801 8 1051 0
802 5 4929 0
803 6 1020 0
804 1 82 0
805 4 4818 0
806 4 439 0
807 3 1005 0
808 4 4545 0
809 6 829 0
810 5 3371 0
811 5 3883 0
812 5 2973 0
813 5 519 0
814 3 3655 0
815 6 4093 0
816 8 1530 0
817 8 3457 0
818 2 1134 0
819 6 2281 0
820 7 3531 0
821 6 2320 0
822 8 2710 0
823 4 112 0
824 6 2109 0
825 2 626 0
826 4 4075 0
827 4 1181 0
828 5 2952 0
829 6 3846 0
830 4 3069 0
831 5 1271 0
832 6 2328 0
833 5 3260 0
834 6 3704 0
835 8 1529 0
836 3 4917 0
837 4 1854 0
838 4 3982 0
839 9 3770 0
840 7 4797 0
841 1 156 0
842 6 2317 0
843 6 4488 0
844 2 3925 0
845 7 2187 0
846 6 2169 0
847 6 676 0
848 3 3054 0
849 8 708 0
850 7 457 0
851 6 4742 0
852 7 2727 0
853 5 1920 0
854 8 4749 0
855 5 4413 0
856 3 4323 0
857 8 4846 0
858 4 4864 0
859 8 40 0
860 6 2346 0
861 11 4795 0
862 2 2108 0
863 5 2555 0
864 7 1482 0
865 4 2247 0
866 8 1432 0
867 6 1797 0
868 8 3101 0
869 3 1955 0
870 5 2493 0
871 6 873 0
872 3 1249 0
873 10 2931 0
874 5 4945 0
875 8 3128 0
876 4 11 0
877 5 1808 0
878 4 2 0
879 6 2518 0
880 7 1746 0
881 5 2449 0
882 4 3768 0
883 7 2373 0
884 8 248 0
885 9 1677 0
886 6 4877 0
887 0 45 0
888 7 179 0
889 4 3962 0
890 4 2712 0
891 6 3754 0
892 4 2233 0
893 3 3806 0
894 7 1329 0
895 3 1210 0
896 9 1732 0
897 5 1116 0
898 5 2214 0
899 6 1292 0
900 8 526 0
901 3 1204 0
902 9 4550 0
903 2 2459 0
904 7 1141 0
905 7 2325 0
906 8 3364 0
907 4 4536 0
908 4 302 0
909 6 3938 0
910 4 2420 0
911 2 2123 0
912 6 508 0
913 4 3357 0
914 5 2605 0
915 4 2566 0
916 6 4845 0
917 8 2182 0
918 5 3420 0
919 3 363 0
920 7 4240 0
921 7 3841 0
922 8 1170 0
923 8 4743 0
924 4 4506 0
925 9 4609 0
926 4 3791 0
927 6 1334 0
928 7 22 0
929 8 2843 0
930 3 2486 0
931 5 4335 0
932 5 1440 0
933 8 1163 0
934 4 4164 0
935 6 3747 0
936 4 2776 0
937 7 3702 0
938 6 900 0
939 5 4158 0
940 7 2728 0
941 7 1873 0
942 3 3475 0
943 3 1028 0
944 7 4493 0
945 5 4230 0
946 5 2994 0
947 6 2607 0
948 6 3619 0
949 2 1662 0
950 5 4694 0
951 5 4704 0
952 3 1083 0
953 6 3490 0
954 4 2346 0
955 8 1285 0
956 6 2095 0
957 7 4035 0
958 6 442 0
959 7 3213 0
960 7 511 0
961 5 2906 0
962 6 291 0
963 6 2491 0
964 5 1774 0
965 6 3206 0
966 1 2410 0
967 7 2150 0
968 8 4358 0
969 3 2480 0
970 3 625 0
971 4 2440 0
972 8 1605 0
973 5 1058 0
974 4 2552 0
975 1 3035 0
976 5 442 0
977 5 1747 0
978 3 91 0
979 7 4519 0
980 5 4519 0
981 3 3375 0
982 6 1093 0
983 10 4835 0
984 9 558 0
985 5 3818 0
986 7 3472 0
987 4 2046 0
988 6 2086 0
989 6 1468 0
990 6 2554 0
991 5 1279 0
992 5 452 0
993 4 839 0
994 5 3348 0
995 5 4224 0
996 6 2996 0
997 4 1421 0
998 5 1490 0
999 4 870 0
1000 11 2796 0
1001 2 2026 0
1002 6 793 0
1003 5 1698 0
1004 6 3135 0
1005 4 749 0
1006 4 508 0
1007 8 1534 0
1008 8 4997 0
1009 5 2947 0
1010 5 4457 0
1011 9 2759 0
1012 5 605 0
1013 2 745 0
1014 5 4711 0
1015 5 778 0
1016 5 1752 0
1017 4 2148 0
1018 3 3315 0
1019 3 2447 0
1020 0 3094 0
1021 6 4618 0
1022 6 4090 0
1023 3 3792 0
1024 4 1492 0
1025 8 3493 0
1026 5 2482 0
1027 5 1813 0
1028 2 1660 0
1029 3 1495 0
1030 4 2550 0
1031 7 1116 0
1032 4 1046 0
1033 5 993 0
1034 5 4913 0
1035 5 3314 0
1036 9 3477 0
1037 5 428 0
1038 2 2108 0
1039 3 4609 0
1040 5 1840 0
1041 8 1872 0
1042 10 2258 0
1043 5 1682 0
1044 8 244 0
1045 5 1496 0
1046 7 4167 0
1047 7 3034 0
1048 6 2069 0
1049 4 3591 0
1050 6 1079 0
1051 7 3194 0
1052 4 39 0
1053 4 2091 0
1054 4 3684 0
1055 5 3842 0
1056 6 2997 0
1057 8 930 0
1058 9 203 0
1059 4 903 0
1060 5 3282 0
1061 4 4884 0
1062 6 3247 0
1063 2 2036 0
1064 11 4767 0
1065 2 809 0
1066 8 1110 0
1067 8 2356 0
1068 6 3330 0
1069 8 1823 0
1070 6 268 0
1071 4 4351 0
1072 5 396 0
1073 5 4831 0
1074 2 2649 0
1075 4 2977 0
1076 6 4264 0
1077 3 4791 0
1078 3 2958 0
1079 8 855 0
1080 6 3068 0
1081 6 4675 0
1082 5 4441 0
1083 7 4510 0
1084 6 1710 0
1085 8 1240 0
1086 6 3700 0
1087 5 3077 0
1088 4 2778 0
1089 5 3020 0
1090 3 1384 0
1091 7 4891 0
1092 2 3087 0
1093 5 4883 0
1094 8 1572 0
1095 4 546 0
1096 5 371 0
1097 4 1573 0
1098 6 3787 0
1099 6 2144 0
1100 2 693 0
1101 5 3738 0
1102 2 3266 0
1103 6 4224 0
1104 7 2583 0
1105 2 1998 0
1106 7 1276 0
1107 8 3741 0
1108 4 1333 0
1109 5 4444 0
1110 4 320 0
1111 8 3899 0
1112 10 1301 0
1113 3 2381 0
1114 9 3869 0
1115 5 4421 0
1116 5 1714 0
1117 7 4102 0
1118 5 1106 0
1119 2 3266 0
1120 7 3641 0
1121 7 4914 0
1122 6 2520 0
1123 4 2518 0
1124 0 4176 0
1125 5 2306 0
1126 5 4669 0
1127 6 3434 0
1128 4 2716 0
1129 4 4524 0
1130 7 4240 0
1131 6 3617 0
1132 4 3375 0
1133 2 4171 0
1134 6 1595 0
1135 5 4294 0
1136 4 3895 0
1137 9 4786 0
1138 4 3709 0
1139 3 2085 0
1140 8 705 0
1141 7 4636 0
1142 7 4461 0
1143 8 4925 0
1144 5 1240 0
1145 2 1144 0
1146 3 1715 0
1147 6 1562 0
1148 8 2155 0
1149 2 80 0
1150 5 2256 0
1151 8 422 0
1152 5 255 0
1153 3 2999 0
1154 7 4878 0
1155 4 3714 0
1156 3 679 0
1157 7 3019 0
1158 4 2608 0
1159 5 613 0
1160 5 1295 0
1161 6 1852 0
1162 7 1824 0
1163 4 4387 0
1164 6 4946 0
1165 4 3596 0
1166 3 688 0
1167 6 4224 0
1168 6 3275 0
1169 6 4414 0
1170 2 2311 0
1171 4 3268 0
1172 6 3105 0
1173 8 2959 0
1174 6 2568 0
1175 4 3127 0
1176 4 1505 0
1177 4 3357 0
1178 4 3734 0
1179 4 3155 0
1180 6 4660 0
1181 4 1439 0
1182 6 3740 0
1183 7 2058 0
1184 5 2081 0
1185 7 1474 0
1186 2 4715 0
1187 4 756 0
1188 6 426 0
1189 6 2075 0
1190 8 4688 0
1191 6 181 0
1192 6 4861 0
1193 8 4267 0
1194 9 1523 0
1195 8 2548 0
1196 5 4380 0
1197 8 861 0
1198 7 3389 0
1199 6 4155 0
1200 6 3157 0
1201 5 4738 0
1202 5 4532 0
1203 5 2500 0
1204 5 3436 0
1205 5 598 0
1206 7 3808 0
1207 7 2684 0
1208 6 2294 0
1209 3 1956 0
1210 7 211 0
1211 7 591 0
1212 5 1908 0
1213 7 1067 0
1214 7 4155 0
1215 2 2955 0
1216 3 2925 0
1217 3 3955 0
1218 10 4524 0
1219 3 1357 0
1220 6 4763 0
1221 7 4498 0
1222 7 762 0
1223 3 1444 0
1224 7 2000 0
1225 5 3419 0
1226 4 2030 0
1227 7 201 0
1228 7 3662 0
1229 8 1754 0
1230 3 1430 0
1231 4 1435 0
1232 8 2767 0
1233 7 3351 0
1234 7 4847 0
1235 8 945 0
1236 7 1957 0
1237 8 4382 0
1238 4 4578 0
1239 6 3807 0
1240 6 1830 0
1241 7 4081 0
1242 5 828 0
1243 8 2354 0
1244 5 2674 0
1245 5 4240 0
1246 4 2232 0
1247 10 941 0
1248 6 3613 0
1249 7 3763 0
1250 6 1883 0
1251 2 1723 0
1252 3 4100 0
1253 2 1086 0
1254 5 229 0
1255 5 1332 0
1256 4 3835 0
1257 5 4612 0
1258 6 1168 0
1259 2 902 0
1260 6 1874 0
1261 7 2630 0
1262 3 3756 0
1263 5 1999 0
1264 7 1401 0
1265 2 2287 0
1266 5 2591 0
1267 3 3404 0
1268 7 2424 0
1269 4 1256 0
1270 6 4299 0
1271 8 1649 0
1272 3 778 0
1273 5 717 0
1274 6 2947 0
1275 4 4214 0
1276 6 1770 0
1277 10 3912 0
1278 4 4991 0
1279 6 1858 0
1280 8 1135 0
1281 9 1361 0
1282 6 635 0
1283 4 779 0
1284 9 765 0
1285 10 4302 0
1286 6 4182 0
1287 9 3672 0
1288 4 4639 0
1289 4 4259 0
1290 6 2422 0
1291 9 10 0
1292 4 3117 0
1293 5 1310 0
1294 5 3693 0
1295 5 2951 0
1296 6 374 0
1297 2 509 0
1298 5 171 0
1299 3 377 0
1300 6 3091 0
1301 6 2164 0
1302 9 2787 0
1303 3 4054 0
1304 7 959 0
1305 5 4965 0
1306 6 422 0
1307 4 2399 0
1308 11 4126 0
1309 4 2755 0
1310 5 356 0
1311 5 4240 0
1312 2 1820 0
1313 7 3330 0
1314 9 4458 0
1315 2 2630 0
1316 8 2033 0
1317 7 4665 0
1318 5 481 0
1319 8 2810 0
1320 5 210 0
1321 3 1687 0
1322 5 493 0
1323 5 1488 0
1324 6 2982 0
1325 7 182 0
1326 3 2613 0
1327 5 1982 0
1328 3 545 0
1329 8 3321 0
1330 8 3576 0
1331 4 746 0
1332 7 3608 0
1333 4 1354 0
1334 6 3474 0
1335 5 2377 0
1336 8 3623 0
1337 6 2220 0
1338 5 960 0
1339 7 4977 0
1340 5 68 0
1341 3 500 0
1342 7 1374 0
1343 8 2489 0
1344 5 4277 0
1345 7 2586 0
1346 5 2357 0
1347 3 4747 0
1348 3 4232 0
1349 5 594 0
1350 2 1422 0
1351 7 4117 0
1352 6 2160 0
1353 5 2883 0
1354 6 2444 0
1355 6 3813 0
1356 6 4818 0
1357 0 3913 0
1358 3 1257 0
1359 5 768 0
1360 7 1500 0
1361 7 4717 0
1362 4 1948 0
1363 3 2452 0
1364 5 1026 0
1365 9 4517 0
1366 3 2251 0
1367 4 3330 0
1368 4 1331 0
1369 7 1637 0
1370 7 3347 0
1371 2 1570 0
1372 7 123 0
1373 10 4109 0
1374 7 445 0
1375 4 1100 0
1376 3 1064 0
1377 5 4211 0
1378 4 53 0
1379 6 814 0
1380 7 655 0
1381 6 3284 0
1382 10 2819 0
1383 5 1065 0
1384 5 3457 0
1385 5 3819 0
1386 3 1366 0
1387 7 2109 0
1388 5 3028 0
1389 5 3130 0
1390 4 4087 0
1391 4 1956 0
1392 5 1674 0
1393 10 745 0
1394 4 4965 0
1395 5 991 0
1396 10 4860 0
1397 7 1369 0
1398 7 1533 0
1399 4 2975 0
1400 4 4506 0
1401 5 4212 0
1402 4 1260 0
1403 9 2653 0
1404 3 2670 0
1405 5 2244 0
1406 8 538 0
1407 6 4689 0
1408 5 2592 0
1409 7 1062 0
1410 7 3493 0
1411 2 4013 0
1412 6 4853 0
1413 4 1069 0
1414 9 113 0
1415 4 4422 0
1416 7 994 0
1417 6 445 0
1418 4 3897 0
1419 3 1522 0
1420 5 874 0
1421 6 1925 0
1422 5 655 0
1423 8 984 0
1424 4 3146 0
1425 3 125 0
1426 9 4659 0
1427 5 4353 0
1428 6 2229 0
1429 6 1862 0
1430 8 4118 0
1431 5 312 0
1432 4 2187 0
1433 5 1154 0
1434 5 2433 0
1435 5 1746 0
1436 5 52 0
1437 5 449 0
1438 6 3820 0
1439 8 3803 0
1440 4 2580 0
1441 5 699 0
1442 2 6 0
1443 6 3588 0
1444 6 3111 0
1445 4 3386 0
1446 2 297 0
1447 5 812 0
1448 4 1237 0
1449 5 1017 0
1450 7 4377 0
1451 2 4204 0
1452 5 363 0
1453 2 2458 0
1454 4 949 0
1455 3 1457 0
1456 6 2613 0
1457 2 4525 0
1458 4 3832 0
1459 6 278 0
1460 8 3692 0
1461 4 3556 0
1462 3 4586 0
1463 6 3777 0
1464 2 2613 0
1465 5 4707 0
1466 4 4586 0
1467 8 2783 0
1468 10 1162 0
1469 1 3445 0
1470 4 1364 0
1471 7 937 0
1472 7 2697 0
1473 5 3465 0
1474 3 3041 0
1475 11 2921 0
1476 5 4541 0
1477 5 3706 0
1478 6 4470 0
1479 4 3595 0
1480 8 4659 0
1481 7 256 0
1482 8 1925 0
1483 0 3 0
1484 5 4782 0
1485 6 2109 0
1486 5 536 0
1487 2 993 0
1488 9 1069 0
1489 4 3674 0
1490 6 3665 0
1491 6 4972 0
1492 5 4143 0
1493 11 4576 0
1494 6 714 0
1495 1 490 0
1496 6 1418 0
1497 8 3843 0
1498 6 4136 0
1499 5 2726 0
1500 7 667 0
1501 4 4064 0
1502 6 3268 0
1503 6 365 0
1504 2 2524 0
1505 6 4451 0
1506 9 4666 0
1507 3 722 0
1508 6 4884 0
1509 7 260 0
1510 4 3552 0
1511 7 3026 0
1512 10 2427 0
1513 4 4792 0
1514 0 2653 0
1515 4 4451 0
1516 7 303 0
1517 4 3451 0
1518 7 1354 0
1519 4 3491 0
1520 4 917 0
1521 7 1081 0
1522 6 3639 0
1523 2 4376 0
1524 3 746 0
1525 3 3092 0
1526 4 768 0
1527 6 326 0
1528 3 1469 0
1529 9 384 0
1530 8 3713 0
1531 9 2758 0
1532 4 4409 0
1533 2 4770 0
1534 8 1939 0
1535 3 3555 0
1536 6 3754 0
1537 7 1866 0
1538 7 4020 0
1539 8 1081 0
1540 3 1405 0
1541 6 3903 0
1542 8 3412 0
1543 8 2545 0
1544 8 3584 0
1545 5 4165 0
1546 4 919 0
1547 2 1742 0
1548 7 1271 0
1549 3 1114 0
1550 7 2540 0
1551 5 4518 0
1552 5 4575 0
1553 6 2992 0
1554 8 4300 0
1555 6 2725 0
1556 2 312 0
1557 12 1388 0
1558 4 2375 0
1559 4 3804 0
1560 6 2388 0
1561 9 1670 0
1562 4 882 0
1563 7 1351 0
1564 3 3320 0
1565 4 3515 0
1566 6 4356 0
1567 8 847 0
1568 4 3074 0
1569 6 4891 0
1570 4 652 0
1571 4 3798 0
1572 2 4999 0
1573 2 3714 0
1574 8 2659 0
1575 7 4085 0
1576 2 2992 0
1577 2 2228 0
1578 5 56 0
1579 4 1795 0
1580 9 4087 0
1581 7 4593 0
1582 2 2499 0
1583 2 1868 0
1584 6 3971 0
1585 2 660 0
1586 6 4150 0
1587 6 2395 0
1588 2 4542 0
1589 6 4797 0
1590 8 3486 0
1591 3 3271 0
1592 5 4388 0
1593 4 914 0
1594 4 2755 0
1595 6 4066 0
1596 7 4724 0
1597 1 2431 0
1598 3 4066 0
1599 3 1995 0
1600 14 4544 0
1601 1 1691 0
1602 6 3165 0
1603 6 2764 0
1604 8 855 0
1605 5 4666 0
1606 6 2538 0
1607 4 1939 0
1608 7 1087 0
1609 6 1957 0
1610 5 3999 0
1611 5 4485 0
1612 6 116 0
1613 6 4684 0
1614 4 3378 0
1615 8 853 0
1616 8 3760 0
1617 10 2896 0
1618 8 300 0
1619 5 3096 0
1620 4 2222 0
1621 5 1792 0
1622 5 4476 0
1623 4 4902 0
1624 7 1015 0
1625 5 2941 0
1626 7 2013 0
1627 8 2840 0
1628 8 3049 0
1629 5 987 0
1630 4 4871 0
1631 6 3188 0
1632 5 368 0
1633 12 4936 0
1634 4 4742 0
1635 7 3668 0
1636 8 4511 0
1637 5 1589 0
1638 4 1048 0
1639 9 1331 0
1640 3 2647 0
1641 6 2492 0
1642 4 4482 0
1643 6 4568 0
1644 8 2187 0
1645 4 201 0
1646 9 1369 0
1647 10 2906 0
1648 5 4802 0
1649 7 107 0
1650 6 2627 0
1651 2 1109 0
1652 7 318 0
1653 6 4276 0
1654 9 3227 0
1655 5 4194 0
1656 6 4122 0
1657 6 3682 0
1658 6 249 0
1659 4 2317 0
1660 5 623 0
1661 6 4466 0
1662 5 2762 0
1663 5 1779 0
1664 7 2537 0
1665 8 1592 0
1666 6 1111 0
1667 3 363 0
1668 8 4264 0
1669 8 2498 0
1670 6 4224 0
1671 5 1569 0
1672 9 4087 0
1673 6 3505 0
1674 7 3982 0
1675 4 3605 0
1676 5 2256 0
1677 4 2249 0
1678 8 1611 0
1679 0 101 0
1680 5 3722 0
1681 4 455 0
1682 7 615 0
1683 3 1982 0
1684 2 92 0
1685 4 1663 0
1686 7 2186 0
1687 8 1057 0
1688 6 3460 0
1689 2 1932 0
1690 3 3160 0
1691 4 4969 0
1692 9 4595 0
1693 7 4951 0
1694 6 2799 0
1695 4 3738 0
1696 7 1258 0
1697 3 4825 0
1698 7 2119 0
1699 7 4748 0
1700 5 2887 0
1701 6 3550 0
1702 6 1077 0
1703 9 1868 0
1704 4 934 0
1705 6 4115 0
1706 3 2001 0
1707 4 340 0
1708 7 317 0
1709 4 351 0
1710 4 550 0
1711 5 317 0
1712 5 3633 0
1713 4 438 0
1714 3 3162 0
1715 4 42 0
1716 5 294 0
1717 4 451 0
1718 3 4303 0
1719 7 3160 0
1720 7 3174 0
1721 5 82 0
1722 4 4826 0
1723 4 2038 0
1724 8 916 0
1725 7 3317 0
1726 6 1312 0
1727 1 3868 0
1728 5 4384 0
1729 2 4464 0
1730 6 1508 0
1731 7 497 0
1732 10 2045 0
1733 4 4567 0
1734 6 1298 0
1735 3 4042 0
1736 3 376 0
1737 7 491 0
1738 5 2126 0
1739 6 3069 0
1740 5 2681 0
1741 9 4010 0
1742 3 1484 0
1743 5 3022 0
1744 4 1306 0
1745 7 60 0
1746 5 420 0
1747 8 2856 0
1748 4 4268 0
1749 4 4263 0
1750 9 3126 0
1751 10 1235 0
1752 8 2933 0
1753 7 2213 0
1754 4 3565 0
1755 2 1256 0
1756 6 2829 0
1757 3 322 0
1758 4 2718 0
1759 5 3068 0
1760 5 4169 0
1761 5 620 0
1762 7 855 0
1763 6 194 0
1764 9 3710 0
1765 5 871 0
1766 6 4127 0
1767 9 2707 0
1768 8 4620 0
1769 7 49 0
1770 6 3165 0
1771 6 4850 0
1772 5 118 0
1773 0 685 0
1774 2 3423 0
1775 5 1764 0
1776 5 1483 0
1777 3 258 0
1778 8 3727 0
1779 4 1270 0
1780 8 242 0
1781 4 4513 0
1782 5 1064 0
1783 6 625 0
1784 5 18 0
1785 5 3123 0
1786 6 2625 0
1787 5 1707 0
1788 5 3463 0
1789 8 4067 0
1790 10 4898 0
1791 6 2330 0
1792 8 2365 0
1793 2 1638 0
1794 7 939 0
1795 0 3881 0
1796 12 1259 0
1797 4 1049 0
1798 7 2192 0
1799 7 2238 0
1800 5 3376 0
1801 7 4881 0
1802 8 3016 0
1803 6 1138 0
1804 9 508 0
1805 9 3332 0
1806 6 4808 0
1807 7 1442 0
1808 7 790 0
1809 2 1609 0
1810 4 3344 0
1811 4 4367 0
1812 6 1986 0
1813 8 997 0
1814 4 912 0
1815 5 2866 0
1816 5 1466 0
1817 5 1837 0
1818 5 4610 0
1819 5 740 0
1820 8 357 0
1821 6 4888 0
1822 7 1776 0
1823 10 1710 0
1824 5 1285 0
1825 6 1208 0
1826 5 3519 0
1827 6 2456 0
1828 7 25 0
1829 2 2426 0
1830 5 2280 0
1831 8 1255 0
1832 6 4927 0
1833 5 3924 0
1834 10 772 0
1835 8 2707 0
1836 6 4062 0
1837 4 2954 0
1838 7 3565 0
1839 5 1961 0
1840 5 1638 0
1841 5 311 0
1842 6 3096 0
1843 8 908 0
1844 11 4784 0
1845 6 8 0
1846 4 3262 0
1847 4 4611 0
1848 5 2332 0
1849 6 85 0
1850 7 183 0
1851 1 4109 0
1852 7 1438 0
1853 8 39 0
1854 5 2870 0
1855 12 204 0
1856 8 705 0
1857 7 3491 0
1858 5 4482 0
1859 6 545 0
1860 4 675 0
1861 6 0 0
1862 6 3168 0
1863 7 4424 0
1864 6 1950 0
1865 5 2831 0
1866 3 4735 0
1867 5 1726 0
1868 9 4563 0
1869 6 4197 0
1870 7 4226 0
1871 6 4099 0
1872 8 4873 0
1873 6 4465 0
1874 3 852 0
1875 2 3648 0
1876 5 2788 0
1877 4 3036 0
1878 4 3091 0
1879 4 4 0
1880 9 3807 0
1881 7 3658 0
1882 4 2634 0
1883 6 3371 0
1884 8 803 0
1885 7 3996 0
1886 4 1786 0
1887 7 963 0
1888 10 2170 0
1889 8 4638 0
1890 10 2650 0
1891 4 2633 0
1892 4 4367 0
1893 9 36 0
1894 4 2890 0
1895 3 2318 0
1896 5 2865 0
1897 6 2751 0
1898 7 2734 0
1899 8 1652 0
1900 7 3823 0
1901 5 1455 0
1902 6 1158 0
1903 7 4809 0
1904 5 407 0
1905 9 77 0
1906 4 3632 0
1907 5 4365 0
1908 5 992 0
1909 7 1189 0
1910 8 2418 0
1911 4 3753 0
1912 6 421 0
1913 6 431 0
1914 8 1708 0
1915 6 3438 0
1916 8 4905 0
1917 5 4196 0
1918 4 1696 0
1919 3 349 0
1920 3 3262 0
1921 7 2035 0
1922 3 3091 0
1923 4 42 0
1924 4 2147 0
1925 6 3204 0
1926 5 3761 0
1927 6 4217 0
1928 8 1961 0
1929 3 4231 0
1930 6 3763 0
1931 8 3340 0
1932 5 1152 0
1933 7 1151 0
1934 5 1160 0
1935 7 1754 0
1936 5 171 0
1937 5 4947 0
1938 5 1857 0
1939 0 2255 0
1940 8 4796 0
1941 8 673 0
1942 5 3789 0
1943 9 1787 0
1944 6 4170 0
1945 3 4496 0
1946 3 1944 0
1947 1 1961 0
1948 4 1774 0
1949 3 857 0
1950 6 2699 0
1951 5 2648 0
1952 7 2628 0
1953 10 2510 0
1954 6 2265 0
1955 2 1624 0
1956 6 2976 0
1957 7 4955 0
1958 7 984 0
1959 5 1517 0
1960 6 3836 0
1961 7 632 0
1962 8 2958 0
1963 5 2769 0
1964 8 1508 0
1965 5 1196 0
1966 6 627 0
1967 3 3711 0
1968 3 1128 0
1969 5 291 0
1970 6 3415 0
1971 8 2801 0
1972 5 272 0
1973 4 1504 0
1974 7 3239 0
1975 7 4640 0
1976 4 4763 0
1977 5 3298 0
1978 6 2434 0
1979 6 4434 0
1980 6 2498 0
1981 7 4441 0
1982 5 2697 0
1983 6 2842 0
1984 5 4953 0
1985 4 213 0
1986 5 461 0
1987 5 3507 0
1988 9 3002 0
1989 4 3066 0
1990 5 3937 0
1991 7 4967 0
1992 5 1828 0
1993 5 3790 0
1994 9 3370 0
1995 4 886 0
1996 5 1771 0
1997 6 2488 0
1998 7 516 0
1999 9 3572 0
2000 6 606 0
2001 7 1623 0
2002 5 971 0
2003 8 3754 0
2004 6 193 0
2005 5 2837 0
2006 6 1410 0
2007 4 2605 0
2008 5 3917 0
2009 7 2636 0
2010 6 4414 0
2011 4 4001 0
2012 7 497 0
2013 5 874 0
2014 5 2840 0
2015 7 2457 0
2016 3 2672 0
2017 4 3058 0
2018 5 1039 0
2019 2 4496 0
2020 1 4066 0
2021 4 4502 0
2022 6 557 0
2023 6 4624 0
2024 6 2554 0
2025 6 3620 0
2026 6 3969 0
2027 8 3925 0
2028 6 4544 0
2029 8 4417 0
2030 7 4282 0
2031 6 2003 0
2032 4 906 0
2033 5 362 0
2034 8 4319 0
2035 3 1635 0
2036 3 2603 0
2037 0 869 0
2038 5 1887 0
2039 5 833 0
2040 6 2410 0
2041 3 2501 0
2042 3 2985 0
2043 6 2455 0
2044 8 2914 0
2045 5 4330 0
2046 5 4783 0
2047 6 3783 0
2048 4 437 0
2049 7 4562 0
2050 5 3168 0
2051 5 4241 0
2052 8 709 0
2053 6 4453 0
2054 3 3032 0
2055 5 3730 0
2056 9 3029 0
2057 5 4887 0
2058 11 809 0
2059 4 4464 0
2060 6 4232 0
2061 7 1902 0
2062 1 2897 0
2063 4 3930 0
2064 5 149 0
2065 7 2315 0
2066 10 2184 0
2067 9 4055 0
2068 1 4004 0
2069 5 4334 0
2070 5 1336 0
2071 8 2310 0
2072 7 3578 0
2073 7 2883 0
2074 6 79 0
2075 8 1599 0
2076 3 4645 0
2077 6 1521 0
2078 4 2663 0
2079 6 422 0
2080 6 700 0
2081 6 4374 0
2082 5 3160 0
2083 6 3081 0
2084 7 4874 0
2085 8 1539 0
2086 5 4064 0
2087 7 2135 0
2088 8 1334 0
2089 4 1195 0
2090 7 2585 0
2091 3 1519 0
2092 9 3533 0
2093 4 4459 0
2094 5 1166 0
2095 3 104 0
2096 6 3352 0
2097 6 3697 0
2098 7 3107 0
2099 6 4753 0
2100 6 481 0
2101 5 3513 0
2102 4 733 0
2103 8 4595 0
2104 3 658 0
2105 2 3492 0
2106 2 3731 0
2107 8 2451 0
2108 0 628 0
2109 4 548 0
2110 11 349 0
2111 9 4408 0
2112 6 4206 0
2113 8 1577 0
2114 2 2197 0
2115 7 4600 0
2116 7 3134 0
2117 6 4857 0
2118 3 3234 0
2119 5 4099 0
2120 8 3399 0
2121 5 2517 0
2122 5 4636 0
2123 8 235 0
2124 3 4893 0
2125 4 1704 0
2126 2 1261 0
2127 9 129 0
2128 4 2823 0
2129 6 2261 0
2130 3 374 0
2131 6 3405 0
2132 7 3218 0
2133 5 3126 0
2134 6 2581 0
2135 7 4333 0
2136 6 4815 0
2137 6 1611 0
2138 4 2211 0
2139 3 1288 0
2140 2 2089 0
2141 5 3518 0
2142 5 621 0
2143 5 1389 0
2144 3 471 0
2145 5 1171 0
2146 4 612 0
2147 7 267 0
2148 7 1125 0
2149 5 721 0
2150 6 2080 0
2151 7 3711 0
2152 7 3569 0
2153 4 1574 0
2154 1 1428 0
2155 9 1860 0
2156 7 1973 0
2157 8 1146 0
2158 6 4470 0
2159 6 4927 0
2160 5 968 0
2161 5 2358 0
2162 5 1629 0
2163 4 4853 0
2164 4 1144 0
2165 8 3611 0
2166 8 971 0
2167 5 663 0
2168 6 3134 0
2169 4 4818 0
2170 6 1200 0
2171 5 638 0
2172 4 3892 0
2173 5 4465 0
2174 2 14 0
2175 10 4517 0
2176 1 3892 0
2177 3 1401 0
2178 4 2675 0
2179 4 1682 0
2180 6 3796 0
2181 6 718 0
2182 3 4368 0
2183 4 4618 0
2184 3 2583 0
2185 8 4913 0
2186 9 4656 0
2187 4 40 0
2188 8 3782 0
2189 3 3390 0
2190 6 2335 0
2191 7 4392 0
2192 6 580 0
2193 6 3988 0
2194 8 915 0
2195 6 4619 0
2196 4 2169 0
2197 5 4318 0
2198 4 2847 0
2199 6 4971 0
2200 5 4202 0
2201 6 3389 0
2202 7 4272 0
2203 6 1715 0
2204 5 3862 0
2205 3 1877 0
2206 8 2366 0
2207 4 2606 0
2208 3 1433 0
2209 7 2717 0
2210 6 1562 0
2211 5 2733 0
2212 4 771 0
2213 9 618 0
2214 6 4719 0
2215 3 3157 0
2216 7 3488 0
2217 5 1677 0
2218 7 4696 0
2219 3 4906 0
2220 9 2786 0
2221 4 4538 0
2222 3 2551 0
2223 7 2268 0
2224 5 4753 0
2225 6 2937 0
2226 4 440 0
2227 4 3305 0
2228 2 655 0
2229 3 4410 0
2230 5 2102 0
2231 4 831 0
2232 8 597 0
2233 9 3217 0
2234 6 1303 0
2235 4 1375 0
2236 5 3748 0
2237 7 2749 0
2238 7 1572 0
2239 6 279 0
2240 7 1218 0
2241 3 3279 0
2242 2 678 0
2243 3 3265 0
2244 5 4424 0
2245 8 2308 0
2246 7 2378 0
2247 8 4507 0
2248 8 1314 0
2249 9 4135 0
2250 3 4477 0
2251 8 4892 0
2252 5 4014 0
2253 2 389 0
2254 3 1854 0
2255 4 3190 0
2256 5 4122 0
2257 6 3751 0
2258 6 4123 0
2259 8 3656 0
2260 7 4042 0
2261 4 4904 0
2262 6 3731 0
2263 4 2695 0
2264 8 2027 0
2265 6 3621 0
2266 6 1509 0
2267 7 4342 0
2268 7 2347 0
2269 6 3323 0
2270 8 2775 0
2271 6 2869 0
2272 10 4295 0
2273 7 786 0
2274 2 2221 0
2275 4 4752 0
2276 7 2154 0
2277 6 4967 0
2278 5 1292 0
2279 4 1465 0
2280 5 741 0
2281 6 4999 0
2282 4 3698 0
2283 5 1640 0
2284 4 1821 0
2285 5 2895 0
2286 6 4939 0
2287 8 998 0
2288 2 1272 0
2289 5 4973 0
2290 2 3112 0
2291 5 968 0
2292 4 4697 0
2293 6 3036 0
2294 5 32 0
2295 4 1307 0
2296 6 1460 0
2297 4 3811 0
2298 4 2945 0
2299 5 3098 0
2300 4 2910 0
2301 5 960 0
2302 7 4829 0
2303 6 1223 0
2304 2 2 0
2305 6 4861 0
2306 4 249 0
2307 5 128 0
2308 4 3712 0
2309 5 4933 0
2310 3 246 0
2311 9 2403 0
2312 6 4214 0
2313 5 2337 0
2314 3 2080 0
2315 8 1872 0
2316 6 2146 0
2317 0 4530 0
2318 7 1352 0
2319 7 360 0
2320 6 4341 0
2321 7 4938 0
2322 6 111 0
2323 4 3510 0
2324 5 1351 0
2325 6 4338 0
2326 7 1995 0
2327 8 2941 0
2328 7 3311 0
2329 7 3380 0
2330 6 1520 0
2331 6 383 0
2332 6 1671 0
2333 2 2516 0
2334 3 386 0
2335 8 859 0
2336 6 3385 0
2337 6 1366 0
2338 4 3006 0
2339 7 585 0
2340 7 43 0
2341 5 1404 0
2342 4 339 0
2343 5 4617 0
2344 4 4711 0
2345 7 4856 0
2346 4 4900 0
2347 2 4510 0
2348 3 1944 0
2349 4 4159 0
2350 9 1493 0
2351 1 4545 0
2352 7 4346 0
2353 5 1741 0
2354 5 4994 0
2355 6 2101 0
2356 5 1159 0
2357 3 3613 0
2358 5 4639 0
2359 7 3026 0
2360 5 2448 0
2361 1 1785 0
2362 6 4638 0
2363 3 2888 0
2364 8 2488 0
2365 5 2482 0
2366 2 2608 0
2367 5 69 0
2368 5 4949 0
2369 8 274 0
2370 6 3472 0
2371 3 2342 0
2372 1 2710 0
2373 6 3798 0
2374 6 4818 0
2375 4 21 0
2376 5 3650 0
2377 4 2699 0
2378 8 2766 0
2379 6 1693 0
2380 4 4797 0
2381 5 2211 0
2382 8 1688 0
2383 7 611 0
2384 6 616 0
2385 6 4862 0
2386 8 1173 0
2387 7 2037 0
2388 6 1335 0
2389 6 981 0
2390 6 747 0
2391 1 2182 0
2392 2 1422 0
2393 6 955 0
2394 8 4213 0
2395 6 727 0
2396 8 1349 0
2397 5 2627 0
2398 3 2504 0
2399 9 3410 0
2400 9 2944 0
2401 4 4975 0
2402 6 4682 0
2403 6 156 0
2404 7 3248 0
2405 5 2678 0
2406 4 3562 0
2407 3 4838 0
2408 5 4310 0
2409 5 3085 0
2410 5 3918 0
2411 4 3467 0
2412 8 3436 0
2413 6 941 0
2414 7 4125 0
2415 5 2631 0
2416 5 4717 0
2417 4 103 0
2418 7 4239 0
2419 6 2014 0
2420 4 4422 0
2421 7 4474 0
2422 8 4770 0
2423 5 391 0
2424 4 4068 0
2425 4 1309 0
2426 5 1881 0
2427 5 2943 0
2428 4 3506 0
2429 5 4665 0
2430 4 3289 0
2431 7 856 0
2432 7 4252 0
2433 4 1588 0
2434 7 266 0
2435 1 2473 0
2436 5 2173 0
2437 4 652 0
2438 5 4982 0
2439 5 2097 0
2440 5 64 0
2441 5 3731 0
2442 2 1057 0
2443 4 4964 0
2444 11 2115 0
2445 2 4910 0
2446 5 116 0
2447 8 3030 0
2448 5 730 0
2449 5 564 0
2450 5 535 0
2451 5 2410 0
2452 9 1868 0
2453 3 3819 0
2454 7 1789 0
2455 9 2671 0
2456 4 2919 0
2457 9 4496 0
2458 6 711 0
2459 5 3367 0
2460 9 1989 0
2461 4 1703 0
2462 8 2494 0
2463 5 171 0
2464 5 1514 0
2465 8 1750 0
2466 7 2943 0
2467 7 2611 0
2468 5 3380 0
2469 6 1589 0
2470 7 3728 0
2471 3 2970 0
2472 4 1020 0
2473 8 71 0
2474 3 3515 0
2475 8 3145 0
2476 9 991 0
2477 8 1671 0
2478 7 737 0
2479 8 3979 0
2480 7 3094 0
2481 1 4667 0
2482 1 1358 0
2483 6 3671 0
2484 6 2499 0
2485 8 612 0
2486 3 4422 0
2487 2 83 0
2488 4 4036 0
2489 4 4291 0
2490 6 2426 0
2491 4 576 0
2492 5 3462 0
2493 7 4328 0
2494 4 48 0
2495 5 4403 0
2496 7 3541 0
2497 5 4337 0
2498 9 160 0
2499 7 4878 0
2500 4 1034 0
2501 4 2617 0
2502 5 3910 0
2503 4 2227 0
2504 6 4886 0
2505 7 1673 0
2506 6 1931 0
2507 4 2708 0
2508 6 300 0
2509 6 4085 0
2510 2 612 0
2511 3 759 0
2512 8 915 0
2513 6 19 0
2514 4 4153 0
2515 7 1109 0
2516 4 4448 0
2517 6 2728 0
2518 6 4845 0
2519 4 1680 0
2520 6 3985 0
2521 8 2982 0
2522 6 923 0
2523 6 2658 0
2524 5 3926 0
2525 8 669 0
2526 9 4119 0
2527 8 3745 0
2528 9 242 0
2529 5 3603 0
2530 6 4519 0
2531 6 2797 0
2532 5 3193 0
2533 10 1736 0
2534 4 427 0
2535 1 1732 0
2536 5 4392 0
2537 4 3875 0
2538 7 1308 0
2539 8 4382 0
2540 6 3093 0
2541 10 1159 0
2542 7 4980 0
2543 4 3382 0
2544 3 923 0
2545 7 811 0
2546 6 935 0
2547 7 1917 0
2548 5 1775 0
2549 7 890 0
2550 8 2828 0
2551 7 4479 0
2552 3 864 0
2553 7 2062 0
2554 4 800 0
2555 7 1332 0
2556 4 3812 0
2557 6 3874 0
2558 5 4435 0
2559 5 561 0
2560 8 3817 0
2561 3 3647 0
2562 5 4681 0
2563 6 376 0
2564 0 90 0
2565 4 542 0
2566 5 1170 0
2567 5 2673 0
2568 5 4209 0
2569 2 4510 0
2570 6 17 0
2571 5 4278 0
2572 6 3972 0
2573 3 1708 0
2574 6 4017 0
2575 6 280 0
2576 3 4429 0
2577 5 4528 0
2578 5 2334 0
2579 6 1332 0
2580 2 3951 0
2581 5 4569 0
2582 4 3571 0
2583 3 4215 0
2584 6 4697 0
2585 7 3880 0
2586 4 2055 0
2587 6 1721 0
2588 3 381 0
2589 6 2208 0
2590 6 2553 0
2591 9 2164 0
2592 8 2033 0
2593 2 2844 0
2594 3 935 0
2595 10 2356 0
2596 6 26 0
2597 5 1423 0
2598 7 2946 0
2599 1 889 0
2600 3 737 0
2601 4 241 0
2602 4 519 0
2603 7 3747 0
2604 3 3030 0
2605 4 1302 0
2606 6 269 0
2607 5 2460 0
2608 5 456 0
2609 7 3797 0
2610 2 3053 0
2611 9 4038 0
2612 4 1173 0
2613 5 4028 0
2614 5 3372 0
2615 9 1214 0
2616 7 4836 0
2617 6 293 0
2618 7 1414 0
2619 6 3911 0
2620 4 4211 0
2621 3 2137 0
2622 6 3168 0
2623 5 1069 0
2624 3 1626 0
2625 7 1202 0
2626 8 4715 0
2627 6 1527 0
2628 3 1290 0
2629 3 4811 0
2630 6 3665 0
2631 8 4185 0
2632 10 1534 0
2633 8 4306 0
2634 6 3354 0
2635 7 3479 0
2636 4 1951 0
2637 5 1240 0
2638 4 883 0
2639 7 167 0
2640 7 788 0
2641 1 1498 0
2642 4 1609 0
2643 5 4935 0
2644 6 2108 0
2645 4 467 0
2646 8 4444 0
2647 5 813 0
2648 3 2721 0
2649 6 4105 0
2650 5 3507 0
2651 7 3034 0
2652 5 965 0
2653 4 2870 0
2654 4 1256 0
2655 7 3360 0
2656 5 4248 0
2657 8 1171 0
2658 6 4226 0
2659 3 318 0
2660 7 369 0
2661 6 4044 0
2662 4 1243 0
2663 1 4039 0
2664 7 1641 0
2665 6 2296 0
2666 5 3385 0
2667 6 4038 0
2668 7 4845 0
2669 5 914 0
2670 5 2787 0
2671 5 556 0
2672 5 1905 0
2673 3 2530 0
2674 3 3643 0
2675 4 2496 0
2676 6 509 0
2677 3 4881 0
2678 8 4597 0
2679 3 3636 0
2680 6 2489 0
2681 2 2201 0
2682 4 3044 0
2683 6 1459 0
2684 6 1424 0
2685 5 2428 0
2686 7 1876 0
2687 4 4461 0
2688 6 360 0
2689 3 1847 0
2690 2 2909 0
2691 7 3551 0
2692 6 2833 0
2693 4 1467 0
2694 4 2718 0
2695 5 1480 0
2696 11 3757 0
2697 4 1351 0
2698 8 2926 0
2699 6 4684 0
2700 4 718 0
2701 5 2079 0
2702 6 3686 0
2703 6 4646 0
2704 6 2394 0
2705 3 4076 0
2706 5 520 0
2707 4 3245 0
2708 4 2858 0
2709 5 4115 0
2710 3 3969 0
2711 5 1663 0
2712 7 585 0
2713 3 557 0
2714 6 701 0
2715 6 2313 0
2716 7 2327 0
2717 8 4225 0
2718 7 1565 0
2719 9 1450 0
2720 7 4098 0
2721 7 2829 0
2722 5 502 0
2723 4 3564 0
2724 4 2641 0
2725 8 229 0
2726 4 4121 0
2727 6 3972 0
2728 3 910 0
2729 8 3894 0
2730 6 3615 0
2731 7 3484 0
2732 6 2459 0
2733 7 1097 0
2734 5 4250 0
2735 3 21 0
2736 3 3433 0
2737 8 3031 0
2738 5 1143 0
2739 6 3971 0
2740 5 4489 0
2741 6 3168 0
2742 3 3322 0
2743 8 1770 0
2744 5 926 0
2745 9 4235 0
2746 8 4235 0
2747 3 1863 0
2748 5 4914 0
2749 4 218 0
2750 6 1294 0
2751 6 374 0
2752 4 4450 0
2753 10 307 0
2754 1 3855 0
2755 4 1330 0
2756 5 447 0
2757 2 1808 0
2758 8 1894 0
2759 7 1198 0
2760 5 1499 0
2761 11 2772 0
2762 5 3653 0
2763 2 2207 0
2764 3 1412 0
2765 1 4008 0
2766 3 1382 0
2767 6 2524 0
2768 6 2207 0
2769 9 3732 0
2770 2 4968 0
2771 4 2017 0
2772 6 2790 0
2773 3 2561 0
2774 8 1190 0
2775 8 4377 0
2776 5 756 0
2777 4 2756 0
2778 5 644 0
2779 5 1055 0
2780 3 723 0
2781 5 1996 0
2782 5 3204 0
2783 6 857 0
2784 5 531 0
2785 6 2071 0
2786 4 2480 0
2787 6 2580 0
2788 2 1405 0
2789 8 4104 0
2790 5 2563 0
2791 6 4114 0
2792 2 2367 0
2793 3 2396 0
2794 8 2013 0
2795 5 2204 0
2796 8 3963 0
2797 5 372 0
2798 6 2224 0
2799 5 4247 0
2800 7 2818 0
2801 5 3476 0
2802 6 7 0
2803 3 3026 0
2804 2 3598 0
2805 8 1826 0
2806 7 4191 0
2807 10 4534 0
2808 6 3236 0
2809 9 4035 0
2810 2 2829 0
2811 6 2508 0
2812 7 4193 0
2813 6 1667 0
2814 9 1027 0
2815 5 2085 0
2816 3 1256 0
2817 5 1011 0
2818 9 3038 0
2819 4 4991 0
2820 4 2506 0
2821 9 3879 0
2822 3 4199 0
2823 3 1703 0
2824 4 3289 0
2825 7 3532 0
2826 4 2128 0
2827 7 1467 0
2828 4 4312 0
2829 5 2000 0
2830 4 4040 0
2831 3 4055 0
2832 3 3705 0
2833 3 3973 0
2834 6 105 0
2835 3 1840 0
2836 5 4578 0
2837 11 4513 0
2838 4 112 0
2839 3 665 0
2840 8 3398 0
2841 5 1388 0
2842 6 3681 0
2843 8 4023 0
2844 1 2278 0
2845 5 3295 0
2846 6 286 0
2847 7 2879 0
2848 4 1593 0
2849 6 3193 0
2850 7 3645 0
2851 7 3101 0
2852 5 4409 0
2853 6 546 0
2854 4 2299 0
2855 7 4214 0
2856 4 3837 0
2857 1 275 0
2858 7 3076 0
2859 5 966 0
2860 6 3467 0
2861 6 192 0
2862 0 2419 0
2863 5 1167 0
2864 4 1671 0
2865 5 2888 0
2866 6 3144 0
2867 9 4270 0
2868 6 2372 0
2869 6 668 0
2870 6 187 0
2871 5 2478 0
2872 4 4788 0
2873 8 3695 0
2874 5 352 0
2875 6 4439 0
2876 6 124 0
2877 1 1605 0
2878 4 338 0
2879 4 1067 0
2880 5 1426 0
2881 9 2505 0
2882 4 3051 0
2883 9 2372 0
2884 7 2726 0
2885 6 992 0
2886 9 2699 0
2887 8 1424 0
2888 6 4871 0
2889 8 2337 0
2890 4 1365 0
2891 4 2090 0
2892 7 4975 0
2893 7 2321 0
2894 5 3941 0
2895 7 4160 0
2896 6 3397 0
2897 4 4960 0
2898 0 2550 0
2899 4 2710 0
2900 8 4557 0
2901 3 870 0
2902 8 2916 0
2903 7 1071 0
2904 7 4874 0
2905 7 2275 0
2906 6 3300 0
2907 5 2675 0
2908 9 1819 0
2909 4 3866 0
2910 4 2286 0
2911 3 847 0
2912 8 4963 0
2913 5 4114 0
2914 5 1409 0
2915 4 4538 0
2916 10 1367 0
2917 6 4138 0
2918 4 2408 0
2919 7 738 0
2920 5 904 0
2921 7 1074 0
2922 5 1481 0
2923 7 1900 0
2924 8 1196 0
2925 5 4297 0
2926 8 4935 0
2927 8 2340 0
2928 5 2175 0
2929 2 4202 0
2930 6 2276 0
2931 5 4945 0
2932 8 1868 0
2933 6 1346 0
2934 1 2599 0
2935 6 3112 0
2936 7 3822 0
2937 5 392 0
2938 5 240 0
2939 6 2641 0
2940 5 93 0
2941 7 1601 0
2942 7 2181 0
2943 5 4660 0
2944 5 1519 0
2945 7 4653 0
2946 7 4524 0
2947 6 655 0
2948 4 3910 0
2949 4 1653 0
2950 8 51 0
2951 6 484 0
2952 7 4737 0
2953 6 3937 0
2954 7 805 0
2955 6 3107 0
2956 5 238 0
2957 6 4292 0
2958 3 2478 0
2959 6 3822 0
2960 8 3433 0
2961 7 3474 0
2962 7 767 0
2963 5 1267 0
2964 5 2404 0
2965 5 2395 0
2966 9 4124 0
2967 2 2226 0
2968 11 1997 0
2969 6 2342 0
2970 3 1311 0
2971 7 200 0
2972 4 1650 0
2973 5 4059 0
2974 6 383 0
2975 5 4689 0
2976 4 3744 0
2977 3 3550 0
2978 5 3810 0
2979 3 3701 0
2980 6 1565 0
2981 6 2052 0
2982 6 4100 0
2983 6 4773 0
2984 10 1071 0
2985 4 238 0
2986 7 3512 0
2987 8 690 0
2988 6 2112 0
2989 6 2809 0
2990 3 2988 0
2991 5 80 0
2992 8 2209 0
2993 7 3301 0
2994 10 2549 0
2995 9 1001 0
2996 6 3740 0
2997 4 4447 0
2998 4 2549 0
2999 7 3987 0
3000 2 4261 0
3001 7 1107 0
3002 9 3855 0
3003 8 2019 0
3004 6 1112 0
3005 5 1784 0
3006 8 2800 0
3007 5 4419 0
3008 3 1009 0
3009 4 3589 0
3010 5 2655 0
3011 7 4184 0
3012 5 3086 0
3013 6 1174 0
3014 5 2549 0
3015 8 4860 0
3016 5 4434 0
3017 5 3351 0
3018 4 3505 0
3019 3 33 0
3020 6 1929 0
3021 4 1057 0
3022 6 1306 0
3023 5 4066 0
3024 4 3353 0
3025 3 1895 0
3026 5 3129 0
3027 6 790 0
3028 7 2707 0
3029 6 1225 0
3030 8 272 0
3031 6 624 0
3032 4 9 0
3033 2 3133 0
3034 5 1334 0
3035 8 1677 0
3036 7 1924 0
3037 0 4195 0
3038 5 1697 0
3039 10 2072 0
3040 7 2674 0
3041 6 3318 0
3042 4 2238 0
3043 6 3533 0
3044 4 2632 0
3045 8 1307 0
3046 5 147 0
3047 5 4905 0
3048 7 2625 0
3049 7 1084 0
3050 6 469 0
3051 5 4152 0
3052 0 659 0
3053 7 4360 0
3054 6 365 0
3055 6 471 0
3056 7 1338 0
3057 6 928 0
3058 8 1375 0
3059 4 2587 0
3060 4 376 0
3061 8 3273 0
3062 6 1677 0
3063 9 209 0
3064 6 63 0
3065 6 2308 0
3066 6 293 0
3067 6 2528 0
3068 3 170 0
3069 9 4432 0
3070 6 1522 0
3071 5 4145 0
3072 7 1440 0
3073 7 261 0
3074 7 380 0
3075 7 1313 0
3076 1 1197 0
3077 7 3800 0
3078 6 68 0
3079 5 4404 0
3080 7 3488 0
3081 8 2700 0
3082 5 316 0
3083 9 864 0
3084 6 4215 0
3085 6 2400 0
3086 3 44 0
3087 8 4713 0
3088 3 1308 0
3089 5 945 0
3090 3 2295 0
3091 6 4072 0
3092 6 3212 0
3093 2 3196 0
3094 5 4705 0
3095 5 682 0
3096 3 4521 0
3097 4 903 0
3098 8 2166 0
3099 6 3572 0
3100 10 1855 0
3101 5 4219 0
3102 4 4677 0
3103 2 4660 0
3104 9 2770 0
3105 7 4586 0
3106 5 2587 0
3107 5 1960 0
3108 5 4551 0
3109 12 2858 0
3110 10 4258 0
3111 3 1688 0
3112 7 3501 0
3113 8 3238 0
3114 2 640 0
3115 9 3814 0
3116 5 1427 0
3117 5 1003 0
3118 5 1909 0
3119 5 789 0
3120 6 4159 0
3121 5 4285 0
3122 3 2892 0
3123 6 3230 0
3124 2 4182 0
3125 7 3680 0
3126 6 4366 0
3127 8 4503 0
3128 6 1051 0
3129 9 2130 0
3130 8 3473 0
3131 5 1994 0
3132 3 3404 0
3133 9 2877 0
3134 3 4865 0
3135 4 4932 0
3136 6 1052 0
3137 4 2604 0
3138 8 4596 0
3139 7 317 0
3140 6 567 0
3141 6 2773 0
3142 5 35 0
3143 6 4866 0
3144 5 2660 0
3145 6 948 0
3146 5 2301 0
3147 5 1226 0
3148 6 2016 0
3149 8 4336 0
3150 2 964 0
3151 2 4089 0
3152 5 2635 0
3153 2 47 0
3154 7 1628 0
3155 4 1781 0
3156 7 4678 0
3157 5 3722 0
3158 6 2197 0
3159 3 2691 0
3160 6 2630 0
3161 5 215 0
3162 10 1526 0
3163 6 2817 0
3164 11 4521 0
3165 4 3275 0
3166 6 1379 0
3167 5 475 0
3168 4 3899 0
3169 3 2224 0
3170 5 1930 0
3171 8 4094 0
3172 7 2699 0
3173 10 4787 0
3174 7 1885 0
3175 5 1191 0
3176 8 2001 0
3177 7 112 0
3178 6 1924 0
3179 4 1904 0
3180 5 3857 0
3181 1 1235 0
3182 8 3762 0
3183 4 1188 0
3184 5 1927 0
3185 4 4739 0
3186 4 1532 0
3187 5 1085 0
3188 6 3258 0
3189 7 2294 0
3190 7 3327 0
3191 4 3062 0
3192 6 3625 0
3193 8 4562 0
3194 5 3146 0
3195 8 3235 0
3196 5 4657 0
3197 7 2427 0
3198 4 608 0
3199 10 4508 0
3200 8 3985 0
3201 6 3780 0
3202 7 2890 0
3203 7 1409 0
3204 4 359 0
3205 5 3096 0
3206 6 4032 0
3207 7 2647 0
3208 8 120 0
3209 2 2881 0
3210 3 2775 0
3211 4 1866 0
3212 7 4440 0
3213 7 4228 0
3214 5 217 0
3215 5 3008 0
3216 2 1444 0
3217 4 569 0
3218 6 94 0
3219 4 4760 0
3220 2 3177 0
3221 7 2071 0
3222 7 4747 0
3223 9 4380 0
3224 9 3814 0
3225 9 4509 0
3226 7 3403 0
3227 6 672 0
3228 9 4630 0
3229 5 3159 0
3230 5 2631 0
3231 4 2987 0
3232 7 3831 0
3233 2 2622 0
3234 5 4769 0
3235 5 1273 0
3236 6 2069 0
3237 5 1720 0
3238 9 3179 0
3239 4 1114 0
3240 7 4269 0
3241 9 1961 0
3242 8 1198 0
3243 5 4533 0
3244 6 52 0
3245 6 4353 0
3246 3 3952 0
3247 7 3069 0
3248 7 3167 0
3249 7 3851 0
3250 7 3380 0
3251 6 4718 0
3252 8 1987 0
3253 4 367 0
3254 6 2969 0
3255 4 4759 0
3256 5 2771 0
3257 5 4661 0
3258 2 3859 0
3259 7 3403 0
3260 8 3031 0
3261 7 657 0
3262 4 1370 0
3263 6 2058 0
3264 5 4744 0
3265 5 580 0
3266 3 3683 0
3267 6 565 0
3268 5 3608 0
3269 7 4606 0
3270 5 382 0
3271 6 3213 0
3272 9 4510 0
3273 4 4320 0
3274 6 1525 0
3275 7 2016 0
3276 6 4883 0
3277 3 1499 0
3278 3 2484 0
3279 7 1114 0
3280 9 3587 0
3281 7 1076 0
3282 7 4064 0
3283 10 4027 0
3284 8 3368 0
3285 3 318 0
3286 6 45 0
3287 2 2420 0
3288 2 480 0
3289 4 4222 0
3290 4 2226 0
3291 6 399 0
3292 5 4824 0
3293 5 1632 0
3294 5 4989 0
3295 5 2737 0
3296 10 4048 0
3297 5 1892 0
3298 5 4231 0
3299 5 2629 0
3300 6 3109 0
3301 4 3507 0
3302 4 4472 0
3303 5 1645 0
3304 4 1615 0
3305 6 4990 0
3306 5 2417 0
3307 3 2652 0
3308 5 2255 0
3309 7 563 0
3310 7 4275 0
3311 5 939 0
3312 6 4208 0
3313 0 1759 0
3314 5 1411 0
3315 6 1186 0
3316 4 4682 0
3317 7 1076 0
3318 6 2452 0
3319 7 4 0
3320 4 4193 0
3321 8 638 0
3322 6 3790 0
3323 6 245 0
3324 6 4911 0
3325 5 3704 0
3326 7 1597 0
3327 5 887 0
3328 3 4104 0
3329 7 3377 0
3330 5 2115 0
3331 7 25 0
3332 5 1183 0
3333 5 2268 0
3334 4 2746 0
3335 6 2439 0
3336 3 55 0
3337 8 259 0
3338 6 2327 0
3339 6 2397 0
3340 6 1880 0
3341 6 2702 0
3342 6 1535 0
3343 5 3558 0
3344 5 4372 0
3345 3 4622 0
3346 5 1042 0
3347 5 2587 0
3348 3 2872 0
3349 6 459 0
3350 7 3569 0
3351 5 1720 0
3352 4 3653 0
3353 5 1809 0
3354 9 3877 0
3355 6 54 0
3356 4 829 0
3357 6 732 0
3358 6 3408 0
3359 7 1454 0
3360 6 1653 0
3361 8 571 0
3362 3 3349 0
3363 5 2940 0
3364 1 3416 0
3365 2 2885 0
3366 4 4253 0
3367 7 761 0
3368 7 3940 0
3369 5 1133 0
3370 8 2146 0
3371 6 635 0
3372 5 724 0
3373 6 3232 0
3374 4 4714 0
3375 8 1506 0
3376 7 2864 0
3377 8 3003 0
3378 5 584 0
3379 4 4266 0
3380 4 1292 0
3381 6 1611 0
3382 10 4194 0
3383 7 4210 0
3384 3 4477 0
3385 5 980 0
3386 7 1232 0
3387 6 3562 0
3388 5 2676 0
3389 7 3661 0
3390 6 628 0
3391 3 364 0
3392 10 66 0
3393 4 511 0
3394 7 4216 0
3395 4 3349 0
3396 6 4862 0
3397 7 706 0
3398 10 1498 0
3399 6 2818 0
3400 6 329 0
3401 5 3966 0
3402 6 3932 0
3403 4 1261 0
3404 3 1858 0
3405 5 889 0
3406 7 3292 0
3407 4 705 0
3408 4 1728 0
3409 5 2286 0
3410 3 4246 0
3411 5 780 0
3412 6 3844 0
3413 6 3769 0
3414 7 4799 0
3415 6 1985 0
3416 6 3105 0
3417 5 3536 0
3418 7 804 0
3419 5 216 0
3420 2 4704 0
3421 5 4003 0
3422 5 4558 0
3423 6 1682 0
3424 9 2000 0
3425 7 3048 0
3426 6 2148 0
3427 5 4138 0
3428 6 1056 0
3429 8 1751 0
3430 8 3689 0
3431 6 171 0
3432 8 758 0
3433 4 1191 0
3434 7 3391 0
3435 4 1742 0
3436 2 3978 0
3437 4 3328 0
3438 2 2451 0
3439 6 3623 0
3440 4 390 0
3441 6 3093 0
3442 7 108 0
3443 6 4182 0
3444 2 4040 0
3445 6 3949 0
3446 9 416 0
3447 9 3478 0
3448 6 1450 0
3449 6 3856 0
3450 4 2028 0
3451 6 1515 0
3452 5 507 0
3453 6 3894 0
3454 4 3498 0
3455 8 2051 0
3456 6 911 0
3457 5 2648 0
3458 7 4630 0
3459 7 1863 0
3460 5 2342 0
3461 2 2473 0
3462 5 4137 0
3463 4 3902 0
3464 4 2396 0
3465 7 3260 0
3466 6 4832 0
3467 8 4824 0
3468 5 1874 0
3469 2 3739 0
3470 4 3150 0
3471 9 838 0
3472 2 392 0
3473 7 4793 0
3474 5 1493 0
3475 6 2165 0
3476 4 4155 0
3477 6 2996 0
3478 2 439 0
3479 8 2602 0
3480 4 2178 0
3481 3 681 0
3482 6 2786 0
3483 3 4412 0
3484 10 288 0
3485 6 4336 0
3486 4 65 0
3487 3 1863 0
3488 5 4319 0
3489 5 1670 0
3490 8 3076 0
3491 5 2790 0
3492 7 4205 0
3493 7 2115 0
3494 5 4911 0
3495 2 3509 0
3496 6 1623 0
3497 3 3487 0
3498 11 1557 0
3499 4 1883 0
3500 4 3268 0
3501 9 40 0
3502 4 3640 0
3503 6 1306 0
3504 6 3138 0
3505 7 1536 0
3506 5 1768 0
3507 12 2295 0
3508 8 3800 0
3509 4 3959 0
3510 4 769 0
3511 6 416 0
3512 7 650 0
3513 5 3188 0
3514 8 4436 0
3515 7 2531 0
3516 5 4355 0
3517 8 4263 0
3518 4 3052 0
3519 2 4666 0
3520 5 1377 0
3521 6 744 0
3522 6 4567 0
3523 6 2042 0
3524 5 2025 0
3525 4 2514 0
3526 1 2514 0
3527 7 527 0
3528 6 2826 0
3529 6 3938 0
3530 3 1828 0
3531 5 1005 0
3532 4 1866 0
3533 9 2196 0
3534 5 4155 0
3535 5 3457 0
3536 8 3071 0
3537 5 2464 0
3538 4 2514 0
3539 5 2006 0
3540 4 1094 0
3541 4 4459 0
3542 3 2097 0
3543 7 4443 0
3544 6 4503 0
3545 10 2803 0
3546 5 1557 0
3547 1 1893 0
3548 7 3931 0
3549 5 2148 0
3550 5 4922 0
3551 5 2513 0
3552 6 2394 0
3553 9 3860 0
3554 3 2147 0
3555 5 2664 0
3556 6 2357 0
3557 8 361 0
3558 6 4784 0
3559 4 4397 0
3560 7 3101 0
3561 6 2414 0
3562 4 4775 0
3563 8 4854 0
3564 7 4529 0
3565 4 4626 0
3566 5 3234 0
3567 5 4324 0
3568 6 4045 0
3569 7 936 0
3570 6 2695 0
3571 3 1398 0
3572 6 0 0
3573 8 1058 0
3574 5 2257 0
3575 7 4217 0
3576 0 4929 0
3577 9 3939 0
3578 8 4 0
3579 5 3774 0
3580 3 282 0
3581 6 1967 0
3582 5 2791 0
3583 4 2380 0
3584 8 1258 0
3585 5 683 0
3586 6 1717 0
3587 6 2808 0
3588 6 984 0
3589 5 4468 0
3590 4 2809 0
3591 4 1015 0
3592 6 4145 0
3593 5 1811 0
3594 4 1965 0
3595 4 1913 0
3596 7 874 0
3597 3 142 0
3598 10 3318 0
3599 4 3044 0
3600 4 1507 0
3601 5 129 0
3602 5 1059 0
3603 8 2816 0
3604 3 671 0
3605 7 1497 0
3606 4 1852 0
3607 6 3988 0
3608 7 1081 0
3609 6 4862 0
3610 6 4920 0
3611 4 1037 0
3612 10 1303 0
3613 6 1953 0
3614 6 2205 0
3615 7 346 0
3616 10 1895 0
3617 4 778 0
3618 4 1250 0
3619 5 784 0
3620 8 4676 0
3621 5 893 0
3622 9 2732 0
3623 2 4506 0
3624 7 1176 0
3625 8 3457 0
3626 6 1769 0
3627 9 157 0
3628 1 3443 0
3629 5 166 0
3630 6 4370 0
3631 2 4836 0
3632 4 1040 0
3633 5 1881 0
3634 8 1939 0
3635 4 876 0
3636 2 4604 0
3637 6 963 0
3638 3 1566 0
3639 6 1867 0
3640 6 1804 0
3641 3 857 0
3642 4 574 0
3643 6 129 0
3644 4 2223 0
3645 2 2530 0
3646 6 112 0
3647 9 1847 0
3648 6 3542 0
3649 9 3568 0
3650 5 2857 0
3651 7 672 0
3652 7 363 0
3653 4 820 0
3654 4 4784 0
3655 6 3034 0
3656 4 398 0
3657 4 350 0
3658 4 1484 0
3659 9 2102 0
3660 6 3065 0
3661 8 9 0
3662 8 1307 0
3663 3 73 0
3664 7 881 0
3665 3 4399 0
3666 3 322 0
3667 2 3401 0
3668 3 4443 0
3669 3 66 0
3670 3 3810 0
3671 7 808 0
3672 6 3667 0
3673 5 791 0
3674 3 3977 0
3675 10 2729 0
3676 7 4263 0
3677 6 926 0
3678 5 159 0
3679 6 3019 0
3680 6 4423 0
3681 3 4391 0
3682 8 789 0
3683 5 2710 0
3684 6 393 0
3685 7 873 0
3686 7 1032 0
3687 3 2529 0
3688 4 1919 0
3689 5 2976 0
3690 5 2104 0
3691 8 2149 0
3692 3 205 0
3693 6 2107 0
3694 8 2714 0
3695 4 2319 0
3696 7 172 0
3697 5 445 0
3698 5 2870 0
3699 9 34 0
3700 6 2774 0
3701 7 866 0
3702 6 2673 0
3703 6 3681 0
3704 4 1230 0
3705 6 507 0
3706 8 1229 0
3707 5 3903 0
3708 8 538 0
3709 7 3235 0
3710 7 2540 0
3711 8 1131 0
3712 7 849 0
3713 6 3414 0
3714 7 3900 0
3715 7 4810 0
3716 7 795 0
3717 2 268 0
3718 7 103 0
3719 2 2552 0
3720 4 913 0
3721 5 4950 0
3722 6 437 0
3723 9 4574 0
3724 8 3583 0
3725 3 539 0
3726 1 602 0
3727 5 2500 0
3728 9 1947 0
3729 8 362 0
3730 4 3056 0
3731 5 4683 0
3732 3 3557 0
3733 3 1245 0
3734 6 3693 0
3735 4 4681 0
3736 5 4426 0
3737 8 2729 0
3738 5 1988 0
3739 4 2854 0
3740 9 2157 0
3741 5 87 0
3742 8 1435 0
3743 2 3016 0
3744 1 1775 0
3745 9 3711 0
3746 6 4622 0
3747 7 773 0
3748 6 4227 0
3749 7 3045 0
3750 7 688 0
3751 7 4648 0
3752 2 3103 0
3753 4 4621 0
3754 5 1954 0
3755 7 1151 0
3756 3 1410 0
3757 6 3573 0
3758 5 3736 0
3759 7 4820 0
3760 6 2345 0
3761 4 4225 0
3762 6 962 0
3763 5 2920 0
3764 6 2883 0
3765 0 3868 0
3766 4 600 0
3767 6 2789 0
3768 4 3179 0
3769 5 4503 0
3770 8 4841 0
3771 2 986 0
3772 7 1513 0
3773 1 512 0
3774 5 4655 0
3775 6 4140 0
3776 4 2668 0
3777 3 97 0
3778 6 2743 0
3779 8 3032 0
3780 10 218 0
3781 8 129 0
3782 8 4928 0
3783 7 1195 0
3784 5 4849 0
3785 1 1974 0
3786 7 936 0
3787 3 488 0
3788 7 493 0
3789 4 4024 0
3790 2 4389 0
3791 7 2045 0
3792 4 1278 0
3793 4 2376 0
3794 4 2054 0
3795 5 579 0
3796 8 532 0
3797 4 2730 0
3798 5 4528 0
3799 6 2456 0
3800 7 3355 0
3801 11 2963 0
3802 6 2618 0
3803 8 4548 0
3804 5 1982 0
3805 9 3860 0
3806 0 3246 0
3807 7 4517 0
3808 4 3095 0
3809 4 2271 0
3810 8 1635 0
3811 7 2555 0
3812 4 3924 0
3813 4 4716 0
3814 6 2764 0
3815 5 1825 0
3816 3 3746 0
3817 2 4334 0
3818 6 4336 0
3819 4 2445 0
3820 8 3613 0
3821 3 1809 0
3822 6 2250 0
3823 7 2918 0
3824 8 3692 0
3825 4 3213 0
3826 3 4012 0
3827 7 3384 0
3828 5 1977 0
3829 7 1496 0
3830 5 4631 0
3831 6 2896 0
3832 5 1327 0
3833 6 1077 0
3834 7 3565 0
3835 6 3945 0
3836 5 3450 0
3837 10 1987 0
3838 5 3269 0
3839 5 4854 0
3840 6 3585 0
3841 6 2366 0
3842 6 1635 0
3843 2 1497 0
3844 7 239 0
3845 3 4832 0
3846 3 4624 0
3847 7 1395 0
3848 3 4926 0
3849 5 744 0
3850 5 2728 0
3851 8 1241 0
3852 7 4591 0
3853 5 947 0
3854 6 1424 0
3855 8 2442 0
3856 5 4473 0
3857 11 2947 0
3858 5 2118 0
3859 8 757 0
3860 5 2571 0
3861 5 4496 0
3862 6 529 0
3863 5 1528 0
3864 8 3035 0
3865 7 2455 0
3866 6 1788 0
3867 7 3782 0
3868 5 4384 0
3869 8 1720 0
3870 7 4572 0
3871 7 1611 0
3872 3 3440 0
3873 6 1836 0
3874 6 2981 0
3875 6 3198 0
3876 1 587 0
3877 3 729 0
3878 4 2843 0
3879 5 3347 0
3880 7 863 0
3881 4 66 0
3882 4 2263 0
3883 3 3289 0
3884 6 2376 0
3885 9 4806 0
3886 5 3690 0
3887 7 4259 0
3888 7 1720 0
3889 5 3400 0
3890 6 228 0
3891 2 3164 0
3892 5 3032 0
3893 8 1107 0
3894 5 4416 0
3895 11 2432 0
3896 4 2223 0
3897 6 3489 0
3898 5 2728 0
3899 5 3978 0
3900 9 4241 0
3901 2 419 0
3902 4 2421 0
3903 8 1074 0
3904 9 3083 0
3905 8 2326 0
3906 5 2319 0
3907 7 1532 0
3908 7 2958 0
3909 5 1136 0
3910 3 4386 0
3911 4 4002 0
3912 7 1584 0
3913 5 3731 0
3914 9 888 0
3915 5 527 0
3916 6 2059 0
3917 7 2782 0
3918 6 1328 0
3919 6 1574 0
3920 6 2977 0
3921 4 2312 0
3922 5 4117 0
3923 9 4033 0
3924 7 3295 0
3925 3 4028 0
3926 4 1430 0
3927 7 1766 0
3928 6 1584 0
3929 2 4956 0
3930 4 2081 0
3931 5 3330 0
3932 7 1872 0
3933 3 3734 0
3934 4 4586 0
3935 6 341 0
3936 2 2572 0
3937 4 1439 0
3938 1 4164 0
3939 9 1181 0
3940 6 1300 0
3941 8 1048 0
3942 5 1536 0
3943 2 1923 0
3944 5 2605 0
3945 8 3111 0
3946 8 706 0
3947 4 370 0
3948 5 1528 0
3949 6 1376 0
3950 4 1048 0
3951 7 1290 0
3952 6 4239 0
3953 7 4205 0
3954 8 967 0
3955 6 466 0
3956 5 3935 0
3957 8 1992 0
3958 1 1481 0
3959 9 3577 0
3960 6 4541 0
3961 7 3820 0
3962 5 4838 0
3963 2 1246 0
3964 6 3331 0
3965 2 4799 0
3966 5 858 0
3967 6 4664 0
3968 4 39 0
3969 8 1084 0
3970 12 4236 0
3971 9 1985 0
3972 5 3628 0
3973 7 2029 0
3974 8 4716 0
3975 5 3930 0
3976 2 544 0
3977 6 2732 0
3978 7 815 0
3979 7 1480 0
3980 5 881 0
3981 6 2141 0
3982 5 3316 0
3983 6 4124 0
3984 2 1719 0
3985 5 2725 0
3986 5 3278 0
3987 7 4916 0
3988 5 917 0
3989 5 2237 0
3990 7 4384 0
3991 4 4724 0
3992 8 862 0
3993 4 2137 0
3994 7 3275 0
3995 6 1181 0
3996 5 2289 0
3997 3 3993 0
3998 7 1452 0
3999 6 131 0
4000 5 3240 0
4001 6 1439 0
4002 9 1391 0
4003 7 3588 0
4004 3 3507 0
4005 7 819 0
4006 7 4864 0
4007 9 4444 0
4008 9 4443 0
4009 6 2040 0
4010 5 4513 0
4011 3 3938 0
4012 9 723 0
4013 6 1405 0
4014 6 3985 0
4015 8 2864 0
4016 7 3862 0
4017 6 4353 0
4018 2 4255 0
4019 6 1284 0
4020 6 3846 0
4021 6 4717 0
4022 6 1589 0
4023 4 570 0
4024 7 462 0
4025 3 3973 0
4026 10 778 0
4027 6 1843 0
4028 5 1255 0
4029 2 3856 0
4030 7 581 0
4031 7 1224 0
4032 4 4809 0
4033 7 1446 0
4034 8 812 0
4035 6 2662 0
4036 4 1746 0
4037 9 2952 0
4038 1 3476 0
4039 8 86 0
4040 5 2298 0
4041 6 4045 0
4042 5 1432 0
4043 6 2746 0
4044 4 658 0
4045 3 3678 0
4046 3 827 0
4047 7 2875 0
4048 6 3024 0
4049 8 4130 0
4050 3 3369 0
4051 5 1196 0
4052 5 135 0
4053 7 1685 0
4054 9 367 0
4055 5 2569 0
4056 6 1540 0
4057 6 4402 0
4058 7 3965 0
4059 7 687 0
4060 4 3350 0
4061 7 295 0
4062 4 1941 0
4063 5 4758 0
4064 5 1392 0
4065 7 2618 0
4066 9 3069 0
4067 3 1754 0
4068 4 3111 0
4069 5 684 0
4070 7 3722 0
4071 6 4355 0
4072 6 4662 0
4073 6 4015 0
4074 1 1649 0
4075 4 4771 0
4076 5 4589 0
4077 5 4298 0
4078 9 1133 0
4079 10 1164 0
4080 6 676 0
4081 4 4351 0
4082 6 815 0
4083 2 3917 0
4084 7 2292 0
4085 6 2239 0
4086 9 4976 0
4087 5 3220 0
4088 6 21 0
4089 6 4925 0
4090 8 1859 0
4091 7 40 0
4092 6 4795 0
4093 8 4287 0
4094 6 4743 0
4095 11 948 0
4096 7 3764 0
4097 4 3568 0
4098 8 1292 0
4099 3 2160 0
4100 7 194 0
4101 5 1569 0
4102 6 2597 0
4103 9 2551 0
4104 6 1078 0
4105 8 3776 0
4106 5 1523 0
4107 7 2504 0
4108 7 3468 0
4109 7 3446 0
4110 3 3953 0
4111 6 3933 0
4112 8 617 0
4113 4 1468 0
4114 7 2800 0
4115 7 2779 0
4116 6 306 0
4117 3 4628 0
4118 5 3682 0
4119 4 149 0
4120 6 3973 0
4121 8 4094 0
4122 4 3561 0
4123 8 2597 0
4124 9 1834 0
4125 5 1134 0
4126 6 3907 0
4127 5 4125 0
4128 7 2188 0
4129 4 3090 0
4130 6 4226 0
4131 7 1760 0
4132 7 2357 0
4133 8 3852 0
4134 7 3319 0
4135 5 1342 0
4136 7 4873 0
4137 7 3013 0
4138 6 1364 0
4139 5 391 0
4140 7 1890 0
4141 4 670 0
4142 7 3887 0
4143 10 4793 0
4144 5 3576 0
4145 4 800 0
4146 2 4065 0
4147 4 2740 0
4148 5 3808 0
4149 8 2403 0
4150 5 858 0
4151 7 780 0
4152 5 272 0
4153 7 1976 0
4154 6 2856 0
4155 6 3772 0
4156 7 940 0
4157 3 501 0
4158 4 4267 0
4159 4 3887 0
4160 4 2780 0
4161 10 2555 0
4162 6 3969 0
4163 3 2171 0
4164 3 4460 0
4165 6 131 0
4166 5 1420 0
4167 5 2662 0
4168 8 3666 0
4169 4 584 0
4170 5 3290 0
4171 7 4649 0
4172 3 2559 0
4173 2 3437 0
4174 8 2961 0
4175 5 3492 0
4176 5 3335 0
4177 3 2653 0
4178 4 1924 0
4179 8 2952 0
4180 3 961 0
4181 6 2622 0
4182 1 1391 0
4183 6 2413 0
4184 3 4595 0
4185 3 4629 0
4186 6 2739 0
4187 7 2486 0
4188 3 4128 0
4189 5 4112 0
4190 5 4391 0
4191 4 4731 0
4192 8 4360 0
4193 6 1921 0
4194 6 2390 0
4195 4 622 0
4196 6 4944 0
4197 6 824 0
4198 6 2857 0
4199 5 4612 0
4200 5 3294 0
4201 7 3293 0
4202 6 2505 0
4203 5 481 0
4204 7 3357 0
4205 7 3393 0
4206 5 1677 0
4207 7 4910 0
4208 4 3966 0
4209 6 698 0
4210 3 1697 0
4211 6 3557 0
4212 3 3319 0
4213 5 1790 0
4214 5 2677 0
4215 7 973 0
4216 9 4804 0
4217 5 4643 0
4218 6 297 0
4219 10 4936 0
4220 2 2094 0
4221 6 4218 0
4222 5 4384 0
4223 5 2516 0
4224 5 3471 0
4225 3 3392 0
4226 2 2426 0
4227 7 3718 0
4228 7 4791 0
4229 8 4889 0
4230 7 4749 0
4231 0 3975 0
4232 9 3550 0
4233 4 888 0
4234 6 1159 0
4235 5 2418 0
4236 10 4897 0
4237 6 137 0
4238 4 3957 0
4239 7 4054 0
4240 7 228 0
4241 5 579 0
4242 8 4157 0
4243 4 4028 0
4244 5 4234 0
4245 4 1422 0
4246 6 336 0
4247 7 2424 0
4248 4 585 0
4249 4 3523 0
4250 4 1584 0
4251 2 3911 0
4252 9 751 0
4253 6 180 0
4254 5 3063 0
4255 5 3850 0
4256 5 4184 0
4257 6 2310 0
4258 5 3219 0
4259 1 4507 0
4260 5 3159 0
4261 7 901 0
4262 5 3554 0
4263 3 3288 0
4264 5 1608 0
4265 3 143 0
4266 6 3177 0
4267 5 2324 0
4268 7 1443 0
4269 5 3031 0
4270 8 1856 0
4271 6 4732 0
4272 5 1336 0
4273 7 2734 0
4274 5 1856 0
4275 5 2676 0
4276 4 4860 0
4277 5 2169 0
4278 6 4532 0
4279 7 3448 0
4280 2 2533 0
4281 6 1574 0
4282 4 368 0
4283 3 4057 0
4284 6 3767 0
4285 7 4169 0
4286 4 4310 0
4287 5 3023 0
4288 7 3503 0
4289 4 415 0
4290 4 2236 0
4291 6 728 0
4292 4 272 0
4293 7 4605 0
4294 5 3216 0
4295 1 975 0
4296 5 2008 0
4297 5 2551 0
4298 3 1701 0
4299 5 2059 0
4300 6 4272 0
4301 4 1936 0
4302 5 83 0
4303 5 2773 0
4304 6 3703 0
4305 7 3551 0
4306 4 3266 0
4307 1 98 0
4308 7 4289 0
4309 5 1973 0
4310 8 75 0
4311 3 1710 0
4312 2 2391 0
4313 7 1698 0
4314 7 765 0
4315 9 2372 0
4316 3 2083 0
4317 3 4935 0
4318 5 3867 0
4319 3 2837 0
4320 7 826 0
4321 5 244 0
4322 6 4035 0
4323 7 1764 0
4324 5 3541 0
4325 6 4401 0
4326 3 3839 0
4327 6 484 0
4328 3 3411 0
4329 6 4486 0
4330 4 1559 0
4331 5 2680 0
4332 4 2679 0
4333 5 3465 0
4334 3 3750 0
4335 5 3313 0
4336 3 2020 0
4337 5 3632 0
4338 5 1458 0
4339 5 333 0
4340 3 2358 0
4341 4 822 0
4342 5 4992 0
4343 6 4455 0
4344 4 3278 0
4345 4 461 0
4346 7 3426 0
4347 6 4674 0
4348 3 1795 0
4349 9 1516 0
4350 6 723 0
4351 5 853 0
4352 5 70 0
4353 6 1571 0
4354 8 4316 0
4355 8 2683 0
4356 3 1124 0
4357 6 4908 0
4358 8 3832 0
4359 7 1484 0
4360 2 4509 0
4361 2 3107 0
4362 7 612 0
4363 0 3614 0
4364 4 3200 0
4365 4 4746 0
4366 9 1389 0
4367 2 2885 0
4368 2 4030 0
4369 7 1121 0
4370 7 4792 0
4371 4 4237 0
4372 5 3627 0
4373 3 3370 0
4374 3 495 0
4375 4 2484 0
4376 9 2299 0
4377 6 3550 0
4378 1 4841 0
4379 3 798 0
4380 6 1045 0
4381 5 1365 0
4382 7 4531 0
4383 5 3018 0
4384 11 2201 0
4385 7 1712 0
4386 3 1899 0
4387 5 1096 0
4388 5 3258 0
4389 8 3070 0
4390 5 487 0
4391 5 4651 0
4392 9 473 0
4393 5 2784 0
4394 5 1867 0
4395 6 1599 0
4396 7 390 0
4397 7 1796 0
4398 3 2648 0
4399 6 1405 0
4400 4 1954 0
4401 9 831 0
4402 4 638 0
4403 7 4026 0
4404 8 3912 0
4405 7 2511 0
4406 8 2232 0
4407 2 2259 0
4408 6 1360 0
4409 5 1901 0
4410 6 3266 0
4411 7 529 0
4412 7 4102 0
4413 5 1203 0
4414 7 1165 0
4415 4 3509 0
4416 7 632 0
4417 1 691 0
4418 3 735 0
4419 7 846 0
4420 0 3829 0
4421 5 3502 0
4422 4 275 0
4423 6 3501 0
4424 6 645 0
4425 7 3014 0
4426 6 3804 0
4427 6 381 0
4428 4 4928 0
4429 5 3458 0
4430 5 207 0
4431 3 2844 0
4432 3 1660 0
4433 4 3417 0
4434 5 1893 0
4435 10 4527 0
4436 7 3985 0
4437 4 1349 0
4438 7 760 0
4439 4 1121 0
4440 5 2440 0
4441 5 4728 0
4442 6 2501 0
4443 8 2068 0
4444 1 1602 0
4445 6 270 0
4446 7 360 0
4447 6 1900 0
4448 5 405 0
4449 2 2104 0
4450 9 2735 0
4451 5 1743 0
4452 4 1206 0
4453 4 4986 0
4454 4 1214 0
4455 8 26 0
4456 7 2260 0
4457 5 3771 0
4458 6 3411 0
4459 6 3410 0
4460 4 3974 0
4461 5 403 0
4462 7 226 0
4463 6 344 0
4464 4 1383 0
4465 7 1860 0
4466 10 3169 0
4467 8 2035 0
4468 6 1987 0
4469 7 436 0
4470 9 525 0
4471 7 2634 0
4472 6 3970 0
4473 2 3728 0
4474 4 2035 0
4475 5 3087 0
4476 6 1212 0
4477 8 1513 0
4478 4 2207 0
4479 7 1075 0
4480 4 1901 0
4481 3 270 0
4482 6 4638 0
4483 8 2589 0
4484 3 4002 0
4485 10 3937 0
4486 7 2175 0
4487 7 2348 0
4488 5 2896 0
4489 5 2364 0
4490 4 935 0
4491 5 2706 0
4492 9 801 0
4493 7 3714 0
4494 3 3088 0
4495 4 635 0
4496 5 4214 0
4497 5 4842 0
4498 6 889 0
4499 7 3503 0
4500 8 2406 0
4501 4 2578 0
4502 8 283 0
4503 7 699 0
4504 4 4389 0
4505 6 3380 0
4506 6 4509 0
4507 4 1833 0
4508 8 2391 0
4509 4 814 0
4510 3 502 0
4511 8 936 0
4512 6 1122 0
4513 8 1062 0
4514 4 668 0
4515 6 2484 0
4516 6 4405 0
4517 6 2910 0
4518 3 4718 0
4519 3 2995 0
4520 6 1304 0
4521 4 2351 0
4522 3 3042 0
4523 7 4907 0
4524 6 1294 0
4525 3 848 0
4526 3 3068 0
4527 6 3289 0
4528 6 2517 0
4529 3 4111 0
4530 7 1777 0
4531 8 2866 0
4532 3 3891 0
4533 0 321 0
4534 6 1485 0
4535 4 1552 0
4536 7 780 0
4537 8 990 0
4538 5 4324 0
4539 0 2187 0
4540 4 2046 0
4541 5 4637 0
4542 5 3386 0
4543 4 4106 0
4544 3 1883 0
4545 6 3306 0
4546 8 1077 0
4547 9 4007 0
4548 6 4955 0
4549 7 1862 0
4550 1 1265 0
4551 4 1530 0
4552 8 1283 0
4553 5 1896 0
4554 6 834 0
4555 4 4355 0
4556 8 4387 0
4557 7 3373 0
4558 3 4715 0
4559 2 337 0
4560 5 2678 0
4561 2 4105 0
4562 5 652 0
4563 5 2002 0
4564 2 4233 0
4565 6 1691 0
4566 7 1671 0
4567 2 2973 0
4568 5 3008 0
4569 8 3551 0
4570 4 229 0
4571 6 454 0
4572 3 2103 0
4573 4 4048 0
4574 8 644 0
4575 7 3861 0
4576 2 3872 0
4577 5 4824 0
4578 5 2261 0
4579 4 1603 0
4580 5 665 0
4581 5 4366 0
4582 7 3031 0
4583 7 2329 0
4584 4 611 0
4585 5 3303 0
4586 5 4282 0
4587 5 2268 0
4588 11 643 0
4589 6 1210 0
4590 4 1513 0
4591 9 2361 0
4592 5 418 0
4593 3 2404 0
4594 3 4809 0
4595 7 267 0
4596 4 1934 0
4597 5 4991 0
4598 7 1062 0
4599 8 1093 0
4600 6 2794 0
4601 7 2793 0
4602 7 3397 0
4603 3 1276 0
4604 2 4245 0
4605 2 3569 0
4606 6 3093 0
4607 8 3807 0
4608 5 1013 0
4609 9 934 0
4610 5 3601 0
4611 7 3554 0
4612 6 4184 0
4613 7 4321 0
4614 4 1899 0
4615 8 944 0
4616 6 4053 0
4617 6 858 0
4618 5 4540 0
4619 6 2276 0
4620 8 2782 0
4621 8 1247 0
4622 8 2903 0
4623 3 3785 0
4624 4 786 0
4625 7 4023 0
4626 2 1192 0
4627 5 1716 0
4628 8 4879 0
4629 5 1242 0
4630 5 2065 0
4631 4 4361 0
4632 9 2147 0
4633 3 341 0
4634 3 4654 0
4635 9 1768 0
4636 5 1596 0
4637 3 824 0
4638 10 3173 0
4639 4 4429 0
4640 8 690 0
4641 8 3145 0
4642 5 86 0
4643 4 4107 0
4644 5 3939 0
4645 6 4948 0
4646 4 2151 0
4647 5 4550 0
4648 6 3742 0
4649 7 2013 0
4650 6 2735 0
4651 4 4264 0
4652 2 94 0
4653 8 1834 0
4654 5 3652 0
4655 5 3727 0
4656 6 4676 0
4657 9 4944 0
4658 3 4631 0
4659 7 4413 0
4660 5 838 0
4661 5 352 0
4662 7 1042 0
4663 3 2419 0
4664 5 4323 0
4665 8 88 0
4666 6 1921 0
4667 6 1524 0
4668 6 302 0
4669 1 2036 0
4670 3 5 0
4671 12 4790 0
4672 6 519 0
4673 4 1210 0
4674 3 2887 0
4675 4 2993 0
4676 8 3255 0
4677 2 1678 0
4678 4 3294 0
4679 5 2610 0
4680 5 3751 0
4681 7 1689 0
4682 4 1545 0
4683 8 3139 0
4684 3 3854 0
4685 8 2379 0
4686 3 1954 0
4687 10 1477 0
4688 5 1483 0
4689 6 1305 0
4690 1 2864 0
4691 6 4619 0
4692 5 3904 0
4693 11 2870 0
4694 5 3446 0
4695 3 3525 0
4696 7 515 0
4697 4 3689 0
4698 3 1716 0
4699 6 299 0
4700 6 60 0
4701 8 1307 0
4702 7 944 0
4703 4 1758 0
4704 6 3267 0
4705 0 3927 0
4706 6 4729 0
4707 5 571 0
4708 5 2358 0
4709 5 270 0
4710 3 3314 0
4711 5 4707 0
4712 6 4378 0
4713 0 3016 0
4714 7 4102 0
4715 3 766 0
4716 4 2892 0
4717 2 2830 0
4718 4 1371 0
4719 5 1519 0
4720 7 4766 0
4721 3 578 0
4722 8 4388 0
4723 4 868 0
4724 7 91 0
4725 4 1980 0
4726 8 2752 0
4727 7 2300 0
4728 1 4879 0
4729 7 1140 0
4730 7 1294 0
4731 10 2575 0
4732 5 1789 0
4733 2 4090 0
4734 5 13 0
4735 7 236 0
4736 5 2272 0
4737 7 2843 0
4738 2 3946 0
4739 4 4481 0
4740 2 163 0
4741 3 3197 0
4742 5 1949 0
4743 3 1446 0
4744 5 1551 0
4745 8 583 0
4746 4 249 0
4747 3 110 0
4748 8 3146 0
4749 6 3158 0
4750 4 3121 0
4751 5 1826 0
4752 2 1465 0
4753 5 3754 0
4754 6 1302 0
4755 3 2066 0
4756 5 3955 0
4757 6 4615 0
4758 4 4116 0
4759 5 4222 0
4760 7 2357 0
4761 7 2407 0
4762 5 3802 0
4763 5 493 0
4764 5 1721 0
4765 4 2241 0
4766 6 2009 0
4767 8 4806 0
4768 6 3605 0
4769 3 1844 0
4770 4 2867 0
4771 8 3895 0
4772 3 1217 0
4773 9 2720 0
4774 6 3836 0
4775 5 3193 0
4776 6 4418 0
4777 5 2201 0
4778 4 1163 0
4779 5 3954 0
4780 4 4344 0
4781 8 3134 0
4782 6 3663 0
4783 9 2533 0
4784 5 3803 0
4785 4 4541 0
4786 6 2674 0
4787 4 323 0
4788 5 238 0
4789 2 4349 0
4790 7 1511 0
4791 9 1013 0
4792 4 412 0
4793 7 400 0
4794 5 4647 0
4795 5 704 0
4796 7 151 0
4797 5 988 0
4798 6 4828 0
4799 2 1839 0
4800 6 1489 0
4801 5 2379 0
4802 7 1433 0
4803 8 4255 0
4804 6 1161 0
4805 5 3225 0
4806 4 19 0
4807 8 1217 0
4808 8 4183 0
4809 3 2741 0
4810 9 4833 0
4811 6 4689 0
4812 4 106 0
4813 7 3021 0
4814 3 1496 0
4815 7 1857 0
4816 6 3019 0
4817 7 2012 0
4818 7 3494 0
4819 7 1491 0
4820 2 1796 0
4821 4 1917 0
4822 8 2025 0
4823 8 3373 0
4824 6 3659 0
4825 3 628 0
4826 2 2131 0
4827 5 3483 0
4828 5 1661 0
4829 5 4477 0
4830 4 708 0
4831 4 4307 0
4832 6 2398 0
4833 6 4880 0
4834 0 3246 0
4835 4 2376 0
4836 7 680 0
4837 6 1985 0
4838 6 926 0
4839 5 828 0
4840 1 669 0
4841 5 4064 0
4842 8 2939 0
4843 4 2396 0
4844 3 4086 0
4845 5 322 0
4846 8 2818 0
4847 7 1823 0
4848 4 1006 0
4849 5 572 0
4850 5 765 0
4851 4 591 0
4852 5 4674 0
4853 6 390 0
4854 7 1974 0
4855 3 385 0
4856 7 680 0
4857 3 4005 0
4858 4 3353 0
4859 4 2776 0
4860 5 904 0
4861 7 1913 0
4862 3 3312 0
4863 9 4229 0
4864 3 3044 0
4865 4 3795 0
4866 2 3525 0
4867 8 2947 0
4868 10 1017 0
4869 3 21 0
4870 7 4481 0
4871 4 590 0
4872 5 1573 0
4873 6 3675 0
4874 7 1964 0
4875 4 2667 0
4876 4 212 0
4877 5 1300 0
4878 3 3357 0
4879 8 4902 0
4880 9 3314 0
4881 7 667 0
4882 5 2825 0
4883 8 3702 0
4884 7 3151 0
4885 4 1326 0
4886 4 2683 0
4887 9 1954 0
4888 5 3642 0
4889 6 3826 0
4890 6 1083 0
4891 7 4659 0
4892 6 4378 0
4893 3 3648 0
4894 6 2074 0
4895 7 4292 0
4896 5 2781 0
4897 2 2558 0
4898 4 1849 0
4899 5 3530 0
4900 1 3068 0
4901 5 4924 0
4902 4 4440 0
4903 3 3017 0
4904 7 4137 0
4905 0 3723 0
4906 6 2176 0
4907 3 918 0
4908 9 4639 0
4909 6 1835 0
4910 4 284 0
4911 4 3477 0
4912 3 2265 0
4913 6 1061 0
4914 8 4858 0
4915 8 3907 0
4916 9 65 0
4917 10 1743 0
4918 4 2941 0
4919 2 4432 0
4920 6 3721 0
4921 5 271 0
4922 9 2307 0
4923 7 2942 0
4924 4 4412 0
4925 3 3423 0
4926 8 320 0
4927 3 2277 0
4928 5 4534 0
4929 6 2699 0
4930 3 4937 0
4931 5 1019 0
4932 7 885 0
4933 8 3202 0
4934 8 4923 0
4935 6 743 0
4936 8 2615 0
4937 5 4410 0
4938 5 4571 0
4939 4 2912 0
4940 5 4716 0
4941 7 119 0
4942 7 233 0
4943 3 1030 0
4944 2 3369 0
4945 8 1807 0
4946 3 1545 0
4947 2 3330 0
4948 4 3396 0
4949 6 625 0
4950 4 4168 0
4951 5 1758 0
4952 7 282 0
4953 5 4679 0
4954 4 4524 0
4955 4 1155 0
4956 4 3198 0
4957 2 591 0
4958 3 2725 0
4959 4 3358 0
4960 6 1442 0
4961 6 2969 0
4962 5 3263 0
4963 2 3758 0
4964 8 4485 0
4965 6 4359 0
4966 6 721 0
4967 6 126 0
4968 4 695 0
4969 4 460 0
4970 5 3127 0
4971 4 3244 0
4972 6 1600 0
4973 4 4503 0
4974 6 2297 0
4975 8 2955 0
4976 5 2710 0
4977 5 2898 0
4978 5 721 0
4979 6 4570 0
4980 9 2192 0
4981 5 1292 0
4982 3 1982 0
4983 3 4070 0
4984 4 704 0
4985 7 4228 0
4986 6 1022 0
4987 8 3386 0
4988 11 1498 0
4989 4 2786 0
4990 6 4515 0
4991 6 4884 0
4992 4 2834 0
4993 8 3851 0
4994 4 886 0
4995 7 3867 0
4996 4 3658 0
4997 3 4591 0
4998 5 2305 0
4999 9 474 0
5000 5 3457 0
