1 7 4699 0
2 7 546 0
3 4 3885 0
4 5 3173 0
5 5 3087 0
6 8 3021 0
7 6 98 0
8 4 839 0
9 4 1075 0
10 7 4563 0
11 4 4709 0
12 3 1699 0
13 11 1681 0
14 3 4750 0
15 8 700 0
16 4 2722 0
17 5 2548 0
18 4 834 0
19 5 4779 0
20 6 3651 0
21 5 1319 0
22 7 1551 0
23 4 2154 0
24 8 4814 0
25 6 3991 0
26 4 2540 0
27 3 2286 0
28 5 1390 0
29 5 4817 0
30 6 4339 0
31 1 117 0
32 5 977 0
33 5 4293 0
34 7 293 0
35 7 2211 0
36 5 2800 0
37 7 4059 0
38 7 1255 0
39 2 3392 0
40 6 275 0
41 5 1201 0
42 2 3792 0
43 5 1741 0
44 6 1653 0
45 4 3069 0
46 7 2234 0
47 6 4467 0
48 6 301 0
49 6 4773 0
50 4 2502 0
51 5 3372 0
52 3 4588 0
53 6 2997 0
54 7 4899 0
55 7 938 0
56 5 1119 0
57 4 2246 0
58 3 1467 0
59 4 230 0
60 7 3461 0
61 4 1027 0
62 9 3433 0
63 9 4715 0
64 6 4152 0
65 8 1817 0
66 0 919 0
67 5 3219 0
68 2 2996 0
69 7 1277 0
70 6 210 0
71 4 2117 0
72 3 3112 0
73 7 2764 0
74 9 957 0
75 7 2768 0
76 7 3470 0
77 2 3042 0
78 4 2612 0
79 6 3033 0
80 8 1582 0
81 3 4488 0
82 7 4356 0
83 6 3793 0
84 2 1076 0
85 7 1173 0
86 5 3711 0
87 6 663 0
88 1 1300 0
89 6 4118 0
90 8 418 0
91 7 2461 0
92 2 2470 0
93 4 3927 0
94 4 4845 0
95 3 1620 0
96 10 127 0
97 8 3653 0
98 6 4160 0
99 6 934 0
100 6 3662 0
101 5 2164 0
102 5 1268 0
103 5 4791 0
104 10 4812 0
105 6 29 0
106 10 4722 0
107 5 3246 0
108 4 30 0
109 6 2428 0
110 5 703 0
111 7 4021 0
112 3 829 0
113 8 4606 0
114 0 1077 0
115 4 1784 0
116 4 3849 0
117 0 2792 0
118 4 4944 0
119 7 1987 0
120 4 3649 0
121 5 3374 0
122 9 4303 0
123 8 3829 0
124 4 2007 0
125 2 141 0
126 10 322 0
127 6 3593 0
128 5 1443 0
129 6 2165 0
130 8 4416 0
131 2 922 0
132 8 4310 0
133 5 2523 0
134 7 2831 0
135 5 4753 0
136 4 324 0
137 4 4584 0
138 6 2215 0
139 6 3109 0
140 9 872 0
141 3 3990 0
142 3 316 0
143 7 1028 0
144 7 9 0
145 7 1756 0
146 6 626 0
147 4 4547 0
148 5 21 0
149 5 1372 0
150 6 2235 0
151 5 646 0
152 10 2930 0
153 4 1319 0
154 4 1190 0
155 9 4904 0
156 7 3026 0
157 7 2304 0
158 6 3597 0
159 6 4137 0
160 10 922 0
161 7 1938 0
162 7 48 0
163 4 4111 0
164 4 191 0
165 5 1027 0
166 8 3521 0
167 6 3642 0
168 4 733 0
169 5 3544 0
170 7 508 0
171 6 2141 0
172 7 2297 0
173 3 1163 0
174 3 4824 0
175 2 2614 0
176 6 3292 0
177 5 4439 0
178 7 1733 0
179 4 3222 0
180 2 2788 0
181 9 2860 0
182 9 40 0
183 7 2943 0
184 7 4637 0
185 6 1690 0
186 4 1541 0
187 7 3550 0
188 2 372 0
189 4 4285 0
190 6 1577 0
191 3 3479 0
192 4 1390 0
193 8 1006 0
194 1 1943 0
195 8 4213 0
196 2 3990 0
197 9 2726 0
198 4 2774 0
199 6 2939 0
200 5 2239 0
201 6 4765 0
202 9 3469 0
203 9 2170 0
204 4 2802 0
205 6 2437 0
206 7 1027 0
207 5 1199 0
208 4 78 0
209 7 4241 0
210 6 4997 0
211 3 1743 0
212 6 2961 0
213 5 2224 0
214 6 1246 0
215 3 1817 0
216 5 1417 0
217 3 2986 0
218 3 2154 0
219 5 1693 0
220 3 4927 0
221 12 1853 0
222 7 3486 0
223 4 4040 0
224 6 1424 0
225 6 2668 0
226 4 2070 0
227 8 3385 0
228 2 40 0
229 2 4911 0
230 4 231 0
231 4 1655 0
232 3 2262 0
233 5 4509 0
234 6 862 0
235 6 1771 0
236 2 1100 0
237 6 3482 0
238 4 2456 0
239 7 827 0
240 6 4363 0
241 6 4095 0
242 6 1136 0
243 5 1512 0
244 5 987 0
245 3 425 0
246 2 924 0
247 5 2589 0
248 4 272 0
249 7 419 0
250 7 3390 0
251 8 4697 0
252 6 1567 0
253 7 2011 0
254 5 1278 0
255 6 4156 0
256 6 912 0
257 3 1056 0
258 6 1013 0
259 7 1224 0
260 5 1916 0
261 3 2855 0
262 7 4994 0
263 3 2662 0
264 6 3180 0
265 5 38 0
266 4 3645 0
267 5 3523 0
268 7 158 0
269 4 1590 0
270 5 136 0
271 5 2540 0
272 5 2337 0
273 5 3178 0
274 6 4578 0
275 5 3141 0
276 9 232 0
277 8 4378 0
278 5 3765 0
279 7 965 0
280 5 2041 0
281 6 2883 0
282 5 1672 0
283 3 3677 0
284 5 4803 0
285 6 4164 0
286 8 344 0
287 5 2733 0
288 4 3858 0
289 4 4458 0
290 7 4995 0
291 6 2788 0
292 6 1393 0
293 7 2250 0
294 6 1489 0
295 7 235 0
296 3 1727 0
297 7 108 0
298 5 4217 0
299 6 2212 0
300 4 1865 0
301 7 3699 0
302 6 3137 0
303 3 4475 0
304 6 3190 0
305 6 2415 0
306 5 3854 0
307 5 4258 0
308 5 1646 0
309 4 4408 0
310 9 3252 0
311 9 1588 0
312 8 4519 0
313 6 4136 0
314 7 4977 0
315 5 1916 0
316 6 4206 0
317 8 4764 0
318 5 2734 0
319 5 4502 0
320 5 841 0
321 6 2932 0
322 5 2365 0
323 1 1747 0
324 7 755 0
325 8 868 0
326 3 2641 0
327 5 2306 0
328 8 1070 0
329 8 3056 0
330 3 156 0
331 5 1256 0
332 2 4029 0
333 6 4265 0
334 4 1952 0
335 6 4902 0
336 5 1682 0
337 5 3058 0
338 9 878 0
339 10 4839 0
340 1 1772 0
341 3 4514 0
342 7 4560 0
343 7 2908 0
344 4 1128 0
345 5 4646 0
346 8 3138 0
347 4 4178 0
348 6 1897 0
349 6 3682 0
350 6 3593 0
351 1 2347 0
352 5 1173 0
353 8 4980 0
354 6 2130 0
355 8 1809 0
356 7 1181 0
357 6 2064 0
358 4 1567 0
359 8 1030 0
360 5 4907 0
361 6 2432 0
362 5 1911 0
363 5 1702 0
364 6 748 0
365 5 3355 0
366 8 389 0
367 4 4235 0
368 6 4503 0
369 9 3738 0
370 5 1123 0
371 4 4894 0
372 6 4862 0
373 5 3025 0
374 4 226 0
375 4 794 0
376 3 1137 0
377 3 84 0
378 6 2580 0
379 4 3760 0
380 6 1322 0
381 5 3733 0
382 2 1646 0
383 1 4256 0
384 10 2431 0
385 6 3039 0
386 7 3363 0
387 8 951 0
388 7 999 0
389 8 1653 0
390 7 651 0
391 12 4013 0
392 4 2244 0
393 6 670 0
394 5 3878 0
395 9 4859 0
396 2 1509 0
397 5 3317 0
398 5 1450 0
399 9 3590 0
400 4 4487 0
401 5 1947 0
402 6 2215 0
403 9 676 0
404 5 4529 0
405 6 2309 0
406 7 1843 0
407 5 4329 0
408 8 4445 0
409 6 671 0
410 5 333 0
411 5 3851 0
412 11 4801 0
413 7 4581 0
414 3 2320 0
415 6 482 0
416 5 3887 0
417 6 1631 0
418 5 4017 0
419 5 2870 0
420 8 4165 0
421 4 3426 0
422 6 1672 0
423 7 444 0
424 2 105 0
425 8 152 0
426 5 3511 0
427 9 4804 0
428 3 4031 0
429 4 385 0
430 2 227 0
431 4 3862 0
432 8 2356 0
433 7 4076 0
434 7 2085 0
435 3 1797 0
436 2 4011 0
437 8 4831 0
438 6 4965 0
439 1 4236 0
440 6 1453 0
441 5 2572 0
442 8 1911 0
443 3 3307 0
444 5 2139 0
445 8 78 0
446 6 4840 0
447 3 4831 0
448 5 4096 0
449 4 3557 0
450 6 4523 0
451 10 1443 0
452 10 404 0
453 5 2547 0
454 5 795 0
455 5 3636 0
456 9 3842 0
457 5 4234 0
458 8 2111 0
459 4 3697 0
460 5 4314 0
461 7 3236 0
462 4 4109 0
463 4 2468 0
464 6 165 0
465 9 1646 0
466 5 2851 0
467 8 4027 0
468 2 3609 0
469 5 3947 0
470 3 1272 0
471 7 2179 0
472 5 3383 0
473 6 189 0
474 8 1029 0
475 9 2875 0
476 2 875 0
477 6 2467 0
478 8 1217 0
479 2 4652 0
480 3 3362 0
481 7 3361 0
482 6 34 0
483 10 4561 0
484 8 2613 0
485 5 1307 0
486 9 3603 0
487 6 665 0
488 3 2457 0
489 2 3501 0
490 4 2383 0
491 5 3032 0
492 10 536 0
493 3 4615 0
494 6 4283 0
495 8 2458 0
496 6 346 0
497 5 2848 0
498 5 1906 0
499 1 4749 0
500 3 4501 0
501 5 738 0
502 3 3612 0
503 0 4358 0
504 6 3809 0
505 8 2140 0
506 3 348 0
507 4 1105 0
508 7 1932 0
509 5 4662 0
510 6 1903 0
511 6 88 0
512 6 592 0
513 5 3254 0
514 6 3069 0
515 5 2832 0
516 10 4297 0
517 7 3649 0
518 0 3199 0
519 3 3804 0
520 2 4654 0
521 7 853 0
522 3 2611 0
523 7 2718 0
524 6 2031 0
525 3 3559 0
526 3 3079 0
527 8 3441 0
528 7 1722 0
529 8 1605 0
530 7 753 0
531 7 4467 0
532 4 1061 0
533 8 3855 0
534 7 3697 0
535 7 1672 0
536 3 4458 0
537 4 4666 0
538 4 3015 0
539 4 3844 0
540 5 81 0
541 7 4225 0
542 4 4751 0
543 4 1683 0
544 3 4271 0
545 8 1842 0
546 6 1657 0
547 3 2627 0
548 5 4093 0
549 6 464 0
550 5 3145 0
551 6 1135 0
552 7 4688 0
553 4 3950 0
554 4 1395 0
555 7 3747 0
556 2 4776 0
557 7 1423 0
558 5 2167 0
559 10 3900 0
560 6 2498 0
561 7 1642 0
562 4 2087 0
563 6 676 0
564 8 4423 0
565 5 4531 0
566 11 2301 0
567 9 4670 0
568 5 3156 0
569 7 4069 0
570 7 3284 0
571 6 3186 0
572 9 719 0
573 7 4893 0
574 6 1581 0
575 6 4823 0
576 8 1031 0
577 5 4201 0
578 6 1243 0
579 4 3008 0
580 7 991 0
581 5 2480 0
582 6 987 0
583 4 2810 0
584 5 777 0
585 7 4044 0
586 4 1009 0
587 5 346 0
588 6 2196 0
589 8 4110 0
590 6 2124 0
591 6 1018 0
592 4 373 0
593 3 3813 0
594 10 3139 0
595 9 779 0
596 5 1535 0
597 7 3631 0
598 7 3131 0
599 5 3608 0
600 4 2424 0
601 2 1435 0
602 8 2111 0
603 6 2162 0
604 1 691 0
605 7 4722 0
606 6 109 0
607 2 1881 0
608 7 3409 0
609 9 1379 0
610 4 524 0
611 5 435 0
612 3 1452 0
613 5 589 0
614 6 2700 0
615 0 60 0
616 9 1430 0
617 7 3588 0
618 5 981 0
619 5 3427 0
620 8 2801 0
621 6 3202 0
622 4 886 0
623 6 4758 0
624 5 394 0
625 3 4358 0
626 4 35 0
627 2 710 0
628 8 2057 0
629 5 2623 0
630 4 4477 0
631 6 3443 0
632 7 1204 0
633 8 3044 0
634 3 888 0
635 6 4294 0
636 6 3757 0
637 6 1956 0
638 6 4916 0
639 5 4442 0
640 10 3236 0
641 3 4456 0
642 7 3206 0
643 7 3924 0
644 3 4810 0
645 4 528 0
646 4 1182 0
647 5 940 0
648 6 787 0
649 4 2328 0
650 6 1137 0
651 7 2876 0
652 5 3553 0
653 5 1281 0
654 9 1743 0
655 6 1672 0
656 9 3746 0
657 8 3104 0
658 5 122 0
659 5 3286 0
660 4 2563 0
661 4 1897 0
662 6 4895 0
663 3 416 0
664 4 4752 0
665 3 1567 0
666 4 2714 0
667 4 1579 0
668 7 4276 0
669 7 2036 0
670 5 4325 0
671 10 57 0
672 6 207 0
673 6 362 0
674 3 1768 0
675 4 889 0
676 7 1140 0
677 5 4899 0
678 3 1844 0
679 5 4871 0
680 2 3076 0
681 7 3684 0
682 7 3091 0
683 9 172 0
684 6 2349 0
685 6 4014 0
686 6 4730 0
687 3 4790 0
688 4 2952 0
689 2 3815 0
690 5 4292 0
691 5 3154 0
692 7 3459 0
693 3 3446 0
694 5 1676 0
695 7 2624 0
696 2 1600 0
697 8 3328 0
698 6 521 0
699 6 4855 0
700 2 2071 0
701 6 4116 0
702 6 2034 0
703 6 2043 0
704 5 3954 0
705 9 3631 0
706 3 2016 0
707 2 106 0
708 5 4921 0
709 3 4143 0
710 10 300 0
711 5 1398 0
712 4 4990 0
713 7 4706 0
714 7 3704 0
715 6 4694 0
716 8 1376 0
717 4 3395 0
718 4 408 0
719 11 760 0
720 4 4487 0
721 8 1600 0
722 6 4351 0
723 6 4733 0
724 5 4286 0
725 4 2407 0
726 4 2943 0
727 4 589 0
728 3 1236 0
729 8 226 0
730 4 1625 0
731 8 4318 0
732 5 3820 0
733 5 3313 0
734 3 61 0
735 3 4646 0
736 4 4964 0
737 4 1275 0
738 7 4921 0
739 5 4810 0
740 3 686 0
741 7 4737 0
742 3 2397 0
743 10 2992 0
744 5 1549 0
745 4 4972 0
746 10 3172 0
747 11 970 0
748 4 2986 0
749 8 2581 0
750 9 3948 0
751 5 4451 0
752 4 3521 0
753 2 345 0
754 6 3492 0
755 7 2647 0
756 4 3245 0
757 5 424 0
758 6 4916 0
759 6 4989 0
760 2 4178 0
761 5 1092 0
762 4 1117 0
763 4 910 0
764 8 2183 0
765 7 1410 0
766 5 426 0
767 7 476 0
768 6 2278 0
769 5 2210 0
770 6 805 0
771 3 912 0
772 7 4780 0
773 9 3735 0
774 6 897 0
775 4 4688 0
776 5 3182 0
777 6 1733 0
778 4 2681 0
779 6 2099 0
780 3 1717 0
781 5 2394 0
782 7 3584 0
783 2 1666 0
784 4 889 0
785 3 2385 0
786 7 2380 0
787 8 2429 0
788 9 3951 0
789 4 3643 0
790 3 1784 0
791 6 3392 0
792 8 3320 0
793 3 3562 0
794 3 202 0
795 3 143 0
796 4 2881 0
797 7 4349 0
798 8 4232 0
799 3 2789 0
800 4 1499 0
801 2 4710 0
802 8 4408 0
803 4 3075 0
804 4 4262 0
805 6 1313 0
806 9 1874 0
807 4 1997 0
808 7 949 0
809 4 2177 0
810 4 519 0
811 4 1124 0
812 4 39 0
813 5 4361 0
814 6 4207 0
815 2 1837 0
816 6 3650 0
817 7 1238 0
818 7 135 0
819 6 6 0
820 6 54 0
821 10 4525 0
822 3 4774 0
823 9 3384 0
824 8 2580 0
825 4 1230 0
826 2 1071 0
827 3 534 0
828 4 584 0
829 4 2772 0
830 5 1559 0
831 2 1458 0
832 6 858 0
833 8 1002 0
834 2 875 0
835 8 2044 0
836 5 3555 0
837 7 72 0
838 4 4747 0
839 6 3410 0
840 2 4660 0
841 6 2734 0
842 5 673 0
843 5 265 0
844 7 4314 0
845 2 3264 0
846 5 4691 0
847 7 945 0
848 3 2031 0
849 3 4817 0
850 4 2481 0
851 5 2634 0
852 7 1187 0
853 2 4917 0
854 5 1676 0
855 6 2976 0
856 4 553 0
857 7 751 0
858 7 4543 0
859 10 841 0
860 4 1369 0
861 4 213 0
862 4 3217 0
863 10 584 0
864 2 3256 0
865 6 764 0
866 8 4605 0
867 8 1227 0
868 4 194 0
869 4 1885 0
870 7 4982 0
871 6 699 0
872 4 3244 0
873 5 4483 0
874 8 4650 0
875 5 376 0
876 6 4125 0
877 4 1249 0
878 4 2578 0
879 7 1953 0
880 5 4957 0
881 2 4948 0
882 7 755 0
883 6 814 0
884 5 4319 0
885 7 1118 0
886 7 1889 0
887 1 4846 0
888 7 1916 0
889 7 4291 0
890 7 3344 0
891 8 695 0
892 4 4257 0
893 4 4492 0
894 9 4358 0
895 4 2740 0
896 6 2388 0
897 4 928 0
898 6 4517 0
899 8 2842 0
900 4 1193 0
901 3 2574 0
902 7 583 0
903 3 2854 0
904 9 3865 0
905 3 1955 0
906 7 3925 0
907 1 1801 0
908 2 1999 0
909 6 1525 0
910 7 3296 0
911 2 301 0
912 5 2696 0
913 7 3899 0
914 4 912 0
915 7 4718 0
916 7 1120 0
917 6 4071 0
918 5 26 0
919 5 1914 0
920 5 2314 0
921 10 747 0
922 2 4620 0
923 4 2134 0
924 5 3364 0
925 8 3088 0
926 7 1743 0
927 4 3162 0
928 5 166 0
929 5 4464 0
930 6 4537 0
931 5 662 0
932 6 436 0
933 4 3599 0
934 4 3530 0
935 6 1725 0
936 6 3166 0
937 6 4763 0
938 2 306 0
939 4 2980 0
940 5 462 0
941 8 481 0
942 6 1950 0
943 6 4864 0
944 7 2273 0
945 7 4743 0
946 1 3032 0
947 4 2243 0
948 7 4882 0
949 8 666 0
950 5 4563 0
951 5 4613 0
952 5 1927 0
953 4 1438 0
954 5 2559 0
955 3 3622 0
956 3 2460 0
957 5 2713 0
958 7 2271 0
959 7 2142 0
960 2 447 0
961 8 2657 0
962 5 1924 0
963 4 4459 0
964 7 1189 0
965 6 3665 0
966 6 1117 0
967 6 2261 0
968 3 2312 0
969 4 3457 0
970 6 4446 0
971 5 2300 0
972 5 2750 0
973 8 512 0
974 7 1837 0
975 8 888 0
976 6 2047 0
977 7 3265 0
978 4 2607 0
979 4 3185 0
980 7 4572 0
981 5 605 0
982 5 122 0
983 7 799 0
984 5 3540 0
985 7 1645 0
986 6 3274 0
987 4 1440 0
988 4 4591 0
989 7 1114 0
990 4 3621 0
991 6 4674 0
992 5 456 0
993 6 175 0
994 5 1614 0
995 7 3914 0
996 6 4678 0
997 6 3471 0
998 6 484 0
999 7 2116 0
1000 5 2144 0
1001 7 4992 0
1002 2 1268 0
1003 6 2633 0
1004 6 3042 0
1005 5 4262 0
1006 7 2944 0
1007 5 1639 0
1008 7 1725 0
1009 6 641 0
1010 8 1924 0
1011 7 532 0
1012 4 3744 0
1013 4 4756 0
1014 5 4912 0
1015 8 360 0
1016 7 3026 0
1017 8 4539 0
1018 7 1977 0
1019 7 3436 0
1020 6 3401 0
1021 6 1590 0
1022 3 542 0
1023 8 107 0
1024 5 3661 0
1025 6 2398 0
1026 6 2756 0
1027 3 3495 0
1028 1 1987 0
1029 7 1023 0
1030 6 1268 0
1031 4 789 0
1032 8 2781 0
1033 4 3461 0
1034 2 1486 0
1035 6 4112 0
1036 7 3559 0
1037 5 1892 0
1038 6 28 0
1039 3 247 0
1040 7 824 0
1041 8 3397 0
1042 4 2196 0
1043 5 2030 0
1044 2 2053 0
1045 8 831 0
1046 4 2772 0
1047 4 3744 0
1048 7 3370 0
1049 4 3262 0
1050 6 3880 0
1051 5 1751 0
1052 2 1515 0
1053 2 4009 0
1054 7 4526 0
1055 4 3835 0
1056 8 4046 0
1057 2 3136 0
1058 8 4727 0
1059 6 602 0
1060 5 2483 0
1061 6 642 0
1062 4 14 0
1063 0 1173 0
1064 2 973 0
1065 8 3712 0
1066 4 3443 0
1067 8 168 0
1068 3 3969 0
1069 4 1456 0
1070 5 2157 0
1071 5 2128 0
1072 7 2078 0
1073 7 1196 0
1074 7 688 0
1075 7 334 0
1076 5 3166 0
1077 6 3362 0
1078 8 3389 0
1079 6 18 0
1080 1 37 0
1081 6 4695 0
1082 4 3667 0
1083 5 3495 0
1084 4 471 0
1085 5 43 0
1086 5 3372 0
1087 10 492 0
1088 3 4536 0
1089 6 20 0
1090 3 4131 0
1091 5 3086 0
1092 5 1679 0
1093 8 82 0
1094 5 3486 0
1095 7 216 0
1096 9 4051 0
1097 6 4286 0
1098 4 1035 0
1099 4 453 0
1100 5 4339 0
1101 5 588 0
1102 7 1530 0
1103 6 1612 0
1104 6 4833 0
1105 3 2210 0
1106 5 4296 0
1107 5 2590 0
1108 7 401 0
1109 6 1860 0
1110 3 4673 0
1111 3 3300 0
1112 4 3395 0
1113 3 1201 0
1114 5 3916 0
1115 2 2434 0
1116 7 2462 0
1117 5 3103 0
1118 3 2046 0
1119 8 4508 0
1120 9 227 0
1121 7 3306 0
1122 2 2104 0
1123 3 3767 0
1124 6 1915 0
1125 7 1353 0
1126 3 473 0
1127 5 1790 0
1128 7 497 0
1129 7 1307 0
1130 5 3771 0
1131 7 4417 0
1132 5 2832 0
1133 8 1376 0
1134 8 881 0
1135 3 657 0
1136 4 4706 0
1137 3 4644 0
1138 5 2815 0
1139 6 378 0
1140 6 4358 0
1141 1 1881 0
1142 3 2096 0
1143 4 3478 0
1144 7 4993 0
1145 10 2784 0
1146 6 4441 0
1147 4 3687 0
1148 7 2392 0
1149 4 3321 0
1150 6 2162 0
1151 5 2867 0
1152 7 3232 0
1153 5 2394 0
1154 1 3176 0
1155 3 4054 0
1156 7 1356 0
1157 5 2565 0
1158 2 1114 0
1159 4 290 0
1160 6 603 0
1161 6 1237 0
1162 3 4523 0
1163 4 3870 0
1164 3 3429 0
1165 3 299 0
1166 7 3634 0
1167 7 2000 0
1168 6 2117 0
1169 1 3307 0
1170 7 4897 0
1171 6 996 0
1172 7 4718 0
1173 6 653 0
1174 2 699 0
1175 4 3207 0
1176 2 319 0
1177 4 400 0
1178 4 1210 0
1179 5 3752 0
1180 7 4705 0
1181 3 2758 0
1182 5 4546 0
1183 7 981 0
1184 4 1400 0
1185 3 2076 0
1186 6 1356 0
1187 2 2662 0
1188 4 1250 0
1189 7 1229 0
1190 6 3815 0
1191 7 232 0
1192 5 3479 0
1193 5 889 0
1194 2 905 0
1195 6 712 0
1196 3 1223 0
1197 4 1705 0
1198 4 782 0
1199 6 2486 0
1200 8 2781 0
1201 4 4090 0
1202 5 2368 0
1203 5 3901 0
1204 6 2939 0
1205 8 2441 0
1206 8 1043 0
1207 5 1277 0
1208 4 4898 0
1209 0 4837 0
1210 4 2837 0
1211 5 1743 0
1212 6 1169 0
1213 6 2341 0
1214 7 4680 0
1215 6 3443 0
1216 3 2627 0
1217 5 1038 0
1218 7 678 0
1219 3 3414 0
1220 3 640 0
1221 7 4904 0
1222 5 3485 0
1223 4 1342 0
1224 6 768 0
1225 6 322 0
1226 6 1780 0
1227 9 2972 0
1228 3 1037 0
1229 6 4798 0
1230 6 1793 0
1231 4 2277 0
1232 3 2621 0
1233 4 2097 0
1234 3 2900 0
1235 5 151 0
1236 4 1320 0
1237 6 3625 0
1238 3 1279 0
1239 5 4001 0
1240 7 3816 0
1241 4 3049 0
1242 7 3348 0
1243 2 4263 0
1244 7 1774 0
1245 7 3169 0
1246 7 1948 0
1247 6 2664 0
1248 4 4921 0
1249 4 3980 0
1250 2 2067 0
1251 6 98 0
1252 7 2483 0
1253 5 2991 0
1254 5 120 0
1255 6 4988 0
1256 7 4534 0
1257 5 3880 0
1258 8 776 0
1259 5 944 0
1260 6 743 0
1261 10 3036 0
1262 4 2631 0
1263 3 3946 0
1264 3 2398 0
1265 7 4775 0
1266 6 1893 0
1267 3 871 0
1268 6 889 0
1269 7 785 0
1270 9 500 0
1271 6 1206 0
1272 8 476 0
1273 6 4179 0
1274 5 623 0
1275 7 1719 0
1276 5 3414 0
1277 7 3610 0
1278 6 1088 0
1279 5 4969 0
1280 8 3228 0
1281 3 2959 0
1282 4 382 0
1283 6 3088 0
1284 5 1187 0
1285 9 3647 0
1286 6 1638 0
1287 3 4347 0
1288 5 1114 0
1289 6 1291 0
1290 5 1193 0
1291 8 551 0
1292 7 2485 0
1293 7 4101 0
1294 4 761 0
1295 9 3937 0
1296 2 1345 0
1297 7 4386 0
1298 5 4406 0
1299 7 1480 0
1300 5 3454 0
1301 5 965 0
1302 6 2214 0
1303 4 2892 0
1304 3 1266 0
1305 3 1034 0
1306 1 4936 0
1307 9 176 0
1308 10 4933 0
1309 4 4943 0
1310 7 481 0
1311 6 2439 0
1312 5 4062 0
1313 5 3628 0
1314 5 904 0
1315 7 1006 0
1316 7 395 0
1317 1 954 0
1318 5 1066 0
1319 4 1940 0
1320 5 3331 0
1321 7 4538 0
1322 4 1517 0
1323 7 2393 0
1324 9 3556 0
1325 6 4050 0
1326 5 3103 0
1327 6 266 0
1328 10 89 0
1329 5 4188 0
1330 8 4158 0
1331 4 3709 0
1332 6 3485 0
1333 6 868 0
1334 6 2377 0
1335 7 4155 0
1336 6 497 0
1337 5 4015 0
1338 5 1770 0
1339 7 4167 0
1340 6 1802 0
1341 9 4829 0
1342 5 3353 0
1343 8 1701 0
1344 8 530 0
1345 5 4735 0
1346 9 277 0
1347 5 4212 0
1348 6 2905 0
1349 1 1633 0
1350 5 3225 0
1351 7 4814 0
1352 2 521 0
1353 6 1974 0
1354 7 4569 0
1355 8 4255 0
1356 5 2218 0
1357 4 3235 0
1358 4 4059 0
1359 3 790 0
1360 6 937 0
1361 4 2005 0
1362 7 3015 0
1363 5 1936 0
1364 7 2691 0
1365 4 2221 0
1366 4 2216 0
1367 10 2360 0
1368 6 2541 0
1369 8 2954 0
1370 7 3788 0
1371 7 3548 0
1372 5 891 0
1373 5 3969 0
1374 8 4153 0
1375 7 4418 0
1376 4 493 0
1377 8 2560 0
1378 7 3730 0
1379 5 3731 0
1380 5 3984 0
1381 9 1691 0
1382 6 3104 0
1383 8 2558 0
1384 4 411 0
1385 5 3300 0
1386 5 2939 0
1387 6 1994 0
1388 11 1038 0
1389 8 2077 0
1390 5 4406 0
1391 3 1672 0
1392 8 1308 0
1393 3 4739 0
1394 6 4537 0
1395 6 817 0
1396 7 1937 0
1397 6 1504 0
1398 7 1507 0
1399 6 539 0
1400 4 4997 0
1401 6 27 0
1402 7 4670 0
1403 5 2500 0
1404 5 4447 0
1405 4 4613 0
1406 6 3164 0
1407 5 1244 0
1408 4 4725 0
1409 6 3024 0
1410 6 4904 0
1411 4 2383 0
1412 0 1697 0
1413 5 1745 0
1414 6 3678 0
1415 7 75 0
1416 4 4264 0
1417 7 4924 0
1418 2 3688 0
1419 12 3214 0
1420 8 2467 0
1421 9 4500 0
1422 6 840 0
1423 10 1994 0
1424 4 2443 0
1425 3 4396 0
1426 6 4012 0
1427 7 1247 0
1428 5 464 0
1429 6 4559 0
1430 7 3442 0
1431 7 1202 0
1432 7 3922 0
1433 10 4744 0
1434 8 805 0
1435 5 3011 0
1436 2 211 0
1437 6 1509 0
1438 7 3701 0
1439 5 3723 0
1440 4 1109 0
1441 7 1060 0
1442 5 1167 0
1443 5 2066 0
1444 8 2519 0
1445 6 1186 0
1446 8 3757 0
1447 5 3241 0
1448 7 3580 0
1449 5 3848 0
1450 4 2125 0
1451 8 4319 0
1452 5 1836 0
1453 7 1498 0
1454 4 1572 0
1455 7 3939 0
1456 5 3979 0
1457 11 283 0
1458 3 1327 0
1459 7 4829 0
1460 7 1679 0
1461 5 2762 0
1462 5 4499 0
1463 9 4191 0
1464 6 4472 0
1465 4 3674 0
1466 11 2911 0
1467 5 493 0
1468 7 696 0
1469 6 2039 0
1470 8 4740 0
1471 7 2324 0
1472 3 3021 0
1473 8 3637 0
1474 10 2862 0
1475 4 2160 0
1476 5 4438 0
1477 5 2033 0
1478 3 3925 0
1479 5 2188 0
1480 7 439 0
1481 4 2389 0
1482 6 2816 0
1483 3 4575 0
1484 6 4150 0
1485 7 938 0
1486 3 4497 0
1487 6 4534 0
1488 1 4516 0
1489 9 1447 0
1490 6 1193 0
1491 8 3906 0
1492 5 2949 0
1493 4 4281 0
1494 4 4280 0
1495 2 3168 0
1496 5 1064 0
1497 3 4163 0
1498 6 2484 0
1499 5 2895 0
1500 4 1391 0
1501 8 3326 0
1502 3 4238 0
1503 5 4374 0
1504 7 1298 0
1505 5 4052 0
1506 2 3770 0
1507 7 548 0
1508 4 1011 0
1509 8 2874 0
1510 7 2830 0
1511 9 2104 0
1512 6 1269 0
1513 6 1144 0
1514 8 911 0
1515 3 3978 0
1516 5 2005 0
1517 5 3642 0
1518 6 1902 0
1519 8 4460 0
1520 1 4588 0
1521 4 2714 0
1522 4 999 0
1523 2 1887 0
1524 3 1117 0
1525 3 4591 0
1526 5 3062 0
1527 1 3783 0
1528 5 2163 0
1529 6 4730 0
1530 7 3223 0
1531 6 1527 0
1532 2 1714 0
1533 3 2568 0
1534 6 1088 0
1535 6 2285 0
1536 10 2181 0
1537 7 3836 0
1538 5 475 0
1539 8 4475 0
1540 6 1738 0
1541 8 4621 0
1542 8 3695 0
1543 5 348 0
1544 3 353 0
1545 7 1963 0
1546 6 386 0
1547 6 480 0
1548 8 848 0
1549 9 3118 0
1550 4 2270 0
1551 2 4009 0
1552 10 3569 0
1553 5 3188 0
1554 5 3017 0
1555 7 4680 0
1556 4 146 0
1557 4 4537 0
1558 6 3480 0
1559 9 2113 0
1560 5 3258 0
1561 3 4549 0
1562 7 3003 0
1563 5 1976 0
1564 5 1551 0
1565 7 4951 0
1566 7 2472 0
1567 8 205 0
1568 8 645 0
1569 3 762 0
1570 9 2141 0
1571 4 3580 0
1572 5 3551 0
1573 4 3594 0
1574 7 2475 0
1575 7 2413 0
1576 5 2092 0
1577 6 2879 0
1578 6 2254 0
1579 5 55 0
1580 5 3172 0
1581 3 1766 0
1582 4 3885 0
1583 6 1985 0
1584 6 513 0
1585 2 576 0
1586 3 1374 0
1587 6 32 0
1588 4 2980 0
1589 5 1725 0
1590 1 2605 0
1591 6 4136 0
1592 6 2443 0
1593 1 4934 0
1594 3 4580 0
1595 2 623 0
1596 7 3488 0
1597 5 127 0
1598 6 2073 0
1599 7 1389 0
1600 7 4958 0
1601 6 3516 0
1602 1 1712 0
1603 7 4442 0
1604 6 3336 0
1605 3 3988 0
1606 5 1831 0
1607 9 127 0
1608 3 109 0
1609 6 1184 0
1610 7 4069 0
1611 9 575 0
1612 7 3762 0
1613 9 3599 0
1614 8 759 0
1615 6 379 0
1616 6 2173 0
1617 6 418 0
1618 7 3667 0
1619 8 1508 0
1620 4 4237 0
1621 6 613 0
1622 4 1731 0
1623 5 920 0
1624 4 3152 0
1625 4 4758 0
1626 6 4467 0
1627 6 4506 0
1628 5 4043 0
1629 7 1083 0
1630 6 672 0
1631 5 1308 0
1632 4 518 0
1633 5 421 0
1634 5 3566 0
1635 7 355 0
1636 6 2016 0
1637 7 1175 0
1638 5 1705 0
1639 7 1992 0
1640 5 1581 0
1641 9 3319 0
1642 1 2869 0
1643 7 1778 0
1644 9 2465 0
1645 7 2915 0
1646 7 4230 0
1647 7 2290 0
1648 7 356 0
1649 6 661 0
1650 5 195 0
1651 8 4709 0
1652 6 4159 0
1653 6 1498 0
1654 7 4594 0
1655 10 302 0
1656 2 4542 0
1657 6 3216 0
1658 6 4848 0
1659 3 3293 0
1660 8 368 0
1661 3 4904 0
1662 4 997 0
1663 7 2793 0
1664 8 4292 0
1665 4 3763 0
1666 5 808 0
1667 8 2807 0
1668 8 3999 0
1669 6 2718 0
1670 3 2358 0
1671 7 4018 0
1672 9 4723 0
1673 6 220 0
1674 4 1869 0
1675 3 4128 0
1676 5 384 0
1677 7 1915 0
1678 5 382 0
1679 1 3486 0
1680 6 3335 0
1681 4 514 0
1682 5 1961 0
1683 6 1662 0
1684 6 355 0
1685 8 3851 0
1686 4 1236 0
1687 1 1336 0
1688 7 1179 0
1689 13 4713 0
1690 2 1392 0
1691 5 2522 0
1692 2 3989 0
1693 9 2595 0
1694 5 3251 0
1695 3 965 0
1696 7 730 0
1697 5 1406 0
1698 6 658 0
1699 7 478 0
1700 5 1387 0
1701 9 4951 0
1702 4 2741 0
1703 6 3673 0
1704 3 3709 0
1705 6 1454 0
1706 2 838 0
1707 6 503 0
1708 6 565 0
1709 4 3855 0
1710 3 4588 0
1711 11 559 0
1712 4 2355 0
1713 1 1757 0
1714 6 3762 0
1715 7 1215 0
1716 10 4264 0
1717 6 1038 0
1718 7 2840 0
1719 6 2555 0
1720 5 1262 0
1721 8 4786 0
1722 3 1065 0
1723 5 2561 0
1724 3 467 0
1725 9 3283 0
1726 7 2 0
1727 5 2670 0
1728 6 3726 0
1729 5 3823 0
1730 7 4492 0
1731 3 1 0
1732 1 486 0
1733 6 182 0
1734 6 3719 0
1735 4 3372 0
1736 3 4003 0
1737 7 345 0
1738 4 1215 0
1739 5 2922 0
1740 5 868 0
1741 6 1410 0
1742 6 4854 0
1743 9 923 0
1744 5 1672 0
1745 6 4574 0
1746 4 1496 0
1747 5 1535 0
1748 5 3781 0
1749 3 4433 0
1750 6 875 0
1751 5 3250 0
1752 2 3346 0
1753 5 468 0
1754 8 965 0
1755 7 3587 0
1756 3 1305 0
1757 4 474 0
1758 7 998 0
1759 7 4739 0
1760 2 379 0
1761 7 2137 0
1762 7 2051 0
1763 4 2253 0
1764 7 2534 0
1765 6 4411 0
1766 6 1765 0
1767 6 3358 0
1768 2 1055 0
1769 5 1974 0
1770 6 2924 0
1771 7 178 0
1772 3 401 0
1773 6 3534 0
1774 6 3294 0
1775 5 2988 0
1776 8 1697 0
1777 6 3900 0
1778 6 175 0
1779 6 1713 0
1780 3 4193 0
1781 6 4869 0
1782 6 592 0
1783 5 965 0
1784 4 4297 0
1785 8 1828 0
1786 8 4940 0
1787 11 3568 0
1788 3 4421 0
1789 6 4701 0
1790 8 992 0
1791 5 3197 0
1792 4 1796 0
1793 9 2974 0
1794 9 2469 0
1795 5 2765 0
1796 5 915 0
1797 5 1858 0
1798 2 4067 0
1799 2 1445 0
1800 5 3753 0
1801 8 2930 0
1802 6 4689 0
1803 5 3808 0
1804 5 661 0
1805 5 2736 0
1806 2 2755 0
1807 7 141 0
1808 4 1629 0
1809 4 3721 0
1810 6 4570 0
1811 3 3136 0
1812 4 769 0
1813 5 3182 0
1814 9 3007 0
1815 4 148 0
1816 4 3151 0
1817 5 3811 0
1818 8 4768 0
1819 4 1843 0
1820 5 1990 0
1821 3 1038 0
1822 5 288 0
1823 4 2629 0
1824 2 4081 0
1825 7 2941 0
1826 6 1072 0
1827 5 3732 0
1828 6 1706 0
1829 1 171 0
1830 7 1585 0
1831 2 1000 0
1832 3 1479 0
1833 6 3284 0
1834 1 3203 0
1835 4 223 0
1836 9 179 0
1837 4 4392 0
1838 4 4673 0
1839 7 4089 0
1840 8 3050 0
1841 6 965 0
1842 5 1256 0
1843 3 290 0
1844 5 2682 0
1845 9 828 0
1846 8 4565 0
1847 8 4739 0
1848 6 1713 0
1849 4 101 0
1850 5 2006 0
1851 2 3052 0
1852 6 2818 0
1853 5 4476 0
1854 7 976 0
1855 4 2373 0
1856 4 2634 0
1857 4 2642 0
1858 5 713 0
1859 9 4968 0
1860 8 3100 0
1861 5 4192 0
1862 6 538 0
1863 8 244 0
1864 3 1051 0
1865 6 68 0
1866 5 2827 0
1867 7 1411 0
1868 4 4820 0
1869 5 1663 0
1870 2 182 0
1871 5 3667 0
1872 5 3902 0
1873 4 4925 0
1874 5 623 0
1875 3 4091 0
1876 5 3747 0
1877 7 772 0
1878 6 1095 0
1879 3 3222 0
1880 4 2946 0
1881 5 353 0
1882 3 1766 0
1883 5 304 0
1884 6 566 0
1885 2 3087 0
1886 4 3856 0
1887 4 4338 0
1888 2 288 0
1889 1 447 0
1890 4 2034 0
1891 7 2817 0
1892 2 1970 0
1893 3 127 0
1894 1 1342 0
1895 2 1763 0
1896 5 2897 0
1897 3 4725 0
1898 6 4333 0
1899 8 2023 0
1900 5 4020 0
1901 6 4997 0
1902 4 921 0
1903 5 2924 0
1904 3 4202 0
1905 6 2901 0
1906 2 706 0
1907 4 4120 0
1908 8 2542 0
1909 7 2076 0
1910 5 2991 0
1911 6 3445 0
1912 5 3215 0
1913 3 1913 0
1914 2 3546 0
1915 8 3670 0
1916 3 220 0
1917 3 4865 0
1918 5 2612 0
1919 7 517 0
1920 9 2219 0
1921 5 3055 0
1922 7 3584 0
1923 6 2007 0
1924 6 1787 0
1925 5 2795 0
1926 6 759 0
1927 7 2534 0
1928 7 3491 0
1929 5 4054 0
1930 7 128 0
1931 8 2878 0
1932 8 3594 0
1933 7 555 0
1934 5 1690 0
1935 4 1881 0
1936 4 1783 0
1937 5 2205 0
1938 7 2728 0
1939 3 4352 0
1940 6 2925 0
1941 7 2267 0
1942 6 2132 0
1943 5 2802 0
1944 3 3148 0
1945 5 3522 0
1946 5 1102 0
1947 10 3601 0
1948 4 4827 0
1949 6 4369 0
1950 3 3157 0
1951 5 499 0
1952 8 1892 0
1953 7 1512 0
1954 6 4916 0
1955 3 4602 0
1956 7 3891 0
1957 5 1299 0
1958 8 3445 0
1959 4 1229 0
1960 9 1592 0
1961 4 1907 0
1962 4 786 0
1963 2 2525 0
1964 6 899 0
1965 5 4966 0
1966 4 3145 0
1967 0 904 0
1968 13 2987 0
1969 6 4636 0
1970 4 3945 0
1971 6 1981 0
1972 4 510 0
1973 6 1309 0
1974 6 2227 0
1975 6 4122 0
1976 7 1574 0
1977 3 311 0
1978 8 4638 0
1979 6 2641 0
1980 7 2594 0
1981 6 1973 0
1982 7 2123 0
1983 5 1432 0
1984 4 1781 0
1985 3 2885 0
1986 7 4285 0
1987 6 2401 0
1988 4 799 0
1989 7 2411 0
1990 5 3523 0
1991 5 413 0
1992 7 1752 0
1993 6 1560 0
1994 5 2451 0
1995 6 3991 0
1996 2 4489 0
1997 4 549 0
1998 8 3901 0
1999 7 28 0
2000 6 3864 0
2001 7 4679 0
2002 2 2589 0
2003 7 2677 0
2004 7 1236 0
2005 6 3749 0
2006 10 799 0
2007 7 2369 0
2008 6 1102 0
2009 5 4348 0
2010 6 2805 0
2011 9 2892 0
2012 2 3957 0
2013 7 2218 0
2014 5 858 0
2015 5 2658 0
2016 8 4099 0
2017 7 3731 0
2018 9 3427 0
2019 5 3268 0
2020 3 1357 0
2021 10 3990 0
2022 8 710 0
2023 2 4650 0
2024 5 176 0
2025 6 947 0
2026 2 650 0
2027 6 195 0
2028 5 907 0
2029 6 978 0
2030 3 2917 0
2031 5 4291 0
2032 5 2142 0
2033 3 839 0
2034 5 4461 0
2035 5 376 0
2036 5 2042 0
2037 4 866 0
2038 3 24 0
2039 3 4025 0
2040 5 4127 0
2041 7 2530 0
2042 8 4224 0
2043 6 4056 0
2044 10 1133 0
2045 5 572 0
2046 4 383 0
2047 2 3224 0
2048 6 2441 0
2049 6 1306 0
2050 2 2814 0
2051 5 530 0
2052 2 1232 0
2053 5 3221 0
2054 7 4379 0
2055 9 4347 0
2056 5 1970 0
2057 6 2177 0
2058 3 4947 0
2059 7 3952 0
2060 4 3454 0
2061 7 1649 0
2062 5 2054 0
2063 6 387 0
2064 8 3661 0
2065 6 676 0
2066 6 1181 0
2067 7 1828 0
2068 8 797 0
2069 6 3282 0
2070 6 2830 0
2071 5 2655 0
2072 5 3330 0
2073 5 758 0
2074 5 1918 0
2075 7 1093 0
2076 6 4619 0
2077 6 3825 0
2078 4 2757 0
2079 9 168 0
2080 4 2626 0
2081 8 4256 0
2082 5 47 0
2083 5 4618 0
2084 5 1812 0
2085 7 4455 0
2086 2 1435 0
2087 4 1653 0
2088 6 2186 0
2089 9 52 0
2090 8 170 0
2091 6 4842 0
2092 1 3848 0
2093 7 4412 0
2094 9 4796 0
2095 6 4327 0
2096 11 4576 0
2097 3 2220 0
2098 4 4627 0
2099 4 4258 0
2100 2 2246 0
2101 4 3460 0
2102 7 1122 0
2103 3 1142 0
2104 4 3970 0
2105 4 1162 0
2106 6 2520 0
2107 9 100 0
2108 6 3093 0
2109 6 848 0
2110 5 4226 0
2111 8 1610 0
2112 4 2423 0
2113 4 1689 0
2114 4 507 0
2115 7 2507 0
2116 6 941 0
2117 2 1533 0
2118 5 3015 0
2119 5 4872 0
2120 5 4109 0
2121 4 3620 0
2122 10 2785 0
2123 3 1582 0
2124 6 4411 0
2125 8 4050 0
2126 6 479 0
2127 8 4567 0
2128 6 1467 0
2129 7 4314 0
2130 2 4091 0
2131 9 4045 0
2132 6 4229 0
2133 6 4870 0
2134 6 3870 0
2135 1 4323 0
2136 7 1191 0
2137 5 421 0
2138 6 3300 0
2139 7 111 0
2140 5 219 0
2141 3 360 0
2142 4 819 0
2143 8 3130 0
2144 3 1468 0
2145 3 4532 0
2146 6 4664 0
2147 5 3604 0
2148 6 4268 0
2149 2 4579 0
2150 3 2958 0
2151 6 3252 0
2152 8 4187 0
2153 3 2083 0
2154 7 757 0
2155 1 4118 0
2156 8 3291 0
2157 4 1269 0
2158 5 1105 0
2159 4 4934 0
2160 7 164 0
2161 8 349 0
2162 3 4020 0
2163 8 3525 0
2164 6 4912 0
2165 6 4196 0
2166 7 4391 0
2167 2 4525 0
2168 3 3223 0
2169 5 3570 0
2170 3 3544 0
2171 7 3330 0
2172 7 4904 0
2173 3 4792 0
2174 3 321 0
2175 5 3636 0
2176 4 2526 0
2177 5 2666 0
2178 4 2319 0
2179 4 4144 0
2180 6 2135 0
2181 5 1040 0
2182 6 3985 0
2183 5 1410 0
2184 9 351 0
2185 5 3605 0
2186 1 276 0
2187 5 1158 0
2188 7 1251 0
2189 5 2342 0
2190 7 2862 0
2191 6 1567 0
2192 9 3890 0
2193 7 1101 0
2194 6 1144 0
2195 5 1721 0
2196 5 3295 0
2197 4 4222 0
2198 4 1538 0
2199 6 4556 0
2200 5 3179 0
2201 4 4573 0
2202 6 4848 0
2203 5 3426 0
2204 7 3313 0
2205 6 3740 0
2206 5 1211 0
2207 7 2731 0
2208 8 177 0
2209 6 4265 0
2210 4 24 0
2211 7 4127 0
2212 5 1695 0
2213 5 2358 0
2214 7 2833 0
2215 7 3244 0
2216 7 1371 0
2217 1 3317 0
2218 3 347 0
2219 3 1887 0
2220 9 4769 0
2221 4 668 0
2222 3 1025 0
2223 3 11 0
2224 4 1492 0
2225 6 4870 0
2226 6 537 0
2227 6 1250 0
2228 5 501 0
2229 4 1852 0
2230 6 3173 0
2231 7 3723 0
2232 6 3403 0
2233 6 4166 0
2234 7 2199 0
2235 5 173 0
2236 4 4744 0
2237 7 985 0
2238 3 655 0
2239 5 646 0
2240 7 3296 0
2241 9 2711 0
2242 7 3315 0
2243 3 2835 0
2244 4 3978 0
2245 7 4776 0
2246 1 3518 0
2247 4 1317 0
2248 9 3475 0
2249 8 4941 0
2250 8 3937 0
2251 11 1715 0
2252 6 3185 0
2253 7 3489 0
2254 5 4134 0
2255 9 3956 0
2256 2 3208 0
2257 4 1790 0
2258 6 3576 0
2259 4 1502 0
2260 6 2493 0
2261 5 867 0
2262 4 3724 0
2263 4 3540 0
2264 5 370 0
2265 5 641 0
2266 5 2321 0
2267 8 2938 0
2268 8 4407 0
2269 5 4477 0
2270 3 4852 0
2271 4 1982 0
2272 4 1448 0
2273 3 2584 0
2274 4 3359 0
2275 2 1238 0
2276 4 1448 0
2277 8 1939 0
2278 6 3633 0
2279 4 4542 0
2280 4 1466 0
2281 7 1536 0
2282 6 783 0
2283 5 2353 0
2284 5 18 0
2285 7 948 0
2286 4 709 0
2287 5 3495 0
2288 9 306 0
2289 9 857 0
2290 5 153 0
2291 6 3653 0
2292 1 2017 0
2293 10 445 0
2294 5 76 0
2295 4 2149 0
2296 4 3141 0
2297 6 3696 0
2298 4 2181 0
2299 6 1996 0
2300 7 3805 0
2301 4 4330 0
2302 3 4059 0
2303 5 3874 0
2304 3 3670 0
2305 4 3389 0
2306 5 4626 0
2307 5 3260 0
2308 6 2173 0
2309 8 2667 0
2310 8 657 0
2311 6 2833 0
2312 9 3127 0
2313 6 3303 0
2314 4 4092 0
2315 8 3392 0
2316 0 4080 0
2317 4 1904 0
2318 7 3415 0
2319 2 1559 0
2320 4 3730 0
2321 5 4506 0
2322 1 2954 0
2323 7 1261 0
2324 4 1346 0
2325 9 2417 0
2326 7 3685 0
2327 8 524 0
2328 4 3668 0
2329 9 3726 0
2330 6 3208 0
2331 6 3460 0
2332 8 2743 0
2333 5 2398 0
2334 6 148 0
2335 4 4780 0
2336 8 180 0
2337 6 1742 0
2338 7 1788 0
2339 6 2812 0
2340 3 4483 0
2341 5 1801 0
2342 5 1095 0
2343 7 3238 0
2344 5 2812 0
2345 8 1245 0
2346 8 4525 0
2347 6 2052 0
2348 7 3002 0
2349 6 864 0
2350 6 1038 0
2351 6 1472 0
2352 3 1232 0
2353 5 2662 0
2354 4 1334 0
2355 8 3112 0
2356 6 4109 0
2357 5 3731 0
2358 2 1975 0
2359 6 2565 0
2360 7 31 0
2361 10 979 0
2362 5 3191 0
2363 6 1614 0
2364 5 4180 0
2365 6 1648 0
2366 6 3964 0
2367 8 1112 0
2368 8 2420 0
2369 7 751 0
2370 4 4369 0
2371 9 2098 0
2372 4 2115 0
2373 3 2256 0
2374 7 705 0
2375 8 3404 0
2376 8 3032 0
2377 4 3698 0
2378 7 1686 0
2379 5 2897 0
2380 9 3450 0
2381 7 409 0
2382 5 3881 0
2383 9 555 0
2384 6 4158 0
2385 6 1819 0
2386 2 3889 0
2387 5 3073 0
2388 5 2317 0
2389 4 4600 0
2390 7 4468 0
2391 8 2718 0
2392 6 1386 0
2393 2 2568 0
2394 6 3222 0
2395 8 633 0
2396 7 2318 0
2397 5 1726 0
2398 8 3864 0
2399 7 1038 0
2400 7 2973 0
2401 3 87 0
2402 5 4356 0
2403 1 188 0
2404 6 1953 0
2405 6 492 0
2406 7 2239 0
2407 7 2950 0
2408 7 4318 0
2409 4 2692 0
2410 7 4641 0
2411 1 296 0
2412 4 4319 0
2413 7 4712 0
2414 6 1313 0
2415 5 4089 0
2416 9 3430 0
2417 5 3342 0
2418 7 3340 0
2419 3 4919 0
2420 3 3917 0
2421 7 779 0
2422 3 4936 0
2423 5 4344 0
2424 9 1662 0
2425 7 4124 0
2426 4 693 0
2427 5 3725 0
2428 7 1320 0
2429 7 1341 0
2430 7 2555 0
2431 5 2902 0
2432 6 4231 0
2433 2 3760 0
2434 8 4724 0
2435 4 4814 0
2436 4 323 0
2437 7 489 0
2438 6 397 0
2439 6 986 0
2440 7 3959 0
2441 12 2907 0
2442 3 4650 0
2443 7 4483 0
2444 3 3206 0
2445 4 42 0
2446 6 3370 0
2447 6 4892 0
2448 4 334 0
2449 7 2072 0
2450 6 3280 0
2451 8 3577 0
2452 4 515 0
2453 2 865 0
2454 5 4900 0
2455 3 4131 0
2456 5 115 0
2457 5 3723 0
2458 6 2882 0
2459 9 3431 0
2460 7 2078 0
2461 3 4114 0
2462 7 4133 0
2463 2 2554 0
2464 7 4265 0
2465 4 1051 0
2466 2 1348 0
2467 6 2612 0
2468 8 963 0
2469 6 1747 0
2470 9 4995 0
2471 6 1544 0
2472 6 3398 0
2473 4 430 0
2474 7 1419 0
2475 11 1075 0
2476 7 4030 0
2477 4 4914 0
2478 6 21 0
2479 1 2081 0
2480 5 583 0
2481 4 991 0
2482 5 3218 0
2483 7 592 0
2484 6 3750 0
2485 8 3926 0
2486 4 428 0
2487 6 2059 0
2488 8 161 0
2489 5 511 0
2490 6 4501 0
2491 6 513 0
2492 9 971 0
2493 5 3433 0
2494 5 1308 0
2495 5 1160 0
2496 12 3750 0
2497 5 769 0
2498 7 308 0
2499 3 339 0
2500 7 2441 0
2501 4 1526 0
2502 5 822 0
2503 4 3177 0
2504 10 4130 0
2505 6 2773 0
2506 5 3319 0
2507 5 3239 0
2508 6 3505 0
2509 6 2135 0
2510 6 1398 0
2511 4 4182 0
2512 4 1442 0
2513 9 321 0
2514 8 4707 0
2515 4 4079 0
2516 10 707 0
2517 7 2779 0
2518 8 3438 0
2519 4 4082 0
2520 4 3520 0
2521 3 1123 0
2522 4 4406 0
2523 6 3588 0
2524 4 1730 0
2525 6 2777 0
2526 9 3684 0
2527 10 987 0
2528 7 3771 0
2529 5 1920 0
2530 5 4759 0
2531 3 3993 0
2532 6 1285 0
2533 3 4979 0
2534 5 4201 0
2535 8 1266 0
2536 2 1857 0
2537 4 2340 0
2538 6 508 0
2539 7 1041 0
2540 8 201 0
2541 3 2562 0
2542 4 1286 0
2543 7 2677 0
2544 3 9 0
2545 8 4377 0
2546 10 3044 0
2547 5 4607 0
2548 7 1760 0
2549 5 2270 0
2550 7 4816 0
2551 3 1435 0
2552 6 453 0
2553 9 2080 0
2554 5 70 0
2555 8 4543 0
2556 3 3605 0
2557 5 1540 0
2558 7 3688 0
2559 2 2216 0
2560 3 2271 0
2561 5 1688 0
2562 8 4414 0
2563 3 4190 0
2564 7 4694 0
2565 9 2513 0
2566 2 1656 0
2567 4 2791 0
2568 4 4931 0
2569 5 4270 0
2570 6 3632 0
2571 4 115 0
2572 6 42 0
2573 6 4174 0
2574 5 4682 0
2575 5 3934 0
2576 2 3410 0
2577 4 2069 0
2578 2 4147 0
2579 5 3912 0
2580 9 4868 0
2581 8 2739 0
2582 6 696 0
2583 2 1803 0
2584 6 936 0
2585 7 4734 0
2586 4 4233 0
2587 4 482 0
2588 6 1511 0
2589 6 1153 0
2590 7 2518 0
2591 3 2913 0
2592 5 3863 0
2593 5 978 0
2594 3 1449 0
2595 5 2602 0
2596 4 4061 0
2597 5 2517 0
2598 4 2475 0
2599 6 623 0
2600 7 3687 0
2601 2 1483 0
2602 4 2132 0
2603 4 3274 0
2604 4 3490 0
2605 7 3892 0
2606 3 2923 0
2607 6 3126 0
2608 2 4314 0
2609 3 1365 0
2610 6 4603 0
2611 7 2004 0
2612 4 1388 0
2613 9 2043 0
2614 5 3028 0
2615 9 523 0
2616 6 2197 0
2617 7 4152 0
2618 4 3695 0
2619 6 4358 0
2620 6 3949 0
2621 4 2158 0
2622 7 2908 0
2623 7 38 0
2624 5 4320 0
2625 1 524 0
2626 1 1608 0
2627 6 2375 0
2628 4 320 0
2629 5 14 0
2630 9 2600 0
2631 6 4495 0
2632 4 4728 0
2633 7 398 0
2634 7 3210 0
2635 4 3531 0
2636 5 2251 0
2637 6 3991 0
2638 4 4776 0
2639 7 214 0
2640 6 476 0
2641 3 15 0
2642 4 984 0
2643 4 3822 0
2644 6 585 0
2645 7 319 0
2646 5 984 0
2647 4 1027 0
2648 2 1206 0
2649 1 183 0
2650 6 2691 0
2651 8 2219 0
2652 10 4009 0
2653 4 1010 0
2654 8 2364 0
2655 5 2515 0
2656 7 4364 0
2657 7 3660 0
2658 6 4193 0
2659 10 2742 0
2660 6 295 0
2661 4 956 0
2662 4 4843 0
2663 10 4080 0
2664 7 4720 0
2665 4 208 0
2666 4 40 0
2667 5 4270 0
2668 1 1528 0
2669 7 4284 0
2670 6 3760 0
2671 9 338 0
2672 8 2826 0
2673 4 3261 0
2674 9 2275 0
2675 6 210 0
2676 5 493 0
2677 7 2983 0
2678 7 2571 0
2679 3 4205 0
2680 7 2492 0
2681 4 1028 0
2682 5 2213 0
2683 5 2324 0
2684 1 2823 0
2685 8 1470 0
2686 4 1397 0
2687 7 3941 0
2688 7 1509 0
2689 3 268 0
2690 6 2617 0
2691 2 3224 0
2692 6 5 0
2693 2 1221 0
2694 3 3286 0
2695 7 4301 0
2696 4 3900 0
2697 4 4403 0
2698 8 2365 0
2699 0 4552 0
2700 3 502 0
2701 4 3873 0
2702 6 735 0
2703 10 2751 0
2704 3 1553 0
2705 2 3235 0
2706 5 1269 0
2707 8 1644 0
2708 3 4248 0
2709 4 1657 0
2710 4 1126 0
2711 6 4131 0
2712 7 1773 0
2713 6 2718 0
2714 3 4178 0
2715 6 4451 0
2716 5 4175 0
2717 0 3809 0
2718 0 1283 0
2719 6 529 0
2720 6 4786 0
2721 1 1674 0
2722 5 3383 0
2723 5 3990 0
2724 6 4735 0
2725 5 4589 0
2726 6 2847 0
2727 6 4026 0
2728 8 116 0
2729 3 2035 0
2730 3 3424 0
2731 9 3839 0
2732 4 2576 0
2733 2 978 0
2734 5 1731 0
2735 6 2193 0
2736 6 1841 0
2737 7 1572 0
2738 9 3943 0
2739 6 172 0
2740 7 4945 0
2741 5 1061 0
2742 7 4443 0
2743 3 323 0
2744 9 1454 0
2745 2 3937 0
2746 6 1689 0
2747 4 1435 0
2748 5 3649 0
2749 7 3279 0
2750 7 2707 0
2751 7 4977 0
2752 5 3701 0
2753 7 3398 0
2754 1 4838 0
2755 6 2369 0
2756 4 1417 0
2757 6 519 0
2758 6 1512 0
2759 6 2416 0
2760 8 464 0
2761 8 1786 0
2762 6 4519 0
2763 6 3649 0
2764 4 1020 0
2765 5 3328 0
2766 5 2902 0
2767 7 763 0
2768 6 842 0
2769 6 3133 0
2770 7 2929 0
2771 4 3989 0
2772 8 2400 0
2773 9 843 0
2774 5 4582 0
2775 3 2441 0
2776 6 2176 0
2777 8 4073 0
2778 6 498 0
2779 8 2564 0
2780 6 1923 0
2781 3 1867 0
2782 9 1049 0
2783 7 4722 0
2784 8 268 0
2785 3 3322 0
2786 7 2507 0
2787 7 3185 0
2788 4 4304 0
2789 7 4969 0
2790 4 2628 0
2791 8 3110 0
2792 5 404 0
2793 5 1417 0
2794 3 2562 0
2795 5 2945 0
2796 7 4802 0
2797 4 1766 0
2798 7 1526 0
2799 7 2630 0
2800 6 764 0
2801 6 356 0
2802 6 4896 0
2803 9 2795 0
2804 4 3121 0
2805 6 4871 0
2806 4 3457 0
2807 7 3022 0
2808 6 939 0
2809 5 3944 0
2810 8 1534 0
2811 7 4438 0
2812 3 2546 0
2813 6 3860 0
2814 6 59 0
2815 9 846 0
2816 5 1744 0
2817 5 2970 0
2818 6 4190 0
2819 5 3027 0
2820 4 1048 0
2821 4 3322 0
2822 3 2543 0
2823 1 1537 0
2824 7 770 0
2825 2 706 0
2826 5 2808 0
2827 4 1233 0
2828 5 1983 0
2829 5 4006 0
2830 5 2339 0
2831 7 3190 0
2832 8 3285 0
2833 5 3321 0
2834 7 1755 0
2835 4 758 0
2836 10 3473 0
2837 5 3447 0
2838 3 2867 0
2839 8 2856 0
2840 5 3257 0
2841 3 1789 0
2842 3 3199 0
2843 6 381 0
2844 3 3075 0
2845 4 1823 0
2846 6 1562 0
2847 5 4851 0
2848 4 1641 0
2849 9 3393 0
2850 7 4800 0
2851 8 89 0
2852 5 3437 0
2853 4 1920 0
2854 1 438 0
2855 4 14 0
2856 3 31 0
2857 6 4938 0
2858 5 4320 0
2859 2 3608 0
2860 6 2215 0
2861 6 2392 0
2862 4 4568 0
2863 8 3926 0
2864 5 22 0
2865 7 3734 0
2866 9 2719 0
2867 6 3598 0
2868 3 145 0
2869 6 4405 0
2870 4 4477 0
2871 3 4604 0
2872 5 1509 0
2873 3 4572 0
2874 3 1187 0
2875 5 2082 0
2876 7 463 0
2877 6 4227 0
2878 8 3687 0
2879 9 1295 0
2880 4 3063 0
2881 4 2262 0
2882 3 4871 0
2883 6 1119 0
2884 5 1461 0
2885 10 2991 0
2886 6 4688 0
2887 9 2035 0
2888 2 2639 0
2889 3 550 0
2890 10 3271 0
2891 5 2089 0
2892 8 1907 0
2893 7 1671 0
2894 5 4948 0
2895 9 1449 0
2896 7 2916 0
2897 6 2137 0
2898 4 3435 0
2899 6 4875 0
2900 5 3256 0
2901 8 2049 0
2902 4 3341 0
2903 6 3759 0
2904 8 2890 0
2905 5 4993 0
2906 5 424 0
2907 3 1482 0
2908 6 909 0
2909 3 4202 0
2910 4 3948 0
2911 5 3342 0
2912 3 490 0
2913 6 2082 0
2914 7 1218 0
2915 6 4193 0
2916 6 4013 0
2917 8 3830 0
2918 3 1184 0
2919 8 2118 0
2920 6 3014 0
2921 7 88 0
2922 9 511 0
2923 8 1049 0
2924 4 4832 0
2925 7 4280 0
2926 2 451 0
2927 8 21 0
2928 7 4803 0
2929 4 4550 0
2930 4 428 0
2931 6 4082 0
2932 8 3943 0
2933 3 2746 0
2934 3 656 0
2935 3 2778 0
2936 4 1095 0
2937 8 2882 0
2938 5 1627 0
2939 5 2653 0
2940 7 2714 0
2941 7 25 0
2942 7 964 0
2943 4 3591 0
2944 4 3137 0
2945 4 2351 0
2946 7 3798 0
2947 7 1505 0
2948 9 1223 0
2949 2 2651 0
2950 6 4461 0
2951 3 3587 0
2952 7 2851 0
2953 2 2455 0
2954 5 1615 0
2955 9 680 0
2956 5 2681 0
2957 7 807 0
2958 4 2551 0
2959 6 1207 0
2960 7 1609 0
2961 4 361 0
2962 7 4043 0
2963 4 1801 0
2964 4 3967 0
2965 3 4330 0
2966 7 3140 0
2967 6 4131 0
2968 4 2692 0
2969 5 1890 0
2970 5 1754 0
2971 7 565 0
2972 7 3581 0
2973 8 2948 0
2974 4 642 0
2975 8 197 0
2976 0 1375 0
2977 7 1178 0
2978 5 2683 0
2979 3 4566 0
2980 6 4943 0
2981 8 364 0
2982 9 4421 0
2983 6 2031 0
2984 4 2530 0
2985 8 3979 0
2986 6 1916 0
2987 7 3605 0
2988 7 2696 0
2989 5 409 0
2990 5 1552 0
2991 7 938 0
2992 2 2411 0
2993 3 4994 0
2994 10 4863 0
2995 6 3715 0
2996 6 261 0
2997 5 561 0
2998 5 2705 0
2999 4 2577 0
3000 8 936 0
3001 6 1889 0
3002 4 3956 0
3003 5 2139 0
3004 4 3659 0
3005 9 4240 0
3006 7 4442 0
3007 5 334 0
3008 10 4691 0
3009 6 4993 0
3010 7 4153 0
3011 1 108 0
3012 4 987 0
3013 2 2068 0
3014 4 2924 0
3015 7 3797 0
3016 4 212 0
3017 4 751 0
3018 7 3848 0
3019 8 4198 0
3020 9 4129 0
3021 5 2638 0
3022 5 4380 0
3023 5 2824 0
3024 5 651 0
3025 8 2264 0
3026 7 804 0
3027 5 3342 0
3028 7 2788 0
3029 4 3214 0
3030 5 1094 0
3031 3 2795 0
3032 3 1090 0
3033 8 1970 0
3034 5 51 0
3035 9 1623 0
3036 5 2300 0
3037 5 3086 0
3038 2 4555 0
3039 4 1978 0
3040 4 4124 0
3041 4 1379 0
3042 7 3293 0
3043 6 4273 0
3044 4 1381 0
3045 9 1910 0
3046 6 2829 0
3047 4 3538 0
3048 5 2614 0
3049 3 2096 0
3050 4 3049 0
3051 5 254 0
3052 6 44 0
3053 4 1609 0
3054 6 2485 0
3055 6 4166 0
3056 6 3011 0
3057 6 4735 0
3058 2 4759 0
3059 10 4137 0
3060 6 3411 0
3061 5 4869 0
3062 8 4559 0
3063 6 4292 0
3064 5 2242 0
3065 7 2824 0
3066 6 2241 0
3067 7 1359 0
3068 3 252 0
3069 6 3439 0
3070 8 3679 0
3071 2 2812 0
3072 7 4607 0
3073 6 4744 0
3074 3 706 0
3075 9 4588 0
3076 7 4996 0
3077 5 3464 0
3078 4 1374 0
3079 3 2122 0
3080 5 3475 0
3081 5 2719 0
3082 5 4035 0
3083 4 1157 0
3084 6 3279 0
3085 7 4573 0
3086 4 4644 0
3087 4 986 0
3088 5 2741 0
3089 8 1072 0
3090 6 251 0
3091 5 1483 0
3092 4 3135 0
3093 5 1780 0
3094 6 1574 0
3095 4 1117 0
3096 5 3817 0
3097 2 1140 0
3098 6 1807 0
3099 6 1286 0
3100 8 2639 0
3101 3 1621 0
3102 7 827 0
3103 4 2007 0
3104 9 4409 0
3105 7 3048 0
3106 6 941 0
3107 4 1950 0
3108 3 141 0
3109 8 3128 0
3110 7 2436 0
3111 7 2784 0
3112 4 155 0
3113 9 3868 0
3114 6 841 0
3115 9 4147 0
3116 7 306 0
3117 2 3585 0
3118 7 3312 0
3119 4 485 0
3120 5 1772 0
3121 3 4552 0
3122 5 724 0
3123 6 2975 0
3124 9 1041 0
3125 1 1112 0
3126 2 1645 0
3127 6 3599 0
3128 0 2582 0
3129 6 17 0
3130 9 3552 0
3131 10 3101 0
3132 0 1786 0
3133 4 4337 0
3134 5 3908 0
3135 4 2358 0
3136 4 2547 0
3137 4 949 0
3138 4 2208 0
3139 7 2481 0
3140 5 1434 0
3141 4 3866 0
3142 3 1537 0
3143 5 4946 0
3144 0 1439 0
3145 7 626 0
3146 5 3715 0
3147 6 2623 0
3148 7 1787 0
3149 4 244 0
3150 6 3465 0
3151 7 443 0
3152 8 2864 0
3153 3 184 0
3154 4 2769 0
3155 4 3894 0
3156 5 4675 0
3157 4 4620 0
3158 8 2362 0
3159 5 2697 0
3160 6 1179 0
3161 8 3075 0
3162 7 2390 0
3163 8 4953 0
3164 6 1012 0
3165 3 1785 0
3166 5 3068 0
3167 10 1600 0
3168 8 1374 0
3169 4 3526 0
3170 6 1033 0
3171 6 4517 0
3172 8 1944 0
3173 3 3096 0
3174 6 3682 0
3175 5 1155 0
3176 5 85 0
3177 2 690 0
3178 4 940 0
3179 5 4923 0
3180 5 3365 0
3181 5 1030 0
3182 5 163 0
3183 2 3848 0
3184 5 286 0
3185 3 3116 0
3186 6 3306 0
3187 1 2907 0
3188 7 2090 0
3189 8 816 0
3190 6 2342 0
3191 7 777 0
3192 8 4077 0
3193 7 2468 0
3194 5 967 0
3195 6 4458 0
3196 7 3306 0
3197 6 3742 0
3198 10 4122 0
3199 3 1776 0
3200 3 2650 0
3201 6 779 0
3202 6 3724 0
3203 3 2465 0
3204 4 1883 0
3205 5 2115 0
3206 5 2786 0
3207 5 508 0
3208 7 4197 0
3209 7 816 0
3210 5 745 0
3211 3 4348 0
3212 3 1127 0
3213 4 1180 0
3214 8 4186 0
3215 1 4861 0
3216 6 3339 0
3217 9 1182 0
3218 8 3882 0
3219 9 236 0
3220 6 2270 0
3221 10 2833 0
3222 3 2913 0
3223 8 3799 0
3224 3 3745 0
3225 3 4078 0
3226 7 4655 0
3227 7 4319 0
3228 5 2133 0
3229 6 246 0
3230 6 3499 0
3231 3 1179 0
3232 5 4628 0
3233 6 1645 0
3234 8 2706 0
3235 9 2915 0
3236 6 1412 0
3237 5 2356 0
3238 7 1442 0
3239 4 3016 0
3240 6 3107 0
3241 5 685 0
3242 8 2589 0
3243 7 3999 0
3244 5 2942 0
3245 5 1892 0
3246 7 4218 0
3247 5 417 0
3248 2 186 0
3249 4 4029 0
3250 3 2304 0
3251 5 3642 0
3252 4 838 0
3253 6 3726 0
3254 6 2312 0
3255 5 1754 0
3256 5 80 0
3257 5 113 0
3258 3 4986 0
3259 6 404 0
3260 5 4559 0
3261 9 4219 0
3262 6 2053 0
3263 7 2759 0
3264 5 4280 0
3265 4 693 0
3266 4 4883 0
3267 9 916 0
3268 7 3645 0
3269 2 522 0
3270 5 4241 0
3271 4 2868 0
3272 6 1116 0
3273 8 3379 0
3274 6 2542 0
3275 5 1132 0
3276 7 3231 0
3277 6 4221 0
3278 5 3422 0
3279 6 4461 0
3280 6 2893 0
3281 8 4318 0
3282 8 1434 0
3283 7 3263 0
3284 6 1809 0
3285 8 3191 0
3286 8 2997 0
3287 7 4922 0
3288 6 2011 0
3289 4 362 0
3290 5 1929 0
3291 6 246 0
3292 7 4774 0
3293 5 352 0
3294 3 2297 0
3295 4 836 0
3296 10 1191 0
3297 6 4673 0
3298 6 4895 0
3299 9 4330 0
3300 3 855 0
3301 4 4194 0
3302 5 2119 0
3303 11 3389 0
3304 7 1787 0
3305 6 3868 0
3306 5 1511 0
3307 8 4311 0
3308 6 4900 0
3309 7 1712 0
3310 5 4428 0
3311 6 192 0
3312 7 4688 0
3313 8 1538 0
3314 11 201 0
3315 7 1326 0
3316 3 3159 0
3317 4 2443 0
3318 3 3251 0
3319 5 3775 0
3320 7 1649 0
3321 3 761 0
3322 6 4951 0
3323 6 2869 0
3324 10 2147 0
3325 5 1400 0
3326 2 3195 0
3327 4 1851 0
3328 6 2582 0
3329 4 1117 0
3330 3 370 0
3331 7 4770 0
3332 2 3603 0
3333 5 3265 0
3334 8 4188 0
3335 5 3844 0
3336 4 1517 0
3337 7 457 0
3338 7 631 0
3339 9 1649 0
3340 2 749 0
3341 8 325 0
3342 6 3423 0
3343 5 1655 0
3344 8 1788 0
3345 2 2784 0
3346 1 3941 0
3347 5 1069 0
3348 6 4994 0
3349 5 2502 0
3350 10 1757 0
3351 4 2661 0
3352 6 3246 0
3353 3 3306 0
3354 4 1657 0
3355 4 1475 0
3356 6 4527 0
3357 5 4565 0
3358 5 793 0
3359 7 3777 0
3360 6 4175 0
3361 4 2933 0
3362 6 685 0
3363 6 4681 0
3364 7 3035 0
3365 5 4009 0
3366 7 1224 0
3367 4 1051 0
3368 6 1380 0
3369 5 4312 0
3370 6 2157 0
3371 5 1535 0
3372 3 1929 0
3373 5 147 0
3374 7 3129 0
3375 5 793 0
3376 7 2678 0
3377 7 4467 0
3378 6 2968 0
3379 6 3075 0
3380 6 3518 0
3381 1 625 0
3382 5 1365 0
3383 9 3811 0
3384 4 4819 0
3385 7 4413 0
3386 5 1635 0
3387 4 4692 0
3388 8 3848 0
3389 11 122 0
3390 6 1240 0
3391 6 2429 0
3392 5 2628 0
3393 5 1340 0
3394 8 2704 0
3395 4 3104 0
3396 5 2365 0
3397 8 3889 0
3398 6 1369 0
3399 4 3182 0
3400 7 4032 0
3401 6 139 0
3402 6 2898 0
3403 2 11 0
3404 4 4682 0
3405 7 4843 0
3406 7 1742 0
3407 8 1569 0
3408 4 4355 0
3409 6 4775 0
3410 5 884 0
3411 4 1426 0
3412 6 248 0
3413 2 2413 0
3414 6 3056 0
3415 5 688 0
3416 4 1409 0
3417 9 711 0
3418 4 1552 0
3419 5 2777 0
3420 3 305 0
3421 4 3499 0
3422 7 938 0
3423 5 4296 0
3424 4 2827 0
3425 3 2295 0
3426 2 99 0
3427 4 2540 0
3428 6 3949 0
3429 4 4103 0
3430 5 4959 0
3431 4 4072 0
3432 8 2603 0
3433 3 1818 0
3434 1 2889 0
3435 6 4335 0
3436 1 3023 0
3437 6 2507 0
3438 7 4804 0
3439 8 480 0
3440 6 2910 0
3441 2 4630 0
3442 8 4497 0
3443 5 2704 0
3444 6 2715 0
3445 4 4132 0
3446 3 2634 0
3447 12 209 0
3448 7 1262 0
3449 8 1842 0
3450 7 1288 0
3451 7 2628 0
3452 3 2205 0
3453 7 4340 0
3454 8 331 0
3455 3 442 0
3456 3 3729 0
3457 6 4415 0
3458 4 715 0
3459 7 1662 0
3460 9 4389 0
3461 5 1234 0
3462 3 4290 0
3463 3 1160 0
3464 6 394 0
3465 5 4846 0
3466 10 4850 0
3467 6 1808 0
3468 5 4581 0
3469 6 1077 0
3470 7 2283 0
3471 4 88 0
3472 7 2576 0
3473 4 1129 0
3474 5 4819 0
3475 7 3527 0
3476 4 360 0
3477 8 2861 0
3478 4 2122 0
3479 7 2437 0
3480 8 2591 0
3481 5 59 0
3482 8 2071 0
3483 3 2661 0
3484 5 762 0
3485 3 4617 0
3486 8 4907 0
3487 6 3758 0
3488 8 2438 0
3489 8 1071 0
3490 3 2428 0
3491 7 3134 0
3492 3 2991 0
3493 7 1369 0
3494 7 3051 0
3495 5 4474 0
3496 4 4345 0
3497 7 3086 0
3498 8 1022 0
3499 8 185 0
3500 2 2330 0
3501 7 4784 0
3502 3 2084 0
3503 4 4770 0
3504 5 3110 0
3505 6 3330 0
3506 6 3848 0
3507 5 2962 0
3508 5 468 0
3509 4 2314 0
3510 3 3335 0
3511 7 870 0
3512 6 1757 0
3513 4 3178 0
3514 5 2036 0
3515 5 3179 0
3516 4 1036 0
3517 5 1324 0
3518 4 2017 0
3519 7 3284 0
3520 5 1674 0
3521 4 2707 0
3522 5 1898 0
3523 3 3666 0
3524 5 154 0
3525 5 535 0
3526 8 2172 0
3527 5 818 0
3528 3 2995 0
3529 5 4359 0
3530 7 3614 0
3531 5 1201 0
3532 1 4545 0
3533 5 4057 0
3534 5 3141 0
3535 9 1685 0
3536 6 326 0
3537 2 4780 0
3538 7 2457 0
3539 7 4014 0
3540 6 3054 0
3541 5 2834 0
3542 8 2322 0
3543 9 3877 0
3544 4 4980 0
3545 7 4083 0
3546 1 4188 0
3547 4 4443 0
3548 4 1157 0
3549 6 4487 0
3550 9 1324 0
3551 5 615 0
3552 7 2371 0
3553 7 831 0
3554 4 3485 0
3555 6 4035 0
3556 5 3104 0
3557 9 4256 0
3558 6 2754 0
3559 4 4057 0
3560 3 2103 0
3561 0 4232 0
3562 4 3323 0
3563 4 3386 0
3564 4 4438 0
3565 3 1150 0
3566 4 1350 0
3567 4 3774 0
3568 7 4094 0
3569 5 4217 0
3570 5 1339 0
3571 7 499 0
3572 7 4656 0
3573 8 2250 0
3574 3 947 0
3575 8 3242 0
3576 6 2249 0
3577 5 4087 0
3578 6 1353 0
3579 5 1741 0
3580 8 750 0
3581 4 1873 0
3582 3 3604 0
3583 7 159 0
3584 5 2100 0
3585 8 1383 0
3586 10 114 0
3587 3 981 0
3588 4 370 0
3589 4 502 0
3590 7 2901 0
3591 3 2182 0
3592 8 1970 0
3593 6 3446 0
3594 7 2434 0
3595 5 4503 0
3596 5 4756 0
3597 6 1566 0
3598 6 855 0
3599 8 3169 0
3600 4 596 0
3601 6 2172 0
3602 8 728 0
3603 8 4559 0
3604 5 2520 0
3605 4 4781 0
3606 3 2071 0
3607 3 2269 0
3608 6 4668 0
3609 7 1026 0
3610 3 1283 0
3611 6 3500 0
3612 5 192 0
3613 5 2208 0
3614 3 743 0
3615 6 249 0
3616 8 697 0
3617 6 1687 0
3618 7 975 0
3619 8 2763 0
3620 7 3024 0
3621 8 3110 0
3622 3 2378 0
3623 9 96 0
3624 6 1375 0
3625 5 4224 0
3626 2 3182 0
3627 6 2539 0
3628 6 1909 0
3629 5 4799 0
3630 8 3457 0
3631 6 4110 0
3632 5 3864 0
3633 4 406 0
3634 5 4834 0
3635 9 4557 0
3636 4 3073 0
3637 5 3462 0
3638 7 142 0
3639 7 3187 0
3640 5 4091 0
3641 7 3587 0
3642 4 2803 0
3643 3 2963 0
3644 6 4483 0
3645 6 1927 0
3646 7 3963 0
3647 7 2359 0
3648 3 764 0
3649 5 736 0
3650 11 3546 0
3651 8 3583 0
3652 8 3549 0
3653 6 2709 0
3654 6 3988 0
3655 6 3459 0
3656 4 4515 0
3657 7 2750 0
3658 4 4040 0
3659 6 4854 0
3660 7 1370 0
3661 3 4416 0
3662 4 911 0
3663 3 1644 0
3664 3 1935 0
3665 6 1949 0
3666 5 1373 0
3667 5 2683 0
3668 4 3042 0
3669 5 2834 0
3670 8 3492 0
3671 2 1246 0
3672 5 1400 0
3673 7 87 0
3674 5 1456 0
3675 10 1264 0
3676 6 4915 0
3677 3 519 0
3678 6 4506 0
3679 4 3860 0
3680 5 2183 0
3681 7 3014 0
3682 7 4960 0
3683 7 84 0
3684 5 1025 0
3685 8 4879 0
3686 3 1728 0
3687 3 4904 0
3688 6 2798 0
3689 7 2170 0
3690 8 2949 0
3691 1 2519 0
3692 4 2155 0
3693 5 1045 0
3694 7 2789 0
3695 5 4285 0
3696 4 1102 0
3697 3 121 0
3698 4 3164 0
3699 7 2828 0
3700 5 2567 0
3701 4 3396 0
3702 5 735 0
3703 6 4873 0
3704 5 1568 0
3705 8 2508 0
3706 5 2203 0
3707 3 520 0
3708 3 2914 0
3709 7 3712 0
3710 6 4175 0
3711 6 1807 0
3712 5 3763 0
3713 2 3561 0
3714 6 2691 0
3715 8 2337 0
3716 7 987 0
3717 6 793 0
3718 4 2239 0
3719 4 4716 0
3720 3 88 0
3721 3 467 0
3722 8 2893 0
3723 4 1106 0
3724 7 2290 0
3725 3 4389 0
3726 6 4937 0
3727 4 3367 0
3728 1 4745 0
3729 6 137 0
3730 3 3840 0
3731 6 4920 0
3732 7 784 0
3733 7 4261 0
3734 4 655 0
3735 6 787 0
3736 3 4184 0
3737 5 704 0
3738 8 4717 0
3739 8 3544 0
3740 4 1910 0
3741 8 3903 0
3742 3 2215 0
3743 6 1322 0
3744 5 2515 0
3745 5 4232 0
3746 3 4293 0
3747 6 3940 0
3748 6 3448 0
3749 6 1941 0
3750 1 3154 0
3751 2 4700 0
3752 1 1125 0
3753 7 334 0
3754 6 2584 0
3755 8 4477 0
3756 3 4302 0
3757 6 4267 0
3758 9 2188 0
3759 4 2162 0
3760 5 206 0
3761 5 4236 0
3762 5 3453 0
3763 7 2823 0
3764 5 2154 0
3765 5 420 0
3766 5 862 0
3767 4 461 0
3768 4 2804 0
3769 5 1446 0
3770 2 1271 0
3771 6 1977 0
3772 3 87 0
3773 7 1294 0
3774 5 1836 0
3775 3 301 0
3776 2 4023 0
3777 6 3194 0
3778 6 40 0
3779 6 4106 0
3780 6 4081 0
3781 7 2010 0
3782 5 3819 0
3783 4 4367 0
3784 6 1418 0
3785 8 2403 0
3786 6 4321 0
3787 5 1269 0
3788 8 4360 0
3789 7 2369 0
3790 3 771 0
3791 5 1137 0
3792 5 1415 0
3793 4 3921 0
3794 5 2896 0
3795 6 278 0
3796 1 4589 0
3797 7 2020 0
3798 2 1507 0
3799 6 1808 0
3800 2 2611 0
3801 6 1958 0
3802 5 2840 0
3803 1 3495 0
3804 1 3635 0
3805 5 4444 0
3806 5 4836 0
3807 9 3481 0
3808 7 403 0
3809 6 699 0
3810 2 1033 0
3811 8 2179 0
3812 8 3367 0
3813 4 453 0
3814 7 54 0
3815 5 614 0
3816 6 46 0
3817 8 3220 0
3818 7 4813 0
3819 8 2074 0
3820 6 1868 0
3821 9 1233 0
3822 2 4695 0
3823 5 390 0
3824 7 452 0
3825 4 4787 0
3826 5 74 0
3827 4 2134 0
3828 5 890 0
3829 6 1136 0
3830 5 1511 0
3831 6 3168 0
3832 7 263 0
3833 6 3342 0
3834 7 4519 0
3835 6 3783 0
3836 7 2790 0
3837 9 1124 0
3838 4 4287 0
3839 6 188 0
3840 5 2623 0
3841 4 1137 0
3842 6 1920 0
3843 6 1778 0
3844 4 4187 0
3845 5 4905 0
3846 8 2354 0
3847 7 2849 0
3848 3 563 0
3849 5 2598 0
3850 4 3275 0
3851 6 3267 0
3852 6 3886 0
3853 4 731 0
3854 9 3619 0
3855 3 1329 0
3856 7 409 0
3857 4 3643 0
3858 4 2345 0
3859 5 4331 0
3860 7 1026 0
3861 2 1309 0
3862 7 91 0
3863 5 905 0
3864 6 3537 0
3865 7 957 0
3866 8 4477 0
3867 6 4022 0
3868 6 1457 0
3869 7 3279 0
3870 3 1478 0
3871 7 3513 0
3872 9 3832 0
3873 7 3911 0
3874 7 925 0
3875 5 4412 0
3876 3 3416 0
3877 8 3161 0
3878 8 1322 0
3879 5 578 0
3880 5 946 0
3881 1 2730 0
3882 5 1345 0
3883 6 769 0
3884 3 102 0
3885 3 4073 0
3886 7 1141 0
3887 6 1856 0
3888 6 4796 0
3889 8 1479 0
3890 8 919 0
3891 3 1203 0
3892 6 3831 0
3893 5 491 0
3894 5 2204 0
3895 5 2735 0
3896 4 3518 0
3897 5 1711 0
3898 7 2802 0
3899 7 2158 0
3900 7 3014 0
3901 4 4509 0
3902 7 4531 0
3903 6 4503 0
3904 5 3432 0
3905 5 3823 0
3906 5 3475 0
3907 7 3915 0
3908 4 2889 0
3909 1 3857 0
3910 2 1846 0
3911 2 1006 0
3912 3 1041 0
3913 4 2433 0
3914 3 4857 0
3915 5 3885 0
3916 7 4682 0
3917 7 3155 0
3918 7 659 0
3919 6 4020 0
3920 8 534 0
3921 6 1910 0
3922 9 405 0
3923 5 1920 0
3924 5 1493 0
3925 7 758 0
3926 2 2055 0
3927 7 3049 0
3928 5 4284 0
3929 5 1764 0
3930 7 3627 0
3931 3 2824 0
3932 8 3400 0
3933 4 1795 0
3934 8 1718 0
3935 6 2749 0
3936 3 2743 0
3937 6 4938 0
3938 3 292 0
3939 5 1354 0
3940 5 616 0
3941 3 2391 0
3942 6 3461 0
3943 3 166 0
3944 7 3367 0
3945 7 2947 0
3946 7 2822 0
3947 2 2824 0
3948 5 3106 0
3949 6 1183 0
3950 6 4976 0
3951 4 627 0
3952 5 3690 0
3953 6 3316 0
3954 4 3305 0
3955 8 105 0
3956 6 3921 0
3957 3 1599 0
3958 4 3172 0
3959 5 4533 0
3960 5 152 0
3961 3 1046 0
3962 4 749 0
3963 10 1124 0
3964 5 1063 0
3965 5 887 0
3966 5 4294 0
3967 5 2107 0
3968 5 557 0
3969 9 862 0
3970 9 3620 0
3971 5 892 0
3972 4 3120 0
3973 6 98 0
3974 7 36 0
3975 9 3883 0
3976 10 4149 0
3977 4 4482 0
3978 8 4625 0
3979 5 4009 0
3980 6 3808 0
3981 6 1653 0
3982 4 1148 0
3983 4 1782 0
3984 9 3019 0
3985 5 1785 0
3986 8 2653 0
3987 1 2345 0
3988 8 2702 0
3989 4 4115 0
3990 3 3455 0
3991 3 1388 0
3992 8 1077 0
3993 5 3343 0
3994 4 4171 0
3995 5 899 0
3996 5 3593 0
3997 7 4923 0
3998 8 4886 0
3999 4 1915 0
4000 1 4402 0
4001 7 1161 0
4002 4 756 0
4003 6 3477 0
4004 8 243 0
4005 7 2492 0
4006 7 2096 0
4007 4 3350 0
4008 5 435 0
4009 3 3877 0
4010 7 1879 0
4011 3 1426 0
4012 5 3761 0
4013 2 701 0
4014 8 826 0
4015 5 3467 0
4016 3 276 0
4017 7 1091 0
4018 4 1386 0
4019 1 1273 0
4020 4 4789 0
4021 4 702 0
4022 5 3539 0
4023 8 3574 0
4024 6 1380 0
4025 3 434 0
4026 4 4032 0
4027 5 298 0
4028 7 928 0
4029 8 2255 0
4030 5 712 0
4031 3 2721 0
4032 6 4718 0
4033 4 1266 0
4034 5 1963 0
4035 6 4750 0
4036 6 4605 0
4037 5 1282 0
4038 6 2482 0
4039 6 928 0
4040 2 2903 0
4041 5 2875 0
4042 6 683 0
4043 8 655 0
4044 5 3333 0
4045 7 4681 0
4046 6 4718 0
4047 6 2746 0
4048 7 4352 0
4049 9 1505 0
4050 4 2230 0
4051 6 2467 0
4052 5 2364 0
4053 11 3315 0
4054 8 3363 0
4055 4 3326 0
4056 7 3895 0
4057 5 865 0
4058 4 3091 0
4059 2 3746 0
4060 7 3590 0
4061 9 3868 0
4062 10 269 0
4063 6 61 0
4064 1 2300 0
4065 6 4632 0
4066 2 1550 0
4067 6 4780 0
4068 6 3218 0
4069 6 1344 0
4070 4 2391 0
4071 3 352 0
4072 6 582 0
4073 9 1572 0
4074 2 4633 0
4075 5 3394 0
4076 7 4154 0
4077 6 3006 0
4078 3 245 0
4079 5 4040 0
4080 5 1420 0
4081 9 1800 0
4082 6 3856 0
4083 8 3711 0
4084 8 1925 0
4085 6 3525 0
4086 5 731 0
4087 6 2402 0
4088 8 4764 0
4089 4 2478 0
4090 4 3120 0
4091 6 3400 0
4092 8 3372 0
4093 4 3838 0
4094 2 4139 0
4095 2 2246 0
4096 5 3402 0
4097 5 1816 0
4098 8 1557 0
4099 5 2241 0
4100 6 3546 0
4101 2 4089 0
4102 6 1148 0
4103 7 4332 0
4104 6 1803 0
4105 4 1838 0
4106 6 4935 0
4107 5 4176 0
4108 6 4811 0
4109 7 3344 0
4110 2 1725 0
4111 4 3896 0
4112 8 2064 0
4113 6 922 0
4114 5 2476 0
4115 6 463 0
4116 5 3908 0
4117 7 3908 0
4118 7 1453 0
4119 5 4431 0
4120 7 3649 0
4121 5 2034 0
4122 8 173 0
4123 3 1566 0
4124 6 23 0
4125 4 1718 0
4126 8 4407 0
4127 4 2291 0
4128 4 3877 0
4129 5 1046 0
4130 5 1987 0
4131 7 4046 0
4132 5 4955 0
4133 7 2330 0
4134 7 4935 0
4135 5 3453 0
4136 5 96 0
4137 3 2301 0
4138 6 66 0
4139 4 3612 0
4140 5 1129 0
4141 2 4378 0
4142 8 3557 0
4143 10 3943 0
4144 2 4626 0
4145 5 1835 0
4146 6 3778 0
4147 3 3208 0
4148 2 3247 0
4149 3 955 0
4150 8 239 0
4151 9 1680 0
4152 5 4546 0
4153 3 2483 0
4154 8 4497 0
4155 4 2274 0
4156 9 3152 0
4157 3 1783 0
4158 5 3798 0
4159 6 3135 0
4160 4 2777 0
4161 8 228 0
4162 6 3658 0
4163 5 3443 0
4164 6 2324 0
4165 2 4778 0
4166 7 2998 0
4167 2 617 0
4168 5 4842 0
4169 6 4404 0
4170 2 2741 0
4171 8 4832 0
4172 3 1932 0
4173 7 1960 0
4174 5 2577 0
4175 4 1527 0
4176 9 989 0
4177 4 2633 0
4178 4 635 0
4179 5 1445 0
4180 5 482 0
4181 10 1848 0
4182 8 1421 0
4183 4 2993 0
4184 8 2293 0
4185 0 3144 0
4186 7 3800 0
4187 4 2406 0
4188 8 192 0
4189 4 2727 0
4190 5 990 0
4191 6 3614 0
4192 4 4215 0
4193 6 346 0
4194 3 3022 0
4195 8 1479 0
4196 5 2630 0
4197 8 3923 0
4198 8 2608 0
4199 7 4926 0
4200 6 3730 0
4201 4 2040 0
4202 6 1713 0
4203 6 4619 0
4204 5 4547 0
4205 6 871 0
4206 7 3736 0
4207 8 142 0
4208 10 4965 0
4209 2 2261 0
4210 8 1287 0
4211 7 34 0
4212 7 3315 0
4213 5 2706 0
4214 7 3627 0
4215 5 4695 0
4216 7 1618 0
4217 4 1953 0
4218 6 2776 0
4219 8 3503 0
4220 6 4217 0
4221 3 4003 0
4222 7 1530 0
4223 8 2402 0
4224 6 1888 0
4225 2 1688 0
4226 4 4653 0
4227 6 4344 0
4228 7 4455 0
4229 6 2153 0
4230 5 2886 0
4231 5 531 0
4232 3 796 0
4233 6 1513 0
4234 5 2996 0
4235 3 3991 0
4236 7 1142 0
4237 3 90 0
4238 5 4112 0
4239 7 1524 0
4240 7 176 0
4241 6 4522 0
4242 5 1518 0
4243 6 1832 0
4244 5 2590 0
4245 5 696 0
4246 8 1353 0
4247 6 4913 0
4248 5 8 0
4249 7 1695 0
4250 8 3525 0
4251 9 3517 0
4252 4 871 0
4253 4 14 0
4254 6 2792 0
4255 6 1615 0
4256 4 1164 0
4257 2 4719 0
4258 6 814 0
4259 5 2596 0
4260 7 649 0
4261 7 1815 0
4262 6 2170 0
4263 8 2924 0
4264 3 803 0
4265 8 3669 0
4266 6 2489 0
4267 3 278 0
4268 6 3258 0
4269 8 922 0
4270 5 120 0
4271 7 2776 0
4272 4 1741 0
4273 6 3368 0
4274 4 4458 0
4275 6 1667 0
4276 6 1209 0
4277 6 3471 0
4278 4 3649 0
4279 7 3255 0
4280 6 475 0
4281 5 3546 0
4282 7 1251 0
4283 4 3409 0
4284 4 4481 0
4285 4 1690 0
4286 6 2057 0
4287 8 4947 0
4288 9 1588 0
4289 2 1189 0
4290 5 123 0
4291 4 162 0
4292 6 1596 0
4293 5 53 0
4294 5 1006 0
4295 5 1497 0
4296 3 205 0
4297 4 1592 0
4298 7 2494 0
4299 3 2509 0
4300 3 629 0
4301 2 1933 0
4302 7 3676 0
4303 5 4508 0
4304 5 630 0
4305 9 3071 0
4306 6 916 0
4307 7 4558 0
4308 5 1630 0
4309 5 593 0
4310 6 3418 0
4311 3 121 0
4312 7 4662 0
4313 4 4377 0
4314 2 4018 0
4315 7 3259 0
4316 2 4825 0
4317 4 1614 0
4318 7 1972 0
4319 5 4724 0
4320 6 1732 0
4321 4 621 0
4322 10 3159 0
4323 6 85 0
4324 7 2078 0
4325 4 3144 0
4326 3 109 0
4327 4 1988 0
4328 9 1347 0
4329 6 3837 0
4330 7 2636 0
4331 6 3587 0
4332 8 1443 0
4333 10 4969 0
4334 6 2200 0
4335 6 512 0
4336 5 4909 0
4337 5 3820 0
4338 4 1261 0
4339 4 4672 0
4340 4 554 0
4341 3 1652 0
4342 6 4557 0
4343 9 2348 0
4344 3 2960 0
4345 7 2149 0
4346 5 169 0
4347 4 983 0
4348 5 210 0
4349 5 3577 0
4350 11 1804 0
4351 5 2170 0
4352 4 2249 0
4353 1 4841 0
4354 6 3064 0
4355 7 2304 0
4356 1 45 0
4357 6 1336 0
4358 6 3515 0
4359 6 392 0
4360 3 4568 0
4361 5 3955 0
4362 10 1240 0
4363 3 1997 0
4364 8 615 0
4365 3 4070 0
4366 1 2349 0
4367 6 982 0
4368 5 1660 0
4369 5 4271 0
4370 4 4477 0
4371 11 2476 0
4372 3 2131 0
4373 9 4158 0
4374 5 3347 0
4375 7 406 0
4376 11 1872 0
4377 4 1402 0
4378 6 3434 0
4379 4 3840 0
4380 6 4533 0
4381 6 4302 0
4382 5 1010 0
4383 4 2783 0
4384 6 98 0
4385 3 145 0
4386 7 2934 0
4387 6 1756 0
4388 10 363 0
4389 5 4559 0
4390 6 1652 0
4391 5 1664 0
4392 5 283 0
4393 7 2236 0
4394 4 1633 0
4395 4 1705 0
4396 6 647 0
4397 4 1291 0
4398 3 2336 0
4399 0 560 0
4400 7 4795 0
4401 6 2324 0
4402 7 317 0
4403 6 4643 0
4404 5 1564 0
4405 4 3131 0
4406 6 4750 0
4407 3 4112 0
4408 4 4976 0
4409 3 708 0
4410 8 2942 0
4411 6 2600 0
4412 7 1154 0
4413 6 1337 0
4414 4 1601 0
4415 6 3635 0
4416 6 3112 0
4417 5 3988 0
4418 5 2978 0
4419 8 2173 0
4420 6 721 0
4421 4 2675 0
4422 2 1928 0
4423 3 572 0
4424 5 4423 0
4425 4 677 0
4426 8 50 0
4427 2 4249 0
4428 6 4588 0
4429 7 2645 0
4430 5 2591 0
4431 9 4063 0
4432 8 3084 0
4433 5 3304 0
4434 3 3118 0
4435 5 1353 0
4436 4 77 0
4437 3 1655 0
4438 4 3998 0
4439 4 3890 0
4440 5 2710 0
4441 8 867 0
4442 7 1852 0
4443 4 4009 0
4444 7 3600 0
4445 4 3118 0
4446 7 1706 0
4447 9 144 0
4448 5 4072 0
4449 6 2865 0
4450 7 937 0
4451 2 1958 0
4452 4 1472 0
4453 8 4633 0
4454 2 1144 0
4455 5 2083 0
4456 5 4095 0
4457 3 2497 0
4458 9 3137 0
4459 8 2551 0
4460 5 3244 0
4461 4 1784 0
4462 6 3655 0
4463 6 3687 0
4464 3 2697 0
4465 7 2023 0
4466 4 1846 0
4467 7 3327 0
4468 3 1177 0
4469 4 1518 0
4470 9 3117 0
4471 8 984 0
4472 5 2085 0
4473 7 4867 0
4474 5 1910 0
4475 5 2313 0
4476 7 4032 0
4477 6 4609 0
4478 4 1144 0
4479 4 2190 0
4480 5 250 0
4481 3 3853 0
4482 9 4350 0
4483 7 1956 0
4484 9 1829 0
4485 7 4627 0
4486 7 3048 0
4487 4 4237 0
4488 1 4908 0
4489 9 4568 0
4490 6 1927 0
4491 5 1273 0
4492 7 905 0
4493 6 3301 0
4494 10 572 0
4495 6 273 0
4496 5 1169 0
4497 4 502 0
4498 7 3896 0
4499 5 3156 0
4500 6 3250 0
4501 5 326 0
4502 5 1279 0
4503 5 3788 0
4504 7 3384 0
4505 3 1294 0
4506 4 3666 0
4507 6 2705 0
4508 5 4086 0
4509 3 4185 0
4510 7 2206 0
4511 5 2463 0
4512 6 2256 0
4513 6 2181 0
4514 6 2722 0
4515 5 3343 0
4516 5 3763 0
4517 5 1936 0
4518 1 53 0
4519 7 2710 0
4520 5 4980 0
4521 5 3211 0
4522 6 2151 0
4523 8 206 0
4524 5 3642 0
4525 1 261 0
4526 3 3976 0
4527 0 3229 0
4528 3 3463 0
4529 5 945 0
4530 3 2734 0
4531 9 4882 0
4532 7 2547 0
4533 5 4536 0
4534 7 751 0
4535 3 596 0
4536 8 1777 0
4537 4 3488 0
4538 5 765 0
4539 6 716 0
4540 8 1719 0
4541 10 3140 0
4542 1 3654 0
4543 4 2418 0
4544 6 3797 0
4545 7 719 0
4546 6 915 0
4547 6 1600 0
4548 3 2890 0
4549 8 2575 0
4550 6 4933 0
4551 6 1157 0
4552 8 78 0
4553 9 4044 0
4554 5 215 0
4555 7 2288 0
4556 8 2657 0
4557 4 1869 0
4558 7 3699 0
4559 4 4185 0
4560 7 3583 0
4561 6 2098 0
4562 5 3999 0
4563 2 4652 0
4564 6 1080 0
4565 6 4218 0
4566 7 49 0
4567 8 3732 0
4568 1 793 0
4569 7 1685 0
4570 7 3022 0
4571 6 1914 0
4572 4 3296 0
4573 4 3546 0
4574 6 4235 0
4575 6 3118 0
4576 9 4518 0
4577 8 763 0
4578 8 1384 0
4579 2 2988 0
4580 7 1002 0
4581 7 4547 0
4582 6 3100 0
4583 6 520 0
4584 6 3431 0
4585 8 4936 0
4586 3 2042 0
4587 6 227 0
4588 8 2695 0
4589 4 4652 0
4590 5 3999 0
4591 2 3009 0
4592 7 3804 0
4593 2 1003 0
4594 6 2594 0
4595 11 510 0
4596 7 4245 0
4597 6 3393 0
4598 6 2042 0
4599 5 3178 0
4600 9 2921 0
4601 7 4 0
4602 6 3146 0
4603 5 612 0
4604 7 922 0
4605 2 539 0
4606 4 1907 0
4607 9 1467 0
4608 6 491 0
4609 7 3279 0
4610 4 2823 0
4611 3 1377 0
4612 2 4075 0
4613 8 2681 0
4614 4 1537 0
4615 6 3176 0
4616 5 4145 0
4617 9 3126 0
4618 4 3889 0
4619 2 2505 0
4620 4 1801 0
4621 5 854 0
4622 5 2119 0
4623 3 4835 0
4624 5 4979 0
4625 6 2566 0
4626 6 3351 0
4627 3 1892 0
4628 3 960 0
4629 1 676 0
4630 5 31 0
4631 7 747 0
4632 4 1336 0
4633 5 1504 0
4634 0 723 0
4635 7 1615 0
4636 5 4323 0
4637 5 4970 0
4638 7 1643 0
4639 3 4544 0
4640 4 2100 0
4641 4 2292 0
4642 6 3264 0
4643 6 2044 0
4644 3 1953 0
4645 7 2021 0
4646 9 1964 0
4647 8 691 0
4648 5 2027 0
4649 7 299 0
4650 4 394 0
4651 4 1564 0
4652 3 3793 0
4653 5 472 0
4654 10 3111 0
4655 7 2659 0
4656 4 2376 0
4657 8 2496 0
4658 4 3023 0
4659 5 3934 0
4660 2 87 0
4661 5 989 0
4662 5 2060 0
4663 5 1208 0
4664 3 3296 0
4665 7 3774 0
4666 6 2502 0
4667 5 3963 0
4668 9 993 0
4669 6 2884 0
4670 4 493 0
4671 6 4883 0
4672 5 948 0
4673 4 3400 0
4674 9 4005 0
4675 10 2587 0
4676 0 3630 0
4677 4 245 0
4678 6 2481 0
4679 6 4247 0
4680 6 1383 0
4681 3 211 0
4682 5 2118 0
4683 7 2251 0
4684 3 3586 0
4685 5 1487 0
4686 4 151 0
4687 5 3347 0
4688 1 2465 0
4689 8 1115 0
4690 3 4966 0
4691 6 2841 0
4692 4 1298 0
4693 7 2500 0
4694 4 1655 0
4695 5 2599 0
4696 6 2962 0
4697 9 4651 0
4698 4 3177 0
4699 7 2400 0
4700 5 3014 0
4701 2 2142 0
4702 8 1083 0
4703 3 532 0
4704 7 3210 0
4705 5 2417 0
4706 8 2302 0
4707 2 4405 0
4708 5 1665 0
4709 7 1463 0
4710 1 4125 0
4711 6 3465 0
4712 6 1400 0
4713 4 4269 0
4714 4 3073 0
4715 7 2344 0
4716 5 4891 0
4717 8 1332 0
4718 7 338 0
4719 5 2190 0
4720 2 3394 0
4721 7 908 0
4722 7 1896 0
4723 7 2726 0
4724 6 1398 0
4725 7 3438 0
4726 6 1349 0
4727 6 1442 0
4728 7 1591 0
4729 6 235 0
4730 4 3110 0
4731 5 4604 0
4732 6 2466 0
4733 5 2598 0
4734 8 403 0
4735 7 3743 0
4736 9 4165 0
4737 9 2630 0
4738 5 3412 0
4739 6 2076 0
4740 2 2376 0
4741 4 2014 0
4742 5 2445 0
4743 4 132 0
4744 6 3157 0
4745 5 2214 0
4746 7 1557 0
4747 6 2735 0
4748 6 2254 0
4749 5 2563 0
4750 6 1187 0
4751 4 2006 0
4752 6 4523 0
4753 6 4818 0
4754 8 2940 0
4755 7 2657 0
4756 4 1032 0
4757 4 308 0
4758 2 4940 0
4759 7 4866 0
4760 6 2551 0
4761 5 3771 0
4762 6 2152 0
4763 6 338 0
4764 4 2158 0
4765 5 1425 0
4766 4 4979 0
4767 4 2469 0
4768 4 2860 0
4769 5 2071 0
4770 5 2433 0
4771 9 4228 0
4772 7 4717 0
4773 7 1200 0
4774 6 1378 0
4775 3 633 0
4776 3 244 0
4777 4 1893 0
4778 6 3063 0
4779 3 699 0
4780 5 3034 0
4781 2 324 0
4782 6 1398 0
4783 1 40 0
4784 5 4063 0
4785 5 3160 0
4786 8 3672 0
4787 6 4562 0
4788 7 200 0
4789 6 567 0
4790 5 2949 0
4791 5 537 0
4792 3 414 0
4793 6 374 0
4794 7 3725 0
4795 2 3549 0
4796 5 83 0
4797 8 1571 0
4798 4 2256 0
4799 7 3410 0
4800 8 1559 0
4801 4 2883 0
4802 6 416 0
4803 4 493 0
4804 6 3751 0
4805 7 1936 0
4806 4 4112 0
4807 5 3752 0
4808 6 3891 0
4809 8 203 0
4810 5 2971 0
4811 8 2916 0
4812 5 1541 0
4813 3 2969 0
4814 2 2165 0
4815 4 3297 0
4816 7 35 0
4817 8 229 0
4818 7 2507 0
4819 6 2202 0
4820 7 528 0
4821 2 4184 0
4822 5 910 0
4823 6 2402 0
4824 4 853 0
4825 4 404 0
4826 7 2098 0
4827 3 1930 0
4828 4 3311 0
4829 4 4633 0
4830 3 527 0
4831 8 100 0
4832 3 133 0
4833 3 467 0
4834 2 1312 0
4835 6 86 0
4836 4 3324 0
4837 5 3992 0
4838 3 2354 0
4839 2 4901 0
4840 4 1162 0
4841 9 1555 0
4842 4 3097 0
4843 5 1410 0
4844 5 689 0
4845 6 2846 0
4846 2 202 0
4847 4 2454 0
4848 6 4885 0
4849 6 1965 0
4850 8 2951 0
4851 5 3509 0
4852 5 3549 0
4853 5 4778 0
4854 4 2492 0
4855 6 2774 0
4856 7 1756 0
4857 5 8 0
4858 7 304 0
4859 3 4469 0
4860 7 4680 0
4861 5 3975 0
4862 6 3494 0
4863 8 1984 0
4864 7 625 0
4865 5 3688 0
4866 2 198 0
4867 4 4039 0
4868 8 1035 0
4869 9 4466 0
4870 3 3746 0
4871 8 3757 0
4872 6 3469 0
4873 6 2521 0
4874 5 4823 0
4875 6 2886 0
4876 5 2898 0
4877 6 2022 0
4878 7 4547 0
4879 5 2433 0
4880 5 1119 0
4881 4 3658 0
4882 4 1145 0
4883 4 2666 0
4884 4 3627 0
4885 3 772 0
4886 6 1055 0
4887 5 423 0
4888 9 1106 0
4889 7 622 0
4890 6 3172 0
4891 7 2353 0
4892 6 3433 0
4893 8 3574 0
4894 5 2095 0
4895 2 2775 0
4896 8 4816 0
4897 6 800 0
4898 9 3161 0
4899 5 4557 0
4900 6 797 0
4901 4 2208 0
4902 3 4804 0
4903 1 949 0
4904 3 1557 0
4905 5 4888 0
4906 7 4735 0
4907 2 4163 0
4908 6 2346 0
4909 8 2139 0
4910 4 4635 0
4911 5 1441 0
4912 7 2394 0
4913 5 635 0
4914 5 4566 0
4915 8 1445 0
4916 7 2668 0
4917 10 465 0
4918 5 255 0
4919 3 324 0
4920 9 4927 0
4921 5 3421 0
4922 7 4312 0
4923 8 4550 0
4924 4 3402 0
4925 7 1687 0
4926 5 234 0
4927 2 2561 0
4928 1 3080 0
4929 6 1038 0
4930 6 1371 0
4931 6 4024 0
4932 4 151 0
4933 4 4408 0
4934 9 4389 0
4935 4 699 0
4936 6 4918 0
4937 5 1406 0
4938 3 1730 0
4939 7 3399 0
4940 8 715 0
4941 3 1393 0
4942 3 2909 0
4943 6 3477 0
4944 4 4442 0
4945 4 1099 0
4946 4 3773 0
4947 9 3025 0
4948 3 335 0
4949 7 4116 0
4950 6 2310 0
4951 9 4446 0
4952 3 1535 0
4953 7 2609 0
4954 4 1666 0
4955 7 2384 0
4956 7 661 0
4957 10 1595 0
4958 4 120 0
4959 5 2715 0
4960 6 1796 0
4961 8 3809 0
4962 6 3996 0
4963 4 4521 0
4964 6 4077 0
4965 5 4445 0
4966 3 1433 0
4967 7 1012 0
4968 4 3729 0
4969 7 2278 0
4970 4 4593 0
4971 7 2361 0
4972 3 2241 0
4973 7 1187 0
4974 5 511 0
4975 6 1916 0
4976 8 1731 0
4977 1 2756 0
4978 4 575 0
4979 7 3002 0
4980 1 636 0
4981 9 4084 0
4982 4 3898 0
4983 4 785 0
4984 6 488 0
4985 5 3046 0
4986 4 1389 0
4987 6 4042 0
4988 7 4361 0
4989 10 3934 0
4990 6 3865 0
4991 6 3531 0
4992 4 3783 0
4993 3 3504 0
4994 1 4291 0
4995 4 955 0
4996 7 2652 0
4997 8 1732 0
4998 8 864 0
4999 9 4306 0
5000 3 4470 0
