1 3 3180 0
2 5 242 0
3 5 3840 0
4 4 3710 0
5 8 2673 0
6 7 643 0
7 5 4350 0
8 5 385 0
9 5 4006 0
10 3 2080 0
11 2 1000 0
12 3 2472 0
13 7 2376 0
14 8 3771 0
15 3 4315 0
16 4 2702 0
17 3 2505 0
18 4 0 0
19 5 3992 0
20 8 4999 0
21 3 2328 0
22 5 3281 0
23 2 2888 0
24 6 2004 0
25 6 3573 0
26 7 1385 0
27 2 3930 0
28 9 1762 0
29 6 1430 0
30 4 757 0
31 5 1565 0
32 4 665 0
33 5 4720 0
34 5 2248 0
35 5 104 0
36 6 480 0
37 4 435 0
38 7 3881 0
39 5 1480 0
40 3 4250 0
41 7 3545 0
42 8 11 0
43 3 3235 0
44 5 4610 0
45 9 581 0
46 8 898 0
47 7 4840 0
48 4 1084 0
49 8 4244 0
50 4 3141 0
51 6 4314 0
52 6 1854 0
53 5 3405 0
54 8 941 0
55 4 4317 0
56 5 590 0
57 6 1955 0
58 5 4739 0
59 8 1479 0
60 3 1919 0
61 5 2373 0
62 9 3409 0
63 5 1491 0
64 2 2129 0
65 7 4954 0
66 5 4138 0
67 3 2871 0
68 5 4347 0
69 6 1454 0
70 5 380 0
71 5 3135 0
72 7 3538 0
73 5 4430 0
74 2 1814 0
75 7 2220 0
76 6 2230 0
77 7 2636 0
78 9 4531 0
79 4 2484 0
80 4 669 0
81 3 3467 0
82 6 2814 0
83 6 578 0
84 3 4111 0
85 6 2275 0
86 6 2096 0
87 6 2483 0
88 4 1932 0
89 6 2993 0
90 2 835 0
91 7 3250 0
92 4 2723 0
93 1 3676 0
94 4 3811 0
95 6 1790 0
96 8 137 0
97 4 316 0
98 7 4563 0
99 1 2875 0
100 8 3003 0
101 5 1745 0
102 9 2593 0
103 3 2482 0
104 3 1823 0
105 7 4170 0
106 2 1014 0
107 7 3239 0
108 3 119 0
109 4 2753 0
110 7 4082 0
111 4 1852 0
112 3 2573 0
113 7 1056 0
114 1 3330 0
115 4 2937 0
116 8 2744 0
117 8 794 0
118 8 2591 0
119 6 1564 0
120 10 193 0
121 5 4334 0
122 7 3603 0
123 4 743 0
124 5 4454 0
125 4 898 0
126 7 4215 0
127 5 322 0
128 9 3927 0
129 6 1312 0
130 7 4936 0
131 3 2075 0
132 4 544 0
133 6 2725 0
134 6 3019 0
135 6 1675 0
136 6 2274 0
137 6 1391 0
138 6 1251 0
139 9 3178 0
140 3 2963 0
141 4 1966 0
142 6 3869 0
143 2 2477 0
144 3 4548 0
145 4 2207 0
146 9 1076 0
147 5 2272 0
148 5 4721 0
149 2 1818 0
150 4 133 0
151 8 2793 0
152 5 3870 0
153 3 3068 0
154 4 4308 0
155 5 2828 0
156 4 2607 0
157 6 1089 0
158 9 1505 0
159 7 4225 0
160 4 2171 0
161 6 1053 0
162 9 4150 0
163 4 1940 0
164 8 2546 0
165 6 496 0
166 5 2523 0
167 3 1007 0
168 5 4029 0
169 5 818 0
170 4 4078 0
171 8 4304 0
172 10 1702 0
173 6 1988 0
174 6 4647 0
175 7 527 0
176 7 3400 0
177 6 3267 0
178 8 3028 0
179 9 2422 0
180 4 1584 0
181 4 4776 0
182 6 3487 0
183 7 1938 0
184 4 3510 0
185 4 4567 0
186 7 2521 0
187 6 3456 0
188 4 1322 0
189 4 1824 0
190 11 902 0
191 4 3565 0
192 9 687 0
193 7 131 0
194 6 2285 0
195 6 2405 0
196 2 4971 0
197 9 3012 0
198 4 736 0
199 5 1261 0
200 3 1057 0
201 5 1167 0
202 9 4260 0
203 5 1970 0
204 1 1940 0
205 5 2562 0
206 6 3783 0
207 5 571 0
208 8 4728 0
209 5 2972 0
210 7 358 0
211 3 3578 0
212 4 790 0
213 2 1762 0
214 9 3592 0
215 4 2622 0
216 6 4717 0
217 1 3444 0
218 2 4143 0
219 7 565 0
220 4 3521 0
221 8 280 0
222 9 95 0
223 7 233 0
224 4 4825 0
225 5 543 0
226 9 306 0
227 6 2479 0
228 4 3084 0
229 6 3400 0
230 8 686 0
231 7 1020 0
232 3 934 0
233 4 2092 0
234 3 4376 0
235 6 4363 0
236 7 4062 0
237 3 2509 0
238 5 4606 0
239 3 4343 0
240 5 489 0
241 7 4979 0
242 6 496 0
243 8 827 0
244 5 3314 0
245 6 2268 0
246 8 132 0
247 7 3334 0
248 3 4428 0
249 7 2908 0
250 8 2020 0
251 8 1560 0
252 7 2973 0
253 1 1740 0
254 5 1690 0
255 7 305 0
256 4 301 0
257 8 2209 0
258 4 4872 0
259 1 3001 0
260 6 3666 0
261 8 2519 0
262 4 1106 0
263 6 2717 0
264 7 3509 0
265 9 1744 0
266 8 4003 0
267 7 3958 0
268 6 1246 0
269 4 3876 0
270 9 4713 0
271 7 3992 0
272 5 324 0
273 0 1666 0
274 5 2054 0
275 5 392 0
276 6 1594 0
277 6 410 0
278 4 4112 0
279 3 1132 0
280 5 407 0
281 5 3541 0
282 7 312 0
283 7 4989 0
284 5 796 0
285 6 4860 0
286 4 1988 0
287 6 3536 0
288 4 1294 0
289 6 2436 0
290 7 4729 0
291 6 2091 0
292 2 1872 0
293 8 660 0
294 0 1669 0
295 3 3349 0
296 4 2011 0
297 7 2639 0
298 3 1473 0
299 3 2576 0
300 9 4018 0
301 5 2843 0
302 4 3530 0
303 5 3114 0
304 5 4632 0
305 9 329 0
306 5 1894 0
307 7 3194 0
308 4 3886 0
309 6 3239 0
310 3 1691 0
311 6 345 0
312 11 2122 0
313 8 143 0
314 3 3316 0
315 4 4219 0
316 4 1053 0
317 4 502 0
318 6 90 0
319 6 1691 0
320 4 2904 0
321 3 855 0
322 8 2730 0
323 3 4984 0
324 2 2451 0
325 6 1685 0
326 6 2545 0
327 4 2491 0
328 5 4478 0
329 8 33 0
330 4 1568 0
331 8 4710 0
332 5 591 0
333 8 4379 0
334 6 2293 0
335 5 191 0
336 5 3733 0
337 7 2940 0
338 9 4203 0
339 4 1381 0
340 2 4969 0
341 3 4261 0
342 3 2130 0
343 3 4425 0
344 6 460 0
345 4 2625 0
346 6 976 0
347 6 3602 0
348 5 82 0
349 6 2738 0
350 9 4028 0
351 6 1182 0
352 6 738 0
353 8 370 0
354 7 3215 0
355 5 1533 0
356 8 94 0
357 4 4928 0
358 4 408 0
359 5 2685 0
360 9 703 0
361 5 2625 0
362 8 1909 0
363 4 3044 0
364 8 3093 0
365 4 920 0
366 6 4867 0
367 6 274 0
368 1 360 0
369 4 3468 0
370 6 294 0
371 3 1768 0
372 7 79 0
373 5 1890 0
374 4 1130 0
375 4 1864 0
376 6 1774 0
377 9 4933 0
378 0 4990 0
379 8 914 0
380 6 118 0
381 7 475 0
382 3 211 0
383 7 3865 0
384 8 63 0
385 3 805 0
386 4 1026 0
387 6 112 0
388 2 3387 0
389 5 2468 0
390 5 4212 0
391 5 3943 0
392 3 2586 0
393 7 3037 0
394 4 4224 0
395 8 1790 0
396 8 357 0
397 2 1024 0
398 5 3410 0
399 7 2982 0
400 3 4258 0
401 3 3197 0
402 8 1198 0
403 7 2504 0
404 5 1741 0
405 5 4421 0
406 5 4791 0
407 5 4710 0
408 7 429 0
409 6 3313 0
410 4 1207 0
411 5 4347 0
412 6 433 0
413 5 2615 0
414 6 2304 0
415 7 292 0
416 3 3435 0
417 2 501 0
418 5 1333 0
419 6 3814 0
420 5 4860 0
421 6 2618 0
422 4 3402 0
423 7 4934 0
424 5 4530 0
425 6 1149 0
426 5 3300 0
427 5 4727 0
428 6 3100 0
429 6 2893 0
430 1 1028 0
431 5 4416 0
432 1 3142 0
433 7 4785 0
434 6 3694 0
435 8 4912 0
436 11 1536 0
437 5 1507 0
438 8 1782 0
439 4 2563 0
440 4 3325 0
441 5 3123 0
442 6 647 0
443 1 14 0
444 5 2051 0
445 6 3654 0
446 2 4450 0
447 6 3695 0
448 7 1452 0
449 9 4356 0
450 5 1795 0
451 6 2925 0
452 6 4096 0
453 3 4051 0
454 5 1539 0
455 3 1712 0
456 4 492 0
457 7 752 0
458 4 3058 0
459 3 1621 0
460 5 335 0
461 7 848 0
462 5 414 0
463 8 2679 0
464 2 3107 0
465 7 1620 0
466 8 4229 0
467 6 729 0
468 1 4414 0
469 5 3970 0
470 3 3565 0
471 4 4306 0
472 6 2079 0
473 5 3569 0
474 3 1612 0
475 4 1538 0
476 4 1730 0
477 2 3388 0
478 7 1520 0
479 6 3351 0
480 2 3276 0
481 7 1468 0
482 6 2927 0
483 6 362 0
484 3 4218 0
485 10 3643 0
486 6 602 0
487 8 587 0
488 6 2432 0
489 7 4390 0
490 3 2766 0
491 5 399 0
492 5 231 0
493 5 2665 0
494 8 1649 0
495 9 2707 0
496 5 4823 0
497 7 4037 0
498 2 135 0
499 7 4830 0
500 3 775 0
501 4 3528 0
502 5 128 0
503 6 1790 0
504 7 2348 0
505 6 4132 0
506 4 3485 0
507 6 1685 0
508 6 1894 0
509 6 873 0
510 6 987 0
511 4 3035 0
512 5 2714 0
513 4 4664 0
514 7 3722 0
515 6 4197 0
516 7 1108 0
517 8 1196 0
518 3 734 0
519 6 3328 0
520 5 563 0
521 5 1115 0
522 6 3800 0
523 6 1048 0
524 2 416 0
525 5 1273 0
526 7 2513 0
527 4 3486 0
528 7 1133 0
529 5 3703 0
530 5 1719 0
531 6 2206 0
532 7 4050 0
533 9 720 0
534 7 4551 0
535 9 732 0
536 7 567 0
537 5 4660 0
538 5 1831 0
539 6 3804 0
540 4 3107 0
541 6 2104 0
542 5 4404 0
543 6 4290 0
544 8 2111 0
545 6 2925 0
546 1 4784 0
547 5 2072 0
548 6 4046 0
549 6 2599 0
550 3 4997 0
551 6 2642 0
552 7 3598 0
553 3 4960 0
554 7 4924 0
555 6 2742 0
556 1 2463 0
557 6 23 0
558 6 3814 0
559 6 3040 0
560 6 3961 0
561 1 1181 0
562 6 2659 0
563 1 3520 0
564 6 1846 0
565 5 4353 0
566 3 4787 0
567 6 4051 0
568 2 4842 0
569 4 1830 0
570 8 3094 0
571 4 944 0
572 3 1803 0
573 4 734 0
574 4 2653 0
575 3 804 0
576 7 4772 0
577 3 4629 0
578 4 207 0
579 4 2688 0
580 6 3444 0
581 7 62 0
582 8 3513 0
583 5 4622 0
584 6 1898 0
585 5 2722 0
586 5 230 0
587 1 958 0
588 5 2892 0
589 6 4779 0
590 6 491 0
591 4 3583 0
592 6 4455 0
593 6 4597 0
594 9 1923 0
595 5 33 0
596 7 4429 0
597 9 3430 0
598 6 459 0
599 4 695 0
600 5 3553 0
601 5 2756 0
602 4 3084 0
603 6 4216 0
604 11 4002 0
605 4 3121 0
606 6 4349 0
607 10 4350 0
608 4 532 0
609 8 2615 0
610 2 768 0
611 8 4493 0
612 4 872 0
613 6 621 0
614 7 287 0
615 7 1182 0
616 4 3757 0
617 4 4000 0
618 9 3699 0
619 6 37 0
620 6 3577 0
621 8 1528 0
622 3 119 0
623 5 2234 0
624 6 525 0
625 6 2733 0
626 2 2003 0
627 3 4293 0
628 5 4783 0
629 2 904 0
630 5 209 0
631 7 1897 0
632 7 1502 0
633 2 548 0
634 8 4510 0
635 7 4104 0
636 4 1322 0
637 7 3150 0
638 4 1912 0
639 6 1777 0
640 8 1179 0
641 5 2185 0
642 6 2077 0
643 6 4001 0
644 6 901 0
645 6 3215 0
646 3 3055 0
647 6 1849 0
648 4 791 0
649 3 3665 0
650 5 1339 0
651 6 1774 0
652 4 2949 0
653 5 1030 0
654 6 616 0
655 3 818 0
656 4 3020 0
657 3 2522 0
658 6 1929 0
659 5 1148 0
660 5 2488 0
661 7 1033 0
662 9 4388 0
663 4 109 0
664 6 1591 0
665 8 622 0
666 7 1696 0
667 4 4187 0
668 10 3269 0
669 8 2211 0
670 3 1581 0
671 7 623 0
672 4 4854 0
673 5 2693 0
674 8 2239 0
675 4 2073 0
676 7 836 0
677 4 1366 0
678 2 3657 0
679 4 1177 0
680 7 2444 0
681 3 3759 0
682 7 3731 0
683 2 4910 0
684 9 3276 0
685 4 4184 0
686 7 824 0
687 6 1744 0
688 3 3796 0
689 6 4591 0
690 7 1238 0
691 4 1472 0
692 5 4666 0
693 5 1069 0
694 5 2989 0
695 5 850 0
696 8 1031 0
697 6 2747 0
698 8 4296 0
699 6 803 0
700 5 2041 0
701 3 940 0
702 7 4084 0
703 5 2660 0
704 6 2636 0
705 6 2782 0
706 6 3849 0
707 6 4934 0
708 4 4838 0
709 6 4573 0
710 7 326 0
711 9 1019 0
712 5 1597 0
713 4 2105 0
714 7 1816 0
715 5 2835 0
716 8 365 0
717 4 4693 0
718 9 3295 0
719 7 3107 0
720 7 3827 0
721 6 4210 0
722 4 182 0
723 10 2416 0
724 6 3587 0
725 6 2608 0
726 8 4760 0
727 3 3844 0
728 4 1046 0
729 7 4158 0
730 6 3374 0
731 10 3717 0
732 7 918 0
733 9 3226 0
734 5 4530 0
735 5 2934 0
736 3 198 0
737 7 3275 0
738 8 251 0
739 7 3895 0
740 5 852 0
741 6 2011 0
742 6 3515 0
743 3 4461 0
744 4 4539 0
745 6 262 0
746 8 2349 0
747 5 522 0
748 3 4595 0
749 1 3208 0
750 5 3388 0
751 4 4095 0
752 6 4081 0
753 4 3356 0
754 4 1752 0
755 5 3001 0
756 2 2699 0
757 5 427 0
758 7 3630 0
759 1 356 0
760 9 2184 0
761 4 1915 0
762 6 4492 0
763 3 4455 0
764 2 3596 0
765 7 659 0
766 6 4487 0
767 5 1881 0
768 5 4307 0
769 4 2850 0
770 4 2456 0
771 8 4478 0
772 3 2374 0
773 6 717 0
774 4 3821 0
775 5 118 0
776 5 1228 0
777 7 1620 0
778 3 3972 0
779 7 3412 0
780 5 3416 0
781 8 2033 0
782 5 1413 0
783 6 2221 0
784 5 2508 0
785 7 4973 0
786 3 3494 0
787 5 786 0
788 3 3491 0
789 0 1481 0
790 8 1607 0
791 4 711 0
792 4 2852 0
793 3 3043 0
794 5 4842 0
795 6 2164 0
796 4 2794 0
797 4 3821 0
798 5 4981 0
799 7 4600 0
800 5 4190 0
801 5 4195 0
802 4 904 0
803 8 2433 0
804 4 1717 0
805 7 2623 0
806 6 4529 0
807 3 330 0
808 9 4326 0
809 4 3109 0
810 11 3330 0
811 9 77 0
812 4 2946 0
813 7 1510 0
814 6 1839 0
815 6 808 0
816 6 4727 0
817 5 1210 0
818 4 2655 0
819 6 4004 0
820 4 4048 0
821 4 2831 0
822 5 4296 0
823 3 3133 0
824 3 892 0
825 9 4719 0
826 5 4890 0
827 4 948 0
828 3 1508 0
829 8 4204 0
830 5 4009 0
831 5 3991 0
832 3 3669 0
833 8 4507 0
834 8 3059 0
835 5 4486 0
836 5 1797 0
837 7 4527 0
838 8 4987 0
839 7 1604 0
840 9 1319 0
841 3 4389 0
842 8 1443 0
843 7 2224 0
844 3 2220 0
845 6 15 0
846 9 2749 0
847 6 2414 0
848 4 4182 0
849 4 3999 0
850 6 699 0
851 5 1813 0
852 1 4482 0
853 8 4100 0
854 3 408 0
855 5 4102 0
856 9 3492 0
857 7 1422 0
858 4 4612 0
859 7 2361 0
860 3 3102 0
861 2 795 0
862 5 3220 0
863 3 3973 0
864 6 1186 0
865 4 3983 0
866 8 2329 0
867 5 4279 0
868 5 688 0
869 7 908 0
870 7 1568 0
871 5 155 0
872 8 4408 0
873 4 1719 0
874 9 3290 0
875 4 4445 0
876 8 2193 0
877 4 3459 0
878 5 2567 0
879 9 736 0
880 6 4953 0
881 6 2562 0
882 8 4816 0
883 8 4765 0
884 6 4891 0
885 6 555 0
886 7 3035 0
887 7 1702 0
888 6 3916 0
889 1 3319 0
890 10 3244 0
891 6 4875 0
892 6 2400 0
893 2 2655 0
894 6 4750 0
895 9 4859 0
896 3 3980 0
897 5 4358 0
898 3 1471 0
899 7 316 0
900 8 1321 0
901 5 1063 0
902 4 4716 0
903 3 285 0
904 5 1606 0
905 5 3154 0
906 8 4448 0
907 6 202 0
908 0 893 0
909 6 4967 0
910 6 1889 0
911 5 813 0
912 10 1169 0
913 5 4414 0
914 10 4826 0
915 6 4094 0
916 7 3720 0
917 9 4289 0
918 8 902 0
919 2 2779 0
920 9 547 0
921 6 4617 0
922 6 4243 0
923 7 3813 0
924 9 1335 0
925 5 226 0
926 3 1449 0
927 7 431 0
928 5 1423 0
929 8 1407 0
930 5 939 0
931 4 1274 0
932 5 4082 0
933 8 4423 0
934 9 4592 0
935 5 4612 0
936 5 1628 0
937 6 4072 0
938 4 2368 0
939 4 1650 0
940 6 3114 0
941 7 3025 0
942 7 192 0
943 5 4406 0
944 4 2575 0
945 9 3620 0
946 4 2585 0
947 6 1549 0
948 7 334 0
949 7 2737 0
950 7 905 0
951 7 1447 0
952 7 4418 0
953 10 2710 0
954 6 12 0
955 5 4380 0
956 8 3545 0
957 6 3338 0
958 5 3655 0
959 8 2672 0
960 5 4992 0
961 5 649 0
962 8 2959 0
963 6 1699 0
964 8 675 0
965 7 2687 0
966 7 3497 0
967 2 1268 0
968 6 4217 0
969 9 2670 0
970 6 2184 0
971 6 4336 0
972 6 2725 0
973 3 1665 0
974 8 4443 0
975 4 2197 0
976 5 3971 0
977 3 4853 0
978 2 433 0
979 6 265 0
980 6 2169 0
981 3 589 0
982 5 4521 0
983 3 2859 0
984 7 4231 0
985 9 918 0
986 4 1933 0
987 5 3936 0
988 5 4422 0
989 6 4494 0
990 6 4827 0
991 7 1831 0
992 4 4448 0
993 4 1670 0
994 0 212 0
995 7 2764 0
996 5 2034 0
997 9 4679 0
998 7 4877 0
999 7 257 0
1000 5 478 0
1001 7 2452 0
1002 5 1082 0
1003 7 1372 0
1004 7 1235 0
1005 7 1087 0
1006 4 90 0
1007 2 2563 0
1008 2 1517 0
1009 4 1950 0
1010 5 2200 0
1011 5 3371 0
1012 6 3489 0
1013 4 2394 0
1014 5 3687 0
1015 3 106 0
1016 6 234 0
1017 3 4779 0
1018 4 2541 0
1019 3 2972 0
1020 9 1224 0
1021 5 3164 0
1022 5 1351 0
1023 5 4942 0
1024 6 2249 0
1025 1 30 0
1026 8 2918 0
1027 9 375 0
1028 2 1132 0
1029 10 593 0
1030 9 1758 0
1031 2 710 0
1032 5 223 0
1033 4 4402 0
1034 8 4157 0
1035 6 693 0
1036 9 1336 0
1037 6 1448 0
1038 7 39 0
1039 6 3926 0
1040 7 4657 0
1041 6 3852 0
1042 5 4664 0
1043 8 4356 0
1044 7 893 0
1045 5 570 0
1046 5 2747 0
1047 4 1203 0
1048 6 1292 0
1049 8 10 0
1050 7 2767 0
1051 5 4880 0
1052 8 3791 0
1053 4 2009 0
1054 7 2824 0
1055 5 4387 0
1056 5 1208 0
1057 5 58 0
1058 3 4602 0
1059 8 3827 0
1060 5 1599 0
1061 5 2984 0
1062 2 3188 0
1063 7 78 0
1064 9 2426 0
1065 8 1904 0
1066 8 4847 0
1067 5 4170 0
1068 4 1989 0
1069 6 2647 0
1070 8 3801 0
1071 4 3741 0
1072 4 1858 0
1073 6 2485 0
1074 4 3648 0
1075 6 3152 0
1076 2 1619 0
1077 5 2217 0
1078 6 950 0
1079 5 515 0
1080 6 3309 0
1081 5 3751 0
1082 6 1608 0
1083 4 843 0
1084 4 2369 0
1085 10 4270 0
1086 5 3736 0
1087 2 543 0
1088 5 2675 0
1089 6 2655 0
1090 7 1107 0
1091 4 2613 0
1092 5 2898 0
1093 7 1266 0
1094 3 1310 0
1095 8 4915 0
1096 6 4795 0
1097 6 2099 0
1098 6 463 0
1099 6 583 0
1100 6 4781 0
1101 5 1517 0
1102 6 1965 0
1103 8 1198 0
1104 7 3819 0
1105 3 1034 0
1106 5 1638 0
1107 7 3194 0
1108 4 4323 0
1109 7 2523 0
1110 2 2029 0
1111 2 3382 0
1112 6 4629 0
1113 9 1100 0
1114 7 3445 0
1115 9 2987 0
1116 6 505 0
1117 3 1402 0
1118 3 4660 0
1119 8 1979 0
1120 9 4321 0
1121 5 735 0
1122 4 3088 0
1123 7 4264 0
1124 4 2066 0
1125 4 1588 0
1126 6 4621 0
1127 3 4032 0
1128 3 318 0
1129 2 2572 0
1130 9 2939 0
1131 4 1981 0
1132 8 2536 0
1133 5 2043 0
1134 8 861 0
1135 6 92 0
1136 5 387 0
1137 7 527 0
1138 4 3794 0
1139 3 1493 0
1140 6 2369 0
1141 7 2139 0
1142 8 2205 0
1143 5 4242 0
1144 5 4416 0
1145 8 2065 0
1146 3 1880 0
1147 7 4237 0
1148 5 2513 0
1149 7 2534 0
1150 9 1174 0
1151 4 286 0
1152 6 4718 0
1153 4 953 0
1154 6 3820 0
1155 5 1291 0
1156 5 1266 0
1157 6 4616 0
1158 5 4335 0
1159 4 1997 0
1160 9 4302 0
1161 7 2355 0
1162 3 3743 0
1163 6 3676 0
1164 6 462 0
1165 7 4171 0
1166 5 4530 0
1167 6 2886 0
1168 8 2506 0
1169 4 491 0
1170 3 3302 0
1171 6 4584 0
1172 7 4178 0
1173 5 99 0
1174 5 4194 0
1175 3 2490 0
1176 4 2618 0
1177 8 4575 0
1178 3 1854 0
1179 6 1974 0
1180 7 669 0
1181 7 1563 0
1182 6 3989 0
1183 8 273 0
1184 3 2437 0
1185 5 2890 0
1186 5 2070 0
1187 6 251 0
1188 6 4051 0
1189 5 779 0
1190 9 3066 0
1191 8 2989 0
1192 4 1592 0
1193 7 1602 0
1194 3 3332 0
1195 5 4969 0
1196 11 4942 0
1197 5 2596 0
1198 5 3947 0
1199 4 2708 0
1200 5 997 0
1201 5 2516 0
1202 5 714 0
1203 5 3056 0
1204 6 2848 0
1205 2 4730 0
1206 6 3067 0
1207 10 2496 0
1208 7 583 0
1209 6 1957 0
1210 5 3991 0
1211 6 4245 0
1212 5 4201 0
1213 8 1325 0
1214 5 1662 0
1215 7 1135 0
1216 3 4373 0
1217 8 2634 0
1218 7 3714 0
1219 5 347 0
1220 1 3231 0
1221 6 3442 0
1222 3 3972 0
1223 2 658 0
1224 8 3868 0
1225 3 650 0
1226 6 4788 0
1227 4 3189 0
1228 5 3068 0
1229 5 982 0
1230 6 2777 0
1231 8 792 0
1232 6 2864 0
1233 9 4659 0
1234 8 3400 0
1235 3 1956 0
1236 7 474 0
1237 3 2105 0
1238 4 1509 0
1239 7 1844 0
1240 8 2920 0
1241 11 1367 0
1242 7 777 0
1243 5 3938 0
1244 5 1326 0
1245 6 2034 0
1246 6 799 0
1247 6 641 0
1248 9 3871 0
1249 11 4421 0
1250 4 2750 0
1251 3 4775 0
1252 4 2116 0
1253 5 739 0
1254 6 3644 0
1255 10 1239 0
1256 6 2353 0
1257 7 2367 0
1258 7 3518 0
1259 3 3819 0
1260 4 656 0
1261 5 2260 0
1262 8 2887 0
1263 6 2849 0
1264 8 1526 0
1265 4 4551 0
1266 6 3947 0
1267 1 553 0
1268 6 1075 0
1269 3 2519 0
1270 5 3725 0
1271 1 3843 0
1272 2 889 0
1273 6 1526 0
1274 4 4360 0
1275 5 1426 0
1276 5 3091 0
1277 8 4314 0
1278 4 3082 0
1279 7 4328 0
1280 8 3004 0
1281 3 2994 0
1282 6 857 0
1283 6 4065 0
1284 4 4696 0
1285 9 3316 0
1286 4 99 0
1287 7 1496 0
1288 2 1616 0
1289 10 1783 0
1290 7 2603 0
1291 6 2011 0
1292 5 1544 0
1293 6 972 0
1294 5 3389 0
1295 3 1826 0
1296 8 659 0
1297 7 190 0
1298 6 942 0
1299 4 1315 0
1300 7 3176 0
1301 6 2905 0
1302 7 3690 0
1303 8 3768 0
1304 2 2415 0
1305 4 4831 0
1306 10 3277 0
1307 4 50 0
1308 5 4596 0
1309 4 1875 0
1310 6 3499 0
1311 7 4268 0
1312 8 976 0
1313 7 4828 0
1314 7 4217 0
1315 4 4880 0
1316 8 588 0
1317 5 3962 0
1318 5 3598 0
1319 4 2159 0
1320 6 3042 0
1321 3 3238 0
1322 1 352 0
1323 5 1670 0
1324 7 4053 0
1325 11 2597 0
1326 7 4438 0
1327 6 3338 0
1328 8 4627 0
1329 6 3463 0
1330 7 3474 0
1331 5 1708 0
1332 7 1097 0
1333 4 4626 0
1334 7 3319 0
1335 5 94 0
1336 6 380 0
1337 8 3619 0
1338 3 1552 0
1339 7 3739 0
1340 8 2320 0
1341 3 1877 0
1342 4 313 0
1343 5 4150 0
1344 5 1726 0
1345 9 3379 0
1346 6 33 0
1347 4 1028 0
1348 8 3683 0
1349 6 869 0
1350 6 1743 0
1351 8 850 0
1352 4 1825 0
1353 4 3441 0
1354 2 3984 0
1355 3 4734 0
1356 7 403 0
1357 3 4575 0
1358 3 803 0
1359 4 3990 0
1360 5 4224 0
1361 6 2657 0
1362 3 636 0
1363 7 1790 0
1364 7 2327 0
1365 2 3370 0
1366 6 4466 0
1367 7 2338 0
1368 4 629 0
1369 6 3900 0
1370 1 1309 0
1371 7 1408 0
1372 8 4240 0
1373 6 526 0
1374 5 1403 0
1375 6 2521 0
1376 2 3887 0
1377 3 1335 0
1378 4 370 0
1379 9 4246 0
1380 7 4879 0
1381 6 3331 0
1382 4 1345 0
1383 5 3245 0
1384 7 4120 0
1385 7 3978 0
1386 8 3688 0
1387 8 656 0
1388 5 1475 0
1389 3 3811 0
1390 5 212 0
1391 6 1061 0
1392 6 3778 0
1393 8 1870 0
1394 5 4100 0
1395 7 1534 0
1396 2 238 0
1397 7 4064 0
1398 7 655 0
1399 2 4634 0
1400 7 682 0
1401 5 2355 0
1402 5 1299 0
1403 5 3472 0
1404 9 1720 0
1405 10 1333 0
1406 8 4146 0
1407 6 3387 0
1408 10 1022 0
1409 7 1207 0
1410 7 4611 0
1411 7 1581 0
1412 9 3753 0
1413 4 4946 0
1414 6 4781 0
1415 7 283 0
1416 6 2647 0
1417 4 1443 0
1418 5 4348 0
1419 3 4441 0
1420 6 3147 0
1421 6 791 0
1422 5 905 0
1423 4 372 0
1424 9 4257 0
1425 7 4245 0
1426 3 2397 0
1427 9 3148 0
1428 3 4959 0
1429 7 3551 0
1430 2 2788 0
1431 6 1412 0
1432 6 2002 0
1433 8 4405 0
1434 5 215 0
1435 6 1752 0
1436 5 2867 0
1437 5 2425 0
1438 4 2765 0
1439 6 1375 0
1440 5 2200 0
1441 7 3889 0
1442 7 4027 0
1443 5 1758 0
1444 5 642 0
1445 3 3588 0
1446 7 3042 0
1447 4 4148 0
1448 4 3655 0
1449 4 1047 0
1450 5 2545 0
1451 4 2199 0
1452 9 1950 0
1453 5 3446 0
1454 7 1841 0
1455 4 4418 0
1456 8 4361 0
1457 8 3428 0
1458 5 2740 0
1459 7 3000 0
1460 6 4571 0
1461 6 4126 0
1462 7 880 0
1463 2 2636 0
1464 4 2926 0
1465 6 377 0
1466 1 1596 0
1467 5 880 0
1468 8 2971 0
1469 5 3365 0
1470 6 866 0
1471 3 2415 0
1472 6 2959 0
1473 4 1624 0
1474 4 2279 0
1475 4 3951 0
1476 4 1176 0
1477 4 2686 0
1478 5 3755 0
1479 7 1431 0
1480 3 2631 0
1481 6 2 0
1482 2 3899 0
1483 7 452 0
1484 3 3034 0
1485 6 799 0
1486 6 3409 0
1487 3 4369 0
1488 7 3510 0
1489 8 3946 0
1490 2 3161 0
1491 7 2508 0
1492 9 875 0
1493 5 176 0
1494 3 1042 0
1495 1 3832 0
1496 2 4000 0
1497 2 3246 0
1498 4 2707 0
1499 7 384 0
1500 9 982 0
1501 7 1892 0
1502 2 2435 0
1503 6 4622 0
1504 9 4277 0
1505 3 906 0
1506 6 4859 0
1507 7 1240 0
1508 3 128 0
1509 5 3732 0
1510 4 1027 0
1511 10 4383 0
1512 7 2143 0
1513 6 4603 0
1514 3 3972 0
1515 4 2119 0
1516 6 1625 0
1517 9 2302 0
1518 5 4244 0
1519 5 546 0
1520 6 4779 0
1521 6 4874 0
1522 6 940 0
1523 4 2625 0
1524 5 716 0
1525 4 3022 0
1526 5 1784 0
1527 6 1362 0
1528 5 486 0
1529 6 1657 0
1530 8 1173 0
1531 8 4508 0
1532 4 1513 0
1533 11 449 0
1534 6 4696 0
1535 3 800 0
1536 6 3874 0
1537 9 3976 0
1538 4 3375 0
1539 4 4111 0
1540 9 1984 0
1541 1 4653 0
1542 5 208 0
1543 5 743 0
1544 0 641 0
1545 3 1929 0
1546 3 959 0
1547 8 3559 0
1548 6 2340 0
1549 8 300 0
1550 5 2654 0
1551 5 3881 0
1552 7 1382 0
1553 1 4619 0
1554 5 625 0
1555 8 2867 0
1556 6 639 0
1557 4 4694 0
1558 8 2649 0
1559 4 399 0
1560 5 36 0
1561 5 4796 0
1562 4 2022 0
1563 4 2732 0
1564 4 30 0
1565 5 991 0
1566 4 832 0
1567 5 1407 0
1568 4 2131 0
1569 5 1144 0
1570 2 3685 0
1571 4 1750 0
1572 8 3883 0
1573 3 242 0
1574 4 938 0
1575 7 4605 0
1576 4 990 0
1577 6 1075 0
1578 5 3318 0
1579 9 3284 0
1580 3 2594 0
1581 4 2993 0
1582 6 1817 0
1583 1 4183 0
1584 7 2709 0
1585 4 999 0
1586 6 527 0
1587 8 4269 0
1588 6 4185 0
1589 7 1346 0
1590 6 18 0
1591 6 2780 0
1592 10 3176 0
1593 4 759 0
1594 3 1251 0
1595 5 896 0
1596 7 477 0
1597 6 595 0
1598 7 905 0
1599 6 923 0
1600 3 1991 0
1601 2 290 0
1602 3 596 0
1603 4 4949 0
1604 4 3734 0
1605 4 623 0
1606 7 982 0
1607 6 1403 0
1608 4 4373 0
1609 8 111 0
1610 2 3749 0
1611 5 2907 0
1612 7 1605 0
1613 8 2098 0
1614 4 4485 0
1615 5 1183 0
1616 5 3273 0
1617 6 3600 0
1618 5 4068 0
1619 8 1312 0
1620 3 1799 0
1621 6 4723 0
1622 7 3446 0
1623 9 3772 0
1624 7 1904 0
1625 9 280 0
1626 4 2874 0
1627 4 890 0
1628 7 2525 0
1629 5 2090 0
1630 4 3472 0
1631 4 4532 0
1632 6 49 0
1633 2 3536 0
1634 8 3917 0
1635 4 2067 0
1636 7 957 0
1637 7 119 0
1638 11 694 0
1639 6 586 0
1640 5 892 0
1641 8 3897 0
1642 3 175 0
1643 6 2356 0
1644 5 1111 0
1645 7 1054 0
1646 2 4124 0
1647 6 3408 0
1648 5 448 0
1649 9 3558 0
1650 3 185 0
1651 3 3789 0
1652 9 579 0
1653 8 2343 0
1654 7 841 0
1655 6 206 0
1656 4 1632 0
1657 7 744 0
1658 5 1144 0
1659 7 2660 0
1660 4 1431 0
1661 6 4966 0
1662 8 2929 0
1663 6 1556 0
1664 9 3038 0
1665 6 3094 0
1666 3 2405 0
1667 6 1579 0
1668 3 432 0
1669 7 845 0
1670 5 4391 0
1671 5 4612 0
1672 2 1937 0
1673 5 518 0
1674 6 4924 0
1675 7 4473 0
1676 4 1598 0
1677 6 3463 0
1678 5 2293 0
1679 4 1694 0
1680 5 1301 0
1681 6 577 0
1682 4 174 0
1683 1 2632 0
1684 6 2476 0
1685 8 4547 0
1686 4 543 0
1687 7 2929 0
1688 4 4602 0
1689 6 1742 0
1690 8 4658 0
1691 5 3677 0
1692 3 3419 0
1693 4 1671 0
1694 4 4510 0
1695 1 2198 0
1696 0 168 0
1697 5 3013 0
1698 6 2834 0
1699 9 2007 0
1700 5 4879 0
1701 5 712 0
1702 7 139 0
1703 5 4230 0
1704 5 570 0
1705 5 1051 0
1706 4 3730 0
1707 5 4652 0
1708 3 3492 0
1709 6 4193 0
1710 7 4335 0
1711 7 327 0
1712 5 750 0
1713 7 61 0
1714 3 891 0
1715 4 570 0
1716 6 1258 0
1717 9 3840 0
1718 5 554 0
1719 5 404 0
1720 7 3533 0
1721 6 2590 0
1722 5 453 0
1723 5 4391 0
1724 5 975 0
1725 7 4134 0
1726 6 1611 0
1727 9 4369 0
1728 4 1771 0
1729 4 2990 0
1730 5 517 0
1731 7 558 0
1732 4 3580 0
1733 4 16 0
1734 5 167 0
1735 5 4497 0
1736 5 3178 0
1737 7 4557 0
1738 8 2964 0
1739 8 2028 0
1740 5 4384 0
1741 3 181 0
1742 6 4495 0
1743 4 1662 0
1744 4 3955 0
1745 4 4779 0
1746 1 4064 0
1747 6 3771 0
1748 4 1462 0
1749 5 289 0
1750 8 2654 0
1751 6 3578 0
1752 5 2391 0
1753 7 4633 0
1754 2 1536 0
1755 8 460 0
1756 6 2459 0
1757 7 1651 0
1758 4 1079 0
1759 8 1106 0
1760 3 2686 0
1761 4 1295 0
1762 9 1445 0
1763 5 3747 0
1764 4 1314 0
1765 5 52 0
1766 6 1682 0
1767 5 4645 0
1768 5 1031 0
1769 6 2192 0
1770 6 4334 0
1771 4 4056 0
1772 5 1127 0
1773 7 3467 0
1774 6 3327 0
1775 8 823 0
1776 7 2458 0
1777 8 476 0
1778 8 2398 0
1779 8 1978 0
1780 3 740 0
1781 7 2528 0
1782 6 892 0
1783 7 2708 0
1784 7 4197 0
1785 2 1586 0
1786 6 3410 0
1787 6 4269 0
1788 6 3468 0
1789 2 540 0
1790 7 4412 0
1791 3 1758 0
1792 4 929 0
1793 6 3602 0
1794 3 821 0
1795 2 3096 0
1796 4 2792 0
1797 3 3353 0
1798 8 2639 0
1799 8 624 0
1800 1 3799 0
1801 4 3931 0
1802 2 55 0
1803 4 444 0
1804 3 1982 0
1805 3 4391 0
1806 2 1221 0
1807 3 338 0
1808 8 2122 0
1809 6 2073 0
1810 4 1867 0
1811 3 3358 0
1812 4 4918 0
1813 6 1998 0
1814 6 228 0
1815 4 3183 0
1816 7 2361 0
1817 6 4200 0
1818 6 4288 0
1819 9 3374 0
1820 6 4898 0
1821 9 1586 0
1822 5 1957 0
1823 6 1208 0
1824 5 4108 0
1825 5 3809 0
1826 4 2113 0
1827 5 889 0
1828 8 4521 0
1829 2 4914 0
1830 10 1534 0
1831 4 3755 0
1832 8 1846 0
1833 3 681 0
1834 7 1947 0
1835 4 250 0
1836 6 3703 0
1837 4 2222 0
1838 4 1523 0
1839 6 3796 0
1840 5 2474 0
1841 4 1613 0
1842 9 1486 0
1843 9 558 0
1844 5 4296 0
1845 7 2145 0
1846 8 446 0
1847 4 2548 0
1848 4 4722 0
1849 4 1632 0
1850 3 137 0
1851 4 605 0
1852 8 3585 0
1853 7 1514 0
1854 8 3536 0
1855 4 2927 0
1856 2 1623 0
1857 4 2905 0
1858 5 360 0
1859 7 3167 0
1860 5 4351 0
1861 8 2272 0
1862 3 994 0
1863 6 4394 0
1864 2 558 0
1865 4 3599 0
1866 4 1688 0
1867 5 4718 0
1868 7 1253 0
1869 1 2059 0
1870 6 1446 0
1871 6 791 0
1872 3 4031 0
1873 6 3133 0
1874 8 3309 0
1875 4 4764 0
1876 4 2268 0
1877 7 692 0
1878 6 1550 0
1879 8 4590 0
1880 3 2073 0
1881 4 83 0
1882 4 2322 0
1883 8 2959 0
1884 7 1042 0
1885 7 4239 0
1886 6 472 0
1887 4 566 0
1888 8 3914 0
1889 3 4780 0
1890 8 730 0
1891 8 2807 0
1892 6 3061 0
1893 6 3346 0
1894 4 4558 0
1895 5 4750 0
1896 4 4279 0
1897 6 3368 0
1898 3 1349 0
1899 6 629 0
1900 7 3797 0
1901 5 1022 0
1902 5 442 0
1903 6 4339 0
1904 7 124 0
1905 12 4683 0
1906 4 138 0
1907 8 2129 0
1908 7 205 0
1909 7 3217 0
1910 6 2627 0
1911 6 1656 0
1912 4 4627 0
1913 2 269 0
1914 2 2344 0
1915 4 1735 0
1916 5 2917 0
1917 4 4528 0
1918 4 2102 0
1919 8 3954 0
1920 8 3766 0
1921 6 3579 0
1922 9 1942 0
1923 4 2627 0
1924 8 3064 0
1925 6 4719 0
1926 5 428 0
1927 4 4611 0
1928 3 262 0
1929 9 4284 0
1930 5 2519 0
1931 5 3048 0
1932 6 1989 0
1933 6 1848 0
1934 7 55 0
1935 5 1956 0
1936 7 3364 0
1937 5 3995 0
1938 9 2750 0
1939 8 3986 0
1940 7 4082 0
1941 2 1661 0
1942 7 4125 0
1943 7 2487 0
1944 3 4321 0
1945 6 966 0
1946 6 4447 0
1947 7 3851 0
1948 5 385 0
1949 7 2688 0
1950 4 4172 0
1951 6 2533 0
1952 4 4339 0
1953 5 2834 0
1954 7 664 0
1955 4 4457 0
1956 2 3758 0
1957 5 2394 0
1958 6 3189 0
1959 6 1667 0
1960 6 4558 0
1961 7 831 0
1962 5 419 0
1963 6 638 0
1964 1 3866 0
1965 3 2959 0
1966 7 492 0
1967 8 1980 0
1968 5 1495 0
1969 2 702 0
1970 8 1829 0
1971 5 2649 0
1972 3 4854 0
1973 7 1386 0
1974 5 4194 0
1975 3 4327 0
1976 2 3472 0
1977 7 3158 0
1978 7 3675 0
1979 8 4225 0
1980 6 514 0
1981 5 2699 0
1982 6 923 0
1983 6 967 0
1984 6 1636 0
1985 3 2384 0
1986 5 616 0
1987 4 1892 0
1988 7 1843 0
1989 3 4855 0
1990 6 1992 0
1991 3 3574 0
1992 8 4678 0
1993 8 879 0
1994 7 777 0
1995 4 4105 0
1996 3 481 0
1997 5 4140 0
1998 4 516 0
1999 5 4109 0
2000 2 3431 0
2001 6 4731 0
2002 7 2660 0
2003 7 1465 0
2004 4 1711 0
2005 5 2768 0
2006 6 2174 0
2007 9 3147 0
2008 4 3813 0
2009 4 2767 0
2010 6 2689 0
2011 7 1703 0
2012 6 4950 0
2013 6 1978 0
2014 6 350 0
2015 6 4538 0
2016 7 2325 0
2017 6 3269 0
2018 7 1321 0
2019 3 942 0
2020 4 3496 0
2021 4 2446 0
2022 5 3304 0
2023 6 901 0
2024 3 4802 0
2025 8 4524 0
2026 9 1877 0
2027 3 1333 0
2028 6 4690 0
2029 3 2122 0
2030 5 323 0
2031 4 1367 0
2032 3 1458 0
2033 10 4714 0
2034 7 1742 0
2035 10 2620 0
2036 8 1474 0
2037 4 2010 0
2038 3 4901 0
2039 7 4226 0
2040 8 3816 0
2041 3 1653 0
2042 5 858 0
2043 5 1605 0
2044 7 3759 0
2045 5 676 0
2046 7 3667 0
2047 6 4823 0
2048 5 2287 0
2049 1 2205 0
2050 6 4036 0
2051 5 3287 0
2052 6 2421 0
2053 4 4946 0
2054 8 4119 0
2055 8 602 0
2056 5 2607 0
2057 5 1997 0
2058 7 970 0
2059 7 303 0
2060 7 917 0
2061 4 2347 0
2062 6 147 0
2063 5 1804 0
2064 7 4405 0
2065 4 93 0
2066 0 2877 0
2067 3 783 0
2068 5 2468 0
2069 7 2813 0
2070 3 1371 0
2071 6 4899 0
2072 7 3403 0
2073 8 4228 0
2074 6 4820 0
2075 4 1753 0
2076 5 3125 0
2077 7 3945 0
2078 8 4033 0
2079 3 4180 0
2080 5 4992 0
2081 4 4140 0
2082 7 4723 0
2083 6 503 0
2084 6 657 0
2085 4 588 0
2086 6 2045 0
2087 3 1558 0
2088 7 3537 0
2089 9 1870 0
2090 4 1828 0
2091 4 726 0
2092 6 2259 0
2093 2 4762 0
2094 9 1195 0
2095 5 107 0
2096 4 2920 0
2097 7 3002 0
2098 7 1963 0
2099 3 664 0
2100 8 2324 0
2101 6 1876 0
2102 4 1604 0
2103 8 4539 0
2104 3 1580 0
2105 2 3305 0
2106 4 1223 0
2107 6 3867 0
2108 5 3447 0
2109 8 4220 0
2110 5 2727 0
2111 4 1428 0
2112 4 951 0
2113 8 1617 0
2114 7 1604 0
2115 9 2186 0
2116 5 3851 0
2117 5 17 0
2118 6 1582 0
2119 6 2718 0
2120 8 3547 0
2121 3 324 0
2122 10 2162 0
2123 7 4778 0
2124 2 3090 0
2125 6 4724 0
2126 4 630 0
2127 3 1182 0
2128 7 937 0
2129 6 3136 0
2130 2 4377 0
2131 8 3093 0
2132 9 936 0
2133 5 4370 0
2134 6 1908 0
2135 7 2620 0
2136 6 3722 0
2137 5 193 0
2138 5 2162 0
2139 7 2541 0
2140 3 3051 0
2141 3 1355 0
2142 3 2535 0
2143 6 3463 0
2144 6 630 0
2145 7 2562 0
2146 5 1441 0
2147 7 3627 0
2148 2 1930 0
2149 8 1884 0
2150 10 2456 0
2151 6 3695 0
2152 4 2783 0
2153 7 451 0
2154 8 2226 0
2155 11 1180 0
2156 5 2032 0
2157 8 1147 0
2158 8 2019 0
2159 5 869 0
2160 4 3455 0
2161 6 1283 0
2162 4 1833 0
2163 5 2924 0
2164 6 3424 0
2165 8 1827 0
2166 5 3960 0
2167 6 2601 0
2168 6 3021 0
2169 10 3874 0
2170 7 1313 0
2171 8 1435 0
2172 6 4986 0
2173 1 575 0
2174 3 544 0
2175 9 897 0
2176 5 1161 0
2177 4 2266 0
2178 4 4232 0
2179 5 4238 0
2180 5 1264 0
2181 6 4386 0
2182 8 3227 0
2183 7 2907 0
2184 4 4416 0
2185 4 2383 0
2186 6 1541 0
2187 4 2277 0
2188 9 2812 0
2189 4 2437 0
2190 5 1307 0
2191 7 459 0
2192 8 487 0
2193 5 721 0
2194 6 2140 0
2195 6 1220 0
2196 6 17 0
2197 8 3329 0
2198 7 4661 0
2199 6 3350 0
2200 6 2697 0
2201 6 2008 0
2202 7 1581 0
2203 6 4586 0
2204 8 1688 0
2205 4 4281 0
2206 5 62 0
2207 4 3349 0
2208 5 3543 0
2209 7 2740 0
2210 6 1333 0
2211 4 1877 0
2212 5 2972 0
2213 7 34 0
2214 4 3100 0
2215 6 154 0
2216 6 4048 0
2217 1 1836 0
2218 8 4211 0
2219 2 3269 0
2220 9 1425 0
2221 4 4969 0
2222 4 860 0
2223 3 13 0
2224 8 4773 0
2225 3 3192 0
2226 6 2503 0
2227 2 3743 0
2228 3 1581 0
2229 4 3985 0
2230 6 192 0
2231 8 4597 0
2232 3 543 0
2233 6 4277 0
2234 7 4606 0
2235 6 3045 0
2236 6 2590 0
2237 7 906 0
2238 8 965 0
2239 6 1498 0
2240 4 33 0
2241 5 152 0
2242 9 3002 0
2243 6 2889 0
2244 7 1026 0
2245 7 3532 0
2246 6 2254 0
2247 4 2470 0
2248 8 190 0
2249 7 2935 0
2250 6 2920 0
2251 6 1022 0
2252 3 1695 0
2253 2 612 0
2254 5 4955 0
2255 4 2510 0
2256 6 3739 0
2257 2 2923 0
2258 9 1872 0
2259 4 476 0
2260 8 219 0
2261 3 3841 0
2262 6 4424 0
2263 6 4554 0
2264 6 1606 0
2265 7 2059 0
2266 4 2439 0
2267 7 722 0
2268 4 4632 0
2269 8 4697 0
2270 6 3197 0
2271 6 4167 0
2272 4 986 0
2273 6 1496 0
2274 5 276 0
2275 6 1977 0
2276 5 632 0
2277 5 1378 0
2278 7 4326 0
2279 6 4206 0
2280 6 4489 0
2281 3 1063 0
2282 4 1205 0
2283 2 98 0
2284 4 64 0
2285 7 2878 0
2286 6 3774 0
2287 6 1705 0
2288 4 3984 0
2289 4 2597 0
2290 6 4853 0
2291 5 1034 0
2292 1 2579 0
2293 5 210 0
2294 6 18 0
2295 3 521 0
2296 8 4575 0
2297 5 3430 0
2298 6 1539 0
2299 1 2800 0
2300 6 3685 0
2301 3 3142 0
2302 7 3723 0
2303 8 3858 0
2304 5 2224 0
2305 6 110 0
2306 3 2594 0
2307 6 1921 0
2308 4 4744 0
2309 6 598 0
2310 7 1595 0
2311 6 3873 0
2312 6 3387 0
2313 4 2617 0
2314 3 2240 0
2315 4 163 0
2316 5 3150 0
2317 7 3324 0
2318 8 4531 0
2319 6 2875 0
2320 4 1088 0
2321 8 2344 0
2322 4 2178 0
2323 7 559 0
2324 8 2772 0
2325 4 3772 0
2326 5 2521 0
2327 6 1354 0
2328 3 1709 0
2329 0 3626 0
2330 4 4726 0
2331 3 508 0
2332 6 3376 0
2333 6 1947 0
2334 7 3079 0
2335 7 381 0
2336 6 2944 0
2337 7 3882 0
2338 8 1485 0
2339 6 125 0
2340 7 2291 0
2341 5 1217 0
2342 6 1435 0
2343 9 1737 0
2344 3 1942 0
2345 6 287 0
2346 8 4624 0
2347 8 4454 0
2348 4 1909 0
2349 7 4879 0
2350 4 3103 0
2351 6 2090 0
2352 9 2823 0
2353 5 475 0
2354 5 4814 0
2355 5 795 0
2356 10 4512 0
2357 5 1715 0
2358 5 2166 0
2359 9 597 0
2360 5 3331 0
2361 6 4231 0
2362 2 1652 0
2363 6 3453 0
2364 3 2752 0
2365 5 368 0
2366 8 3398 0
2367 4 4981 0
2368 9 2361 0
2369 3 701 0
2370 6 2288 0
2371 6 4332 0
2372 5 4979 0
2373 3 630 0
2374 4 4094 0
2375 5 3641 0
2376 8 3661 0
2377 3 4018 0
2378 7 4792 0
2379 5 1095 0
2380 6 356 0
2381 8 2482 0
2382 9 3774 0
2383 9 1710 0
2384 9 3097 0
2385 5 870 0
2386 2 2479 0
2387 7 1737 0
2388 7 2503 0
2389 3 2763 0
2390 6 4328 0
2391 4 3078 0
2392 6 416 0
2393 4 3900 0
2394 5 3417 0
2395 4 4944 0
2396 6 3707 0
2397 5 4852 0
2398 6 2186 0
2399 10 3940 0
2400 7 1665 0
2401 6 2165 0
2402 8 2908 0
2403 7 898 0
2404 9 2326 0
2405 5 3292 0
2406 4 39 0
2407 5 2841 0
2408 8 3685 0
2409 2 1378 0
2410 7 3522 0
2411 3 2374 0
2412 8 3704 0
2413 7 4082 0
2414 5 1518 0
2415 8 4827 0
2416 4 2407 0
2417 5 4887 0
2418 7 1348 0
2419 5 309 0
2420 9 3461 0
2421 5 4105 0
2422 3 2225 0
2423 4 1863 0
2424 6 1278 0
2425 6 152 0
2426 5 3536 0
2427 5 3572 0
2428 3 1144 0
2429 5 4859 0
2430 4 519 0
2431 7 4923 0
2432 5 1394 0
2433 6 266 0
2434 9 707 0
2435 2 4280 0
2436 6 2151 0
2437 4 625 0
2438 8 2843 0
2439 6 3442 0
2440 4 2185 0
2441 8 467 0
2442 7 4027 0
2443 3 641 0
2444 7 4707 0
2445 7 3352 0
2446 4 1773 0
2447 5 4029 0
2448 6 4913 0
2449 6 2561 0
2450 9 1926 0
2451 5 1722 0
2452 3 3225 0
2453 5 2722 0
2454 3 2638 0
2455 1 2028 0
2456 5 2004 0
2457 4 2859 0
2458 4 2445 0
2459 4 2693 0
2460 7 871 0
2461 5 556 0
2462 6 3754 0
2463 6 3310 0
2464 6 4757 0
2465 2 3033 0
2466 5 4223 0
2467 7 396 0
2468 7 3223 0
2469 8 1733 0
2470 6 3739 0
2471 3 3361 0
2472 4 762 0
2473 1 3969 0
2474 9 492 0
2475 7 2311 0
2476 11 663 0
2477 4 3471 0
2478 7 1836 0
2479 4 2686 0
2480 6 788 0
2481 4 1730 0
2482 4 556 0
2483 5 465 0
2484 3 1319 0
2485 3 3237 0
2486 9 725 0
2487 7 2593 0
2488 8 3099 0
2489 5 2529 0
2490 9 3202 0
2491 4 3982 0
2492 7 1063 0
2493 6 4466 0
2494 5 3758 0
2495 4 705 0
2496 7 2320 0
2497 5 1605 0
2498 5 3853 0
2499 5 1885 0
2500 6 1368 0
2501 5 4303 0
2502 6 4308 0
2503 3 2069 0
2504 10 3676 0
2505 2 1464 0
2506 7 2807 0
2507 4 3601 0
2508 3 1379 0
2509 5 3756 0
2510 7 1302 0
2511 6 1563 0
2512 7 3734 0
2513 7 3146 0
2514 7 4455 0
2515 4 2449 0
2516 5 4439 0
2517 5 959 0
2518 5 4344 0
2519 6 2937 0
2520 5 3262 0
2521 6 1320 0
2522 4 1188 0
2523 6 2315 0
2524 6 3314 0
2525 7 212 0
2526 5 119 0
2527 8 1282 0
2528 5 2487 0
2529 7 2655 0
2530 0 3012 0
2531 3 2750 0
2532 7 4614 0
2533 5 3492 0
2534 4 3587 0
2535 3 4981 0
2536 8 3029 0
2537 8 1019 0
2538 3 755 0
2539 6 3168 0
2540 3 1888 0
2541 8 719 0
2542 7 820 0
2543 5 1613 0
2544 8 2464 0
2545 4 1393 0
2546 4 969 0
2547 4 4967 0
2548 6 1446 0
2549 8 3967 0
2550 4 495 0
2551 2 1829 0
2552 7 4033 0
2553 3 4316 0
2554 3 126 0
2555 5 2917 0
2556 4 331 0
2557 4 3515 0
2558 8 377 0
2559 5 352 0
2560 2 3102 0
2561 6 3884 0
2562 5 2922 0
2563 10 3512 0
2564 3 3871 0
2565 7 3133 0
2566 5 1509 0
2567 4 2179 0
2568 5 3600 0
2569 1 3554 0
2570 6 2201 0
2571 11 4710 0
2572 6 3336 0
2573 5 4935 0
2574 9 102 0
2575 4 4608 0
2576 3 1014 0
2577 9 4665 0
2578 6 4307 0
2579 4 2007 0
2580 4 4187 0
2581 4 228 0
2582 7 2066 0
2583 6 3134 0
2584 6 929 0
2585 7 2949 0
2586 7 3013 0
2587 5 126 0
2588 5 2236 0
2589 3 2266 0
2590 5 164 0
2591 4 2190 0
2592 6 4146 0
2593 1 2182 0
2594 4 4061 0
2595 4 1526 0
2596 6 3588 0
2597 4 4632 0
2598 5 2124 0
2599 6 57 0
2600 4 4965 0
2601 4 2615 0
2602 6 1748 0
2603 8 524 0
2604 5 2879 0
2605 4 160 0
2606 2 2564 0
2607 3 4118 0
2608 9 1086 0
2609 9 3145 0
2610 5 1840 0
2611 4 3492 0
2612 5 2033 0
2613 6 3175 0
2614 2 3080 0
2615 8 4497 0
2616 3 428 0
2617 4 4588 0
2618 8 1765 0
2619 6 870 0
2620 4 4091 0
2621 4 2941 0
2622 7 4450 0
2623 4 4770 0
2624 5 4654 0
2625 3 15 0
2626 2 2822 0
2627 4 2189 0
2628 6 502 0
2629 6 1733 0
2630 2 3663 0
2631 9 2185 0
2632 8 1653 0
2633 5 1184 0
2634 5 71 0
2635 5 1601 0
2636 7 1045 0
2637 9 1338 0
2638 4 1869 0
2639 4 1213 0
2640 0 2910 0
2641 4 1936 0
2642 5 1941 0
2643 7 1152 0
2644 3 1843 0
2645 6 4542 0
2646 6 2085 0
2647 4 1707 0
2648 7 1897 0
2649 6 2204 0
2650 8 3213 0
2651 4 181 0
2652 6 4444 0
2653 6 4391 0
2654 4 99 0
2655 3 4678 0
2656 8 4896 0
2657 7 4028 0
2658 6 1598 0
2659 9 247 0
2660 6 3956 0
2661 4 4170 0
2662 8 4604 0
2663 3 1534 0
2664 5 2678 0
2665 7 4976 0
2666 5 1617 0
2667 3 4018 0
2668 5 1133 0
2669 6 4765 0
2670 2 3471 0
2671 6 3647 0
2672 7 2226 0
2673 8 3391 0
2674 5 555 0
2675 2 4133 0
2676 7 211 0
2677 5 2088 0
2678 9 4858 0
2679 2 549 0
2680 8 4644 0
2681 8 4522 0
2682 6 1076 0
2683 6 2737 0
2684 7 1144 0
2685 7 2614 0
2686 1 423 0
2687 6 781 0
2688 6 4432 0
2689 4 2690 0
2690 9 2276 0
2691 2 2822 0
2692 5 1569 0
2693 8 1109 0
2694 2 1732 0
2695 6 1568 0
2696 7 704 0
2697 1 2090 0
2698 6 4553 0
2699 6 779 0
2700 6 1341 0
2701 0 4249 0
2702 5 2294 0
2703 4 819 0
2704 8 3945 0
2705 6 2377 0
2706 6 2042 0
2707 8 2152 0
2708 3 26 0
2709 4 4759 0
2710 7 3982 0
2711 5 2193 0
2712 3 222 0
2713 5 3328 0
2714 5 1926 0
2715 5 1501 0
2716 7 3146 0
2717 4 3443 0
2718 5 1838 0
2719 9 181 0
2720 9 3176 0
2721 7 714 0
2722 7 2531 0
2723 9 2945 0
2724 4 2544 0
2725 4 1420 0
2726 8 3726 0
2727 4 1002 0
2728 7 3302 0
2729 5 1476 0
2730 10 3430 0
2731 4 3231 0
2732 5 4526 0
2733 6 730 0
2734 4 2960 0
2735 1 2251 0
2736 5 1564 0
2737 6 1603 0
2738 2 1165 0
2739 3 1769 0
2740 6 1519 0
2741 4 1671 0
2742 6 4021 0
2743 4 4627 0
2744 4 3030 0
2745 5 3141 0
2746 3 3669 0
2747 4 562 0
2748 6 3813 0
2749 1 4076 0
2750 5 285 0
2751 11 74 0
2752 5 2926 0
2753 8 3522 0
2754 7 1031 0
2755 5 1999 0
2756 5 3582 0
2757 5 2019 0
2758 4 490 0
2759 8 1087 0
2760 6 3661 0
2761 6 4057 0
2762 9 679 0
2763 7 3944 0
2764 7 2604 0
2765 3 3459 0
2766 7 985 0
2767 8 2672 0
2768 4 4723 0
2769 4 3837 0
2770 5 1983 0
2771 4 1785 0
2772 5 3758 0
2773 9 2816 0
2774 6 2167 0
2775 7 2920 0
2776 7 319 0
2777 1 4698 0
2778 8 636 0
2779 6 1606 0
2780 6 2484 0
2781 7 3227 0
2782 6 311 0
2783 5 4795 0
2784 8 2244 0
2785 7 3559 0
2786 4 4252 0
2787 6 3128 0
2788 7 2831 0
2789 6 2184 0
2790 3 3039 0
2791 5 4785 0
2792 9 4553 0
2793 3 2398 0
2794 8 2708 0
2795 5 3706 0
2796 4 4535 0
2797 7 3434 0
2798 10 460 0
2799 2 3343 0
2800 3 283 0
2801 6 1563 0
2802 5 3421 0
2803 4 2394 0
2804 6 2136 0
2805 6 2502 0
2806 7 4333 0
2807 7 3160 0
2808 3 1609 0
2809 5 1106 0
2810 2 1827 0
2811 8 2123 0
2812 3 3051 0
2813 2 3978 0
2814 7 4113 0
2815 6 2718 0
2816 3 2675 0
2817 6 2568 0
2818 2 560 0
2819 4 201 0
2820 5 3081 0
2821 7 2033 0
2822 5 3002 0
2823 7 570 0
2824 2 2675 0
2825 7 794 0
2826 3 923 0
2827 5 371 0
2828 7 2404 0
2829 6 2642 0
2830 4 385 0
2831 7 2322 0
2832 8 1115 0
2833 5 584 0
2834 3 1128 0
2835 3 3396 0
2836 4 333 0
2837 6 2543 0
2838 3 2478 0
2839 8 280 0
2840 3 118 0
2841 6 3474 0
2842 5 4052 0
2843 5 2787 0
2844 4 3958 0
2845 3 2494 0
2846 6 3798 0
2847 6 2063 0
2848 5 1110 0
2849 3 2751 0
2850 7 3219 0
2851 6 4440 0
2852 7 3914 0
2853 6 2455 0
2854 8 2673 0
2855 2 72 0
2856 6 1471 0
2857 4 46 0
2858 6 486 0
2859 7 827 0
2860 3 1523 0
2861 4 4895 0
2862 2 4466 0
2863 5 3745 0
2864 6 2326 0
2865 4 1476 0
2866 5 391 0
2867 6 1133 0
2868 5 3712 0
2869 3 3960 0
2870 6 3876 0
2871 10 4245 0
2872 3 4755 0
2873 8 458 0
2874 5 1373 0
2875 9 1979 0
2876 9 3295 0
2877 4 3534 0
2878 6 4152 0
2879 2 4248 0
2880 6 135 0
2881 4 4785 0
2882 4 3765 0
2883 4 2965 0
2884 6 2716 0
2885 4 2664 0
2886 3 3331 0
2887 7 2017 0
2888 6 860 0
2889 3 1758 0
2890 4 819 0
2891 5 3088 0
2892 7 2002 0
2893 1 2714 0
2894 7 1167 0
2895 8 4835 0
2896 9 548 0
2897 5 1286 0
2898 4 4516 0
2899 8 4192 0
2900 5 2535 0
2901 8 3182 0
2902 7 3270 0
2903 4 4912 0
2904 7 3308 0
2905 4 1482 0
2906 5 4615 0
2907 4 2019 0
2908 3 2431 0
2909 5 4929 0
2910 3 2707 0
2911 7 3444 0
2912 4 4883 0
2913 8 1482 0
2914 4 3882 0
2915 6 3321 0
2916 3 67 0
2917 8 3976 0
2918 6 1523 0
2919 6 2184 0
2920 5 230 0
2921 8 1639 0
2922 5 3151 0
2923 2 1603 0
2924 6 2855 0
2925 4 4606 0
2926 7 2985 0
2927 1 2006 0
2928 6 346 0
2929 6 2104 0
2930 3 4699 0
2931 9 3375 0
2932 9 4157 0
2933 8 3009 0
2934 7 1724 0
2935 4 3224 0
2936 7 571 0
2937 9 4015 0
2938 2 3410 0
2939 3 304 0
2940 5 2487 0
2941 8 4991 0
2942 5 3804 0
2943 8 4203 0
2944 8 531 0
2945 6 4029 0
2946 7 336 0
2947 4 2834 0
2948 8 2809 0
2949 7 4344 0
2950 4 472 0
2951 7 764 0
2952 8 1955 0
2953 8 245 0
2954 9 951 0
2955 7 3712 0
2956 7 3497 0
2957 6 3865 0
2958 5 360 0
2959 5 2787 0
2960 7 659 0
2961 6 234 0
2962 8 3494 0
2963 6 955 0
2964 5 2285 0
2965 9 2807 0
2966 5 2691 0
2967 5 3153 0
2968 6 4713 0
2969 4 18 0
2970 6 1305 0
2971 8 4460 0
2972 3 3897 0
2973 6 3960 0
2974 7 66 0
2975 8 1977 0
2976 4 1066 0
2977 4 2019 0
2978 7 2576 0
2979 7 1045 0
2980 5 524 0
2981 3 2041 0
2982 4 654 0
2983 2 3963 0
2984 5 1287 0
2985 5 2908 0
2986 6 3074 0
2987 7 4471 0
2988 3 4125 0
2989 4 2980 0
2990 6 776 0
2991 8 3870 0
2992 7 3109 0
2993 4 4407 0
2994 8 1520 0
2995 9 1113 0
2996 10 3181 0
2997 4 719 0
2998 7 2806 0
2999 3 1415 0
3000 9 4301 0
3001 7 2872 0
3002 0 1120 0
3003 8 277 0
3004 6 2238 0
3005 8 4413 0
3006 5 1718 0
3007 5 2283 0
3008 7 2049 0
3009 6 4595 0
3010 5 2468 0
3011 6 2177 0
3012 4 198 0
3013 4 3921 0
3014 8 1717 0
3015 4 1464 0
3016 10 4820 0
3017 6 2066 0
3018 8 4183 0
3019 3 2177 0
3020 5 1825 0
3021 4 3441 0
3022 2 3659 0
3023 6 1530 0
3024 2 4943 0
3025 4 1186 0
3026 6 266 0
3027 8 4216 0
3028 6 2246 0
3029 6 4119 0
3030 2 2881 0
3031 7 206 0
3032 4 4410 0
3033 5 3077 0
3034 5 2695 0
3035 5 4156 0
3036 5 2067 0
3037 5 2856 0
3038 7 1836 0
3039 5 4527 0
3040 5 889 0
3041 6 2612 0
3042 6 268 0
3043 7 590 0
3044 8 2775 0
3045 5 3728 0
3046 7 4749 0
3047 2 76 0
3048 6 3754 0
3049 5 4564 0
3050 4 2126 0
3051 1 2349 0
3052 7 2559 0
3053 9 2453 0
3054 7 2235 0
3055 4 1364 0
3056 6 2129 0
3057 6 810 0
3058 9 3477 0
3059 3 1735 0
3060 6 4344 0
3061 8 952 0
3062 1 3264 0
3063 3 673 0
3064 7 494 0
3065 7 267 0
3066 6 1532 0
3067 6 72 0
3068 4 751 0
3069 6 426 0
3070 6 337 0
3071 6 3004 0
3072 5 311 0
3073 3 2525 0
3074 6 719 0
3075 3 3141 0
3076 8 829 0
3077 3 146 0
3078 7 3067 0
3079 5 2545 0
3080 4 3319 0
3081 6 1892 0
3082 4 4878 0
3083 7 1591 0
3084 7 4475 0
3085 5 1284 0
3086 2 1907 0
3087 6 3714 0
3088 5 2818 0
3089 9 2512 0
3090 4 3079 0
3091 4 1434 0
3092 7 4225 0
3093 1 3403 0
3094 4 1290 0
3095 7 1 0
3096 7 1649 0
3097 5 3014 0
3098 5 564 0
3099 7 307 0
3100 5 1190 0
3101 6 4844 0
3102 3 3262 0
3103 5 4213 0
3104 10 367 0
3105 6 261 0
3106 2 2872 0
3107 8 888 0
3108 5 3170 0
3109 4 4707 0
3110 4 2301 0
3111 7 1905 0
3112 6 1733 0
3113 1 4659 0
3114 6 2747 0
3115 8 2513 0
3116 11 4244 0
3117 6 4523 0
3118 5 1033 0
3119 10 4167 0
3120 8 4496 0
3121 2 2523 0
3122 6 1103 0
3123 3 4928 0
3124 7 4818 0
3125 5 3840 0
3126 4 2436 0
3127 3 21 0
3128 6 2815 0
3129 6 4469 0
3130 3 2944 0
3131 5 3273 0
3132 6 3455 0
3133 7 4368 0
3134 6 4421 0
3135 5 277 0
3136 4 4062 0
3137 4 3983 0
3138 6 4203 0
3139 6 4305 0
3140 10 4200 0
3141 5 1714 0
3142 5 1871 0
3143 5 3601 0
3144 2 3128 0
3145 2 3088 0
3146 7 2452 0
3147 7 2726 0
3148 6 4985 0
3149 9 1637 0
3150 7 1997 0
3151 5 4807 0
3152 7 2081 0
3153 5 718 0
3154 7 3142 0
3155 3 1554 0
3156 6 4027 0
3157 5 2891 0
3158 5 2439 0
3159 6 1459 0
3160 2 3711 0
3161 4 4446 0
3162 8 4243 0
3163 11 3455 0
3164 6 884 0
3165 5 3604 0
3166 5 4694 0
3167 6 1281 0
3168 7 1952 0
3169 7 3467 0
3170 1 1313 0
3171 7 1820 0
3172 7 3071 0
3173 6 2873 0
3174 4 1008 0
3175 7 2591 0
3176 5 2129 0
3177 9 3765 0
3178 5 664 0
3179 4 4144 0
3180 4 2433 0
3181 8 2645 0
3182 5 3847 0
3183 8 892 0
3184 6 3972 0
3185 6 1788 0
3186 6 3800 0
3187 3 2692 0
3188 2 4821 0
3189 5 3626 0
3190 4 4961 0
3191 7 4657 0
3192 7 2222 0
3193 5 4484 0
3194 6 141 0
3195 3 220 0
3196 7 1227 0
3197 5 77 0
3198 5 1448 0
3199 5 1101 0
3200 6 884 0
3201 6 3517 0
3202 1 509 0
3203 7 3782 0
3204 9 707 0
3205 3 3447 0
3206 4 426 0
3207 4 4984 0
3208 2 3611 0
3209 6 1519 0
3210 2 1719 0
3211 6 2267 0
3212 4 1928 0
3213 8 278 0
3214 4 1518 0
3215 5 2207 0
3216 5 1600 0
3217 3 4795 0
3218 4 1847 0
3219 1 392 0
3220 5 215 0
3221 5 1795 0
3222 6 1000 0
3223 6 2043 0
3224 5 4358 0
3225 5 4289 0
3226 7 1016 0
3227 5 1505 0
3228 6 4959 0
3229 7 104 0
3230 7 4984 0
3231 6 3239 0
3232 5 669 0
3233 8 320 0
3234 7 4302 0
3235 7 3649 0
3236 4 3567 0
3237 4 1708 0
3238 5 1767 0
3239 7 3601 0
3240 4 4386 0
3241 5 3458 0
3242 3 1868 0
3243 5 3422 0
3244 3 448 0
3245 3 1412 0
3246 4 2681 0
3247 6 2322 0
3248 4 2512 0
3249 2 1155 0
3250 5 2716 0
3251 4 4662 0
3252 7 2733 0
3253 1 3469 0
3254 5 802 0
3255 3 4584 0
3256 3 2881 0
3257 6 1234 0
3258 5 2858 0
3259 4 4865 0
3260 4 197 0
3261 6 1123 0
3262 3 4956 0
3263 6 1014 0
3264 8 3624 0
3265 2 837 0
3266 8 4181 0
3267 5 2733 0
3268 4 4879 0
3269 4 4355 0
3270 6 3903 0
3271 4 1838 0
3272 7 335 0
3273 6 2462 0
3274 8 3968 0
3275 3 2961 0
3276 7 1109 0
3277 4 3651 0
3278 3 2031 0
3279 6 2790 0
3280 4 1523 0
3281 4 2193 0
3282 5 700 0
3283 4 2255 0
3284 6 164 0
3285 4 3007 0
3286 2 2932 0
3287 5 394 0
3288 3 2786 0
3289 6 2105 0
3290 8 653 0
3291 5 627 0
3292 3 3093 0
3293 6 4222 0
3294 6 4858 0
3295 5 100 0
3296 5 3199 0
3297 7 4907 0
3298 4 4084 0
3299 6 2047 0
3300 5 2060 0
3301 6 4704 0
3302 4 3409 0
3303 3 1834 0
3304 9 3354 0
3305 7 1472 0
3306 3 2752 0
3307 2 4616 0
3308 2 3692 0
3309 9 3165 0
3310 6 3829 0
3311 8 669 0
3312 5 2935 0
3313 9 3697 0
3314 4 4697 0
3315 5 4366 0
3316 7 1349 0
3317 8 2127 0
3318 4 3128 0
3319 5 2814 0
3320 7 1568 0
3321 6 1992 0
3322 4 1478 0
3323 8 1674 0
3324 1 4433 0
3325 10 878 0
3326 9 2857 0
3327 4 2276 0
3328 2 952 0
3329 7 666 0
3330 5 2767 0
3331 4 3632 0
3332 9 1224 0
3333 3 1582 0
3334 4 4976 0
3335 10 2686 0
3336 7 1420 0
3337 6 2024 0
3338 5 4629 0
3339 7 2146 0
3340 5 3748 0
3341 5 4517 0
3342 3 2057 0
3343 7 2723 0
3344 5 4233 0
3345 9 4444 0
3346 7 1264 0
3347 7 2550 0
3348 6 4838 0
3349 5 869 0
3350 9 1302 0
3351 7 3684 0
3352 4 3119 0
3353 5 1607 0
3354 6 1052 0
3355 8 3587 0
3356 7 2657 0
3357 4 4237 0
3358 6 4515 0
3359 4 4334 0
3360 5 2519 0
3361 6 221 0
3362 3 4278 0
3363 3 3655 0
3364 7 2029 0
3365 5 1192 0
3366 4 1083 0
3367 10 4956 0
3368 8 1593 0
3369 5 16 0
3370 7 3130 0
3371 6 933 0
3372 11 1742 0
3373 9 2592 0
3374 7 2660 0
3375 6 3558 0
3376 5 4518 0
3377 6 1738 0
3378 3 2900 0
3379 10 4103 0
3380 6 2029 0
3381 9 284 0
3382 7 2491 0
3383 5 4827 0
3384 7 4259 0
3385 5 2138 0
3386 8 1782 0
3387 4 3847 0
3388 5 1293 0
3389 8 2649 0
3390 6 3282 0
3391 6 65 0
3392 6 188 0
3393 7 4265 0
3394 4 2497 0
3395 6 897 0
3396 5 1108 0
3397 5 2307 0
3398 2 2138 0
3399 8 3691 0
3400 4 673 0
3401 5 1423 0
3402 7 3432 0
3403 4 4261 0
3404 7 1679 0
3405 5 1999 0
3406 4 855 0
3407 7 4751 0
3408 7 3491 0
3409 6 3708 0
3410 6 1149 0
3411 9 3159 0
3412 5 3247 0
3413 4 2189 0
3414 9 23 0
3415 5 3350 0
3416 3 3847 0
3417 5 2771 0
3418 6 984 0
3419 4 188 0
3420 5 901 0
3421 9 4752 0
3422 12 2417 0
3423 8 2833 0
3424 6 673 0
3425 4 1467 0
3426 6 4016 0
3427 2 3805 0
3428 3 978 0
3429 1 2179 0
3430 8 4856 0
3431 8 1471 0
3432 5 2158 0
3433 7 2118 0
3434 6 3006 0
3435 6 2572 0
3436 6 3668 0
3437 3 4230 0
3438 0 3429 0
3439 4 2335 0
3440 8 4399 0
3441 7 3697 0
3442 5 3010 0
3443 9 960 0
3444 6 4129 0
3445 5 2546 0
3446 7 4483 0
3447 4 4386 0
3448 8 3606 0
3449 8 4283 0
3450 7 4616 0
3451 8 2365 0
3452 1 3908 0
3453 3 4825 0
3454 5 2994 0
3455 6 2406 0
3456 6 1866 0
3457 3 3542 0
3458 7 3535 0
3459 7 3336 0
3460 8 3014 0
3461 5 3379 0
3462 4 986 0
3463 8 2786 0
3464 4 4744 0
3465 5 4610 0
3466 7 2762 0
3467 5 1019 0
3468 8 2003 0
3469 7 33 0
3470 4 1080 0
3471 0 2775 0
3472 5 2921 0
3473 7 1805 0
3474 3 713 0
3475 9 4373 0
3476 4 985 0
3477 7 2664 0
3478 6 4515 0
3479 2 948 0
3480 8 3374 0
3481 2 1499 0
3482 6 4055 0
3483 4 4139 0
3484 5 4225 0
3485 10 2389 0
3486 4 2816 0
3487 5 4017 0
3488 4 1269 0
3489 7 3035 0
3490 5 2272 0
3491 2 3771 0
3492 8 1981 0
3493 9 2816 0
3494 4 2363 0
3495 4 1716 0
3496 5 1066 0
3497 5 2499 0
3498 3 2597 0
3499 7 463 0
3500 5 311 0
3501 6 2856 0
3502 7 4169 0
3503 6 4169 0
3504 8 2663 0
3505 7 4319 0
3506 7 1900 0
3507 2 2293 0
3508 3 4574 0
3509 10 2222 0
3510 5 1367 0
3511 7 4858 0
3512 6 337 0
3513 10 4232 0
3514 6 2874 0
3515 6 208 0
3516 6 4542 0
3517 6 1455 0
3518 7 2265 0
3519 3 2773 0
3520 3 1198 0
3521 5 2928 0
3522 3 3291 0
3523 4 4118 0
3524 5 2719 0
3525 4 3907 0
3526 2 944 0
3527 4 1744 0
3528 4 1210 0
3529 5 3851 0
3530 7 2051 0
3531 4 3026 0
3532 4 4430 0
3533 5 759 0
3534 5 2550 0
3535 8 3695 0
3536 7 4267 0
3537 3 1215 0
3538 6 2039 0
3539 4 616 0
3540 5 4759 0
3541 6 1923 0
3542 6 169 0
3543 8 4753 0
3544 7 4478 0
3545 7 4856 0
3546 8 2521 0
3547 7 4113 0
3548 8 3327 0
3549 7 2017 0
3550 8 359 0
3551 4 1452 0
3552 2 4611 0
3553 8 1728 0
3554 7 462 0
3555 8 3541 0
3556 2 1419 0
3557 6 4654 0
3558 5 4359 0
3559 4 1626 0
3560 3 2686 0
3561 4 2959 0
3562 4 3248 0
3563 6 3570 0
3564 7 1765 0
3565 5 1806 0
3566 5 1472 0
3567 6 2904 0
3568 4 371 0
3569 6 770 0
3570 1 950 0
3571 5 4161 0
3572 4 741 0
3573 7 1513 0
3574 10 4438 0
3575 3 430 0
3576 7 4796 0
3577 11 2669 0
3578 7 4261 0
3579 6 2437 0
3580 0 4705 0
3581 2 3254 0
3582 7 240 0
3583 5 1192 0
3584 7 4665 0
3585 5 2387 0
3586 4 4050 0
3587 6 816 0
3588 8 2295 0
3589 5 1645 0
3590 5 926 0
3591 7 1259 0
3592 6 1387 0
3593 7 74 0
3594 5 1508 0
3595 5 4521 0
3596 4 1826 0
3597 7 2957 0
3598 8 1680 0
3599 4 2925 0
3600 7 1147 0
3601 7 1643 0
3602 3 3767 0
3603 8 1335 0
3604 7 2090 0
3605 9 4476 0
3606 7 1892 0
3607 5 1383 0
3608 7 4088 0
3609 6 2463 0
3610 4 2796 0
3611 6 786 0
3612 5 4033 0
3613 5 1234 0
3614 1 3966 0
3615 6 4138 0
3616 2 3358 0
3617 4 4418 0
3618 6 3439 0
3619 6 646 0
3620 3 2316 0
3621 5 4085 0
3622 4 2687 0
3623 9 4507 0
3624 4 2503 0
3625 4 4106 0
3626 4 1699 0
3627 7 2819 0
3628 7 4928 0
3629 6 4904 0
3630 3 1981 0
3631 5 1853 0
3632 6 224 0
3633 5 297 0
3634 8 4683 0
3635 6 3127 0
3636 3 4291 0
3637 4 678 0
3638 4 2207 0
3639 8 3402 0
3640 4 1039 0
3641 7 340 0
3642 4 2090 0
3643 7 4636 0
3644 5 3008 0
3645 6 1254 0
3646 6 4238 0
3647 5 2383 0
3648 5 3009 0
3649 7 1773 0
3650 6 4604 0
3651 5 4880 0
3652 6 3789 0
3653 4 1815 0
3654 5 2314 0
3655 5 4163 0
3656 8 3734 0
3657 6 1325 0
3658 3 2239 0
3659 7 573 0
3660 6 4674 0
3661 6 2521 0
3662 4 2691 0
3663 3 790 0
3664 9 2389 0
3665 7 1895 0
3666 4 4573 0
3667 2 4010 0
3668 6 4331 0
3669 5 424 0
3670 4 2085 0
3671 6 1862 0
3672 8 3774 0
3673 5 2655 0
3674 3 1063 0
3675 7 3043 0
3676 5 4875 0
3677 5 2541 0
3678 3 3419 0
3679 2 1447 0
3680 5 3626 0
3681 5 1901 0
3682 7 1955 0
3683 5 2053 0
3684 8 2228 0
3685 4 4058 0
3686 7 1714 0
3687 6 2995 0
3688 5 290 0
3689 7 4663 0
3690 6 4344 0
3691 8 249 0
3692 4 2628 0
3693 5 12 0
3694 3 830 0
3695 3 3647 0
3696 3 4033 0
3697 7 1985 0
3698 6 4471 0
3699 5 3675 0
3700 6 3333 0
3701 7 1491 0
3702 2 4143 0
3703 6 1356 0
3704 5 3918 0
3705 4 850 0
3706 3 3929 0
3707 7 1638 0
3708 6 1472 0
3709 4 4704 0
3710 6 2601 0
3711 7 1230 0
3712 3 3687 0
3713 5 2885 0
3714 6 1434 0
3715 5 101 0
3716 0 4162 0
3717 5 1372 0
3718 6 2158 0
3719 8 1372 0
3720 9 4075 0
3721 7 444 0
3722 6 498 0
3723 1 194 0
3724 7 1008 0
3725 7 629 0
3726 6 1315 0
3727 6 4732 0
3728 6 2301 0
3729 4 559 0
3730 7 3976 0
3731 9 3724 0
3732 7 162 0
3733 8 3137 0
3734 6 715 0
3735 3 4555 0
3736 3 740 0
3737 5 820 0
3738 6 4799 0
3739 3 1919 0
3740 7 2585 0
3741 6 4828 0
3742 2 3187 0
3743 6 4212 0
3744 8 343 0
3745 7 4503 0
3746 9 2514 0
3747 4 1015 0
3748 4 4398 0
3749 7 2388 0
3750 4 3070 0
3751 5 2025 0
3752 6 1756 0
3753 4 1990 0
3754 4 1642 0
3755 3 3784 0
3756 4 290 0
3757 5 4290 0
3758 3 3440 0
3759 4 930 0
3760 5 4472 0
3761 4 4817 0
3762 9 3106 0
3763 1 856 0
3764 6 2522 0
3765 7 3805 0
3766 6 901 0
3767 9 1072 0
3768 8 2962 0
3769 6 4867 0
3770 6 3318 0
3771 6 3420 0
3772 4 2871 0
3773 4 3695 0
3774 6 3697 0
3775 4 1088 0
3776 3 55 0
3777 5 391 0
3778 3 3098 0
3779 3 1393 0
3780 5 938 0
3781 2 2831 0
3782 6 3882 0
3783 4 3593 0
3784 9 3114 0
3785 2 1792 0
3786 6 3676 0
3787 4 2445 0
3788 4 3881 0
3789 6 1942 0
3790 7 327 0
3791 5 2582 0
3792 4 666 0
3793 5 315 0
3794 4 4388 0
3795 6 4562 0
3796 7 1151 0
3797 6 3248 0
3798 4 3903 0
3799 8 1638 0
3800 3 86 0
3801 9 4220 0
3802 7 2595 0
3803 7 2222 0
3804 6 3297 0
3805 6 780 0
3806 4 596 0
3807 5 1762 0
3808 7 4852 0
3809 6 635 0
3810 8 3648 0
3811 4 3457 0
3812 4 3769 0
3813 7 1956 0
3814 5 2081 0
3815 7 3294 0
3816 6 4901 0
3817 5 999 0
3818 10 4512 0
3819 8 4010 0
3820 7 1655 0
3821 4 3596 0
3822 5 832 0
3823 4 210 0
3824 6 359 0
3825 3 4582 0
3826 8 4273 0
3827 3 2709 0
3828 3 905 0
3829 5 1901 0
3830 5 2270 0
3831 9 4829 0
3832 5 1312 0
3833 1 2454 0
3834 5 88 0
3835 8 1469 0
3836 3 3444 0
3837 9 1388 0
3838 3 4769 0
3839 4 803 0
3840 4 4433 0
3841 12 2074 0
3842 7 2715 0
3843 6 4742 0
3844 3 136 0
3845 7 4288 0
3846 8 1168 0
3847 5 3820 0
3848 6 1394 0
3849 3 1742 0
3850 7 211 0
3851 5 3413 0
3852 4 4917 0
3853 6 3973 0
3854 6 4689 0
3855 7 3713 0
3856 5 546 0
3857 5 1079 0
3858 2 1439 0
3859 6 3110 0
3860 1 2346 0
3861 4 707 0
3862 4 4921 0
3863 9 3995 0
3864 3 2377 0
3865 6 606 0
3866 5 214 0
3867 7 1137 0
3868 2 4356 0
3869 9 2675 0
3870 5 2894 0
3871 7 3833 0
3872 5 3884 0
3873 6 852 0
3874 5 1893 0
3875 8 842 0
3876 4 2933 0
3877 5 92 0
3878 6 2057 0
3879 2 4022 0
3880 7 2181 0
3881 4 3226 0
3882 3 1227 0
3883 6 4581 0
3884 4 4431 0
3885 4 3548 0
3886 2 3264 0
3887 5 4600 0
3888 4 2338 0
3889 7 1008 0
3890 1 384 0
3891 7 2489 0
3892 6 2280 0
3893 6 4967 0
3894 8 884 0
3895 4 2505 0
3896 4 3901 0
3897 4 4623 0
3898 4 3316 0
3899 6 2116 0
3900 7 3778 0
3901 11 1082 0
3902 4 4107 0
3903 2 4140 0
3904 5 1170 0
3905 6 1836 0
3906 5 997 0
3907 7 3511 0
3908 6 3713 0
3909 6 4345 0
3910 5 3194 0
3911 6 4363 0
3912 5 1075 0
3913 6 4416 0
3914 7 4220 0
3915 4 2070 0
3916 5 2111 0
3917 7 2966 0
3918 5 1028 0
3919 1 1024 0
3920 7 351 0
3921 4 162 0
3922 6 2811 0
3923 0 4195 0
3924 5 3397 0
3925 9 3274 0
3926 3 3628 0
3927 6 2616 0
3928 8 2573 0
3929 8 722 0
3930 2 1127 0
3931 4 1861 0
3932 7 4525 0
3933 6 3368 0
3934 5 1493 0
3935 6 4974 0
3936 0 2429 0
3937 7 3156 0
3938 5 1248 0
3939 6 2632 0
3940 7 3669 0
3941 4 2498 0
3942 4 3236 0
3943 5 1306 0
3944 3 3831 0
3945 4 1316 0
3946 4 2525 0
3947 7 2471 0
3948 7 2933 0
3949 2 2615 0
3950 5 2251 0
3951 0 2411 0
3952 4 1935 0
3953 5 4528 0
3954 3 3723 0
3955 4 3237 0
3956 5 369 0
3957 10 3661 0
3958 6 2251 0
3959 3 3522 0
3960 5 3365 0
3961 7 2835 0
3962 6 613 0
3963 6 3071 0
3964 7 3098 0
3965 3 686 0
3966 4 1986 0
3967 3 1859 0
3968 8 2553 0
3969 5 3575 0
3970 7 4767 0
3971 8 2017 0
3972 5 4173 0
3973 7 4480 0
3974 9 2532 0
3975 7 1722 0
3976 5 749 0
3977 3 3185 0
3978 6 3937 0
3979 5 3599 0
3980 8 4265 0
3981 7 3091 0
3982 7 4816 0
3983 7 3005 0
3984 7 1705 0
3985 5 2400 0
3986 2 2274 0
3987 4 4985 0
3988 7 3820 0
3989 2 1952 0
3990 6 1699 0
3991 9 765 0
3992 9 1422 0
3993 8 315 0
3994 11 4704 0
3995 10 1477 0
3996 5 3264 0
3997 6 4628 0
3998 7 2697 0
3999 3 4460 0
4000 3 2037 0
4001 9 4349 0
4002 6 2553 0
4003 6 3437 0
4004 6 4981 0
4005 4 4175 0
4006 7 852 0
4007 6 1649 0
4008 7 1685 0
4009 6 2380 0
4010 4 3052 0
4011 1 4571 0
4012 6 681 0
4013 8 1761 0
4014 4 3293 0
4015 3 231 0
4016 6 3952 0
4017 5 2283 0
4018 4 1374 0
4019 6 2055 0
4020 5 1392 0
4021 1 1048 0
4022 8 1416 0
4023 2 2506 0
4024 7 2981 0
4025 8 3285 0
4026 5 2664 0
4027 5 1220 0
4028 7 2520 0
4029 4 766 0
4030 3 4372 0
4031 6 4325 0
4032 4 3365 0
4033 7 1842 0
4034 5 1086 0
4035 4 3722 0
4036 7 834 0
4037 4 4942 0
4038 5 866 0
4039 5 542 0
4040 5 549 0
4041 6 3527 0
4042 6 2478 0
4043 8 24 0
4044 5 1103 0
4045 3 4328 0
4046 7 3483 0
4047 7 3376 0
4048 8 2570 0
4049 6 4916 0
4050 2 4132 0
4051 0 721 0
4052 5 1704 0
4053 7 4955 0
4054 7 214 0
4055 3 2658 0
4056 6 4955 0
4057 6 1444 0
4058 4 3967 0
4059 4 756 0
4060 7 2444 0
4061 3 536 0
4062 7 4608 0
4063 3 720 0
4064 5 2121 0
4065 7 2780 0
4066 5 4769 0
4067 3 404 0
4068 6 2350 0
4069 8 1787 0
4070 6 2245 0
4071 5 4879 0
4072 9 3113 0
4073 6 2907 0
4074 3 1061 0
4075 8 531 0
4076 3 4237 0
4077 5 2572 0
4078 5 771 0
4079 8 1854 0
4080 5 1729 0
4081 4 561 0
4082 7 4851 0
4083 3 4288 0
4084 3 3377 0
4085 2 1845 0
4086 3 2797 0
4087 7 2455 0
4088 8 3510 0
4089 3 2594 0
4090 7 4400 0
4091 8 475 0
4092 7 4307 0
4093 3 3270 0
4094 8 4918 0
4095 10 1336 0
4096 0 1574 0
4097 1 1703 0
4098 6 4636 0
4099 4 234 0
4100 5 4779 0
4101 12 3616 0
4102 5 3884 0
4103 3 1214 0
4104 3 2601 0
4105 8 250 0
4106 3 1612 0
4107 5 2396 0
4108 4 2796 0
4109 4 3411 0
4110 8 2474 0
4111 5 1009 0
4112 7 4636 0
4113 5 1817 0
4114 5 1510 0
4115 4 45 0
4116 6 1070 0
4117 3 1691 0
4118 6 4421 0
4119 3 735 0
4120 6 4019 0
4121 2 1476 0
4122 6 889 0
4123 5 1314 0
4124 8 1266 0
4125 5 3186 0
4126 3 3307 0
4127 6 2665 0
4128 9 4622 0
4129 7 2247 0
4130 4 4312 0
4131 5 4850 0
4132 5 4514 0
4133 3 4945 0
4134 8 1447 0
4135 7 2019 0
4136 4 2697 0
4137 6 158 0
4138 7 4953 0
4139 6 4867 0
4140 6 4175 0
4141 3 3693 0
4142 4 3157 0
4143 5 1994 0
4144 6 4885 0
4145 7 2741 0
4146 6 3496 0
4147 4 4700 0
4148 3 4269 0
4149 4 2299 0
4150 6 42 0
4151 5 828 0
4152 7 3350 0
4153 5 3588 0
4154 3 2091 0
4155 5 2153 0
4156 8 43 0
4157 5 466 0
4158 4 3381 0
4159 10 1050 0
4160 9 2654 0
4161 6 2260 0
4162 7 749 0
4163 5 3515 0
4164 6 2736 0
4165 8 4997 0
4166 2 760 0
4167 9 274 0
4168 6 1193 0
4169 6 2849 0
4170 11 3390 0
4171 7 104 0
4172 7 1144 0
4173 11 3276 0
4174 5 4316 0
4175 4 4030 0
4176 9 4855 0
4177 6 3655 0
4178 7 3722 0
4179 3 4256 0
4180 4 1274 0
4181 7 3643 0
4182 7 1619 0
4183 4 1864 0
4184 7 4965 0
4185 4 4771 0
4186 5 416 0
4187 7 3948 0
4188 6 3006 0
4189 5 3651 0
4190 5 1152 0
4191 5 840 0
4192 4 249 0
4193 6 42 0
4194 9 1455 0
4195 6 3924 0
4196 3 509 0
4197 3 3703 0
4198 4 1664 0
4199 7 4293 0
4200 5 400 0
4201 1 972 0
4202 5 3657 0
4203 4 1695 0
4204 2 3501 0
4205 7 1800 0
4206 5 2897 0
4207 4 1624 0
4208 4 2546 0
4209 5 1977 0
4210 8 3014 0
4211 3 4267 0
4212 3 1212 0
4213 5 4716 0
4214 4 3194 0
4215 5 126 0
4216 5 4720 0
4217 7 1747 0
4218 8 4922 0
4219 5 1864 0
4220 6 136 0
4221 5 3085 0
4222 8 319 0
4223 7 3413 0
4224 2 740 0
4225 3 1399 0
4226 2 4933 0
4227 3 2289 0
4228 7 2166 0
4229 4 4914 0
4230 10 3402 0
4231 5 4753 0
4232 6 408 0
4233 6 1130 0
4234 4 2814 0
4235 6 898 0
4236 6 2052 0
4237 6 549 0
4238 4 4750 0
4239 3 927 0
4240 6 2907 0
4241 2 4973 0
4242 7 95 0
4243 7 936 0
4244 6 2226 0
4245 4 3969 0
4246 7 4375 0
4247 6 793 0
4248 10 3669 0
4249 7 1943 0
4250 6 1428 0
4251 4 4515 0
4252 5 2512 0
4253 3 254 0
4254 5 904 0
4255 7 1675 0
4256 3 199 0
4257 8 2590 0
4258 7 4779 0
4259 6 4389 0
4260 8 4955 0
4261 7 575 0
4262 2 1525 0
4263 1 2049 0
4264 8 1852 0
4265 5 4458 0
4266 4 1729 0
4267 2 2150 0
4268 7 3137 0
4269 7 4322 0
4270 8 1722 0
4271 2 2792 0
4272 6 1852 0
4273 7 2940 0
4274 5 3651 0
4275 2 3209 0
4276 3 2478 0
4277 5 1840 0
4278 5 1231 0
4279 3 4961 0
4280 5 4496 0
4281 6 4660 0
4282 8 140 0
4283 2 3768 0
4284 6 14 0
4285 6 2000 0
4286 5 2782 0
4287 8 3706 0
4288 7 527 0
4289 7 3492 0
4290 6 3251 0
4291 3 1146 0
4292 3 3917 0
4293 6 3838 0
4294 6 4989 0
4295 5 327 0
4296 5 2124 0
4297 5 4938 0
4298 5 2707 0
4299 9 3488 0
4300 11 2320 0
4301 8 4414 0
4302 7 1505 0
4303 3 3559 0
4304 5 4956 0
4305 8 2238 0
4306 3 517 0
4307 4 1755 0
4308 5 3301 0
4309 4 4940 0
4310 6 3311 0
4311 5 1460 0
4312 6 3550 0
4313 6 757 0
4314 5 4441 0
4315 6 4484 0
4316 7 4200 0
4317 6 3637 0
4318 4 3636 0
4319 4 2975 0
4320 1 883 0
4321 7 1514 0
4322 5 4067 0
4323 3 1920 0
4324 3 3391 0
4325 8 165 0
4326 4 2255 0
4327 2 3746 0
4328 6 1652 0
4329 5 117 0
4330 10 2245 0
4331 7 334 0
4332 5 1098 0
4333 6 1011 0
4334 7 1704 0
4335 4 631 0
4336 7 1506 0
4337 3 1419 0
4338 8 2028 0
4339 3 4945 0
4340 8 15 0
4341 8 3310 0
4342 1 3384 0
4343 9 4169 0
4344 4 1383 0
4345 6 2238 0
4346 6 4300 0
4347 2 4698 0
4348 4 4398 0
4349 8 4179 0
4350 5 2629 0
4351 4 3712 0
4352 1 3469 0
4353 4 3457 0
4354 7 407 0
4355 7 4257 0
4356 6 3657 0
4357 6 341 0
4358 3 3325 0
4359 6 2234 0
4360 5 4060 0
4361 9 569 0
4362 4 1802 0
4363 4 1712 0
4364 7 3058 0
4365 5 550 0
4366 8 3337 0
4367 4 3486 0
4368 8 4711 0
4369 4 4074 0
4370 5 4374 0
4371 4 1833 0
4372 8 3208 0
4373 7 3242 0
4374 7 642 0
4375 1 628 0
4376 10 1266 0
4377 1 3917 0
4378 6 279 0
4379 7 2426 0
4380 5 4578 0
4381 6 328 0
4382 6 3101 0
4383 6 3149 0
4384 8 2384 0
4385 5 2374 0
4386 5 3097 0
4387 3 1806 0
4388 6 1497 0
4389 3 4625 0
4390 6 4020 0
4391 2 1611 0
4392 6 1447 0
4393 5 3766 0
4394 5 2790 0
4395 3 3806 0
4396 6 1416 0
4397 8 638 0
4398 5 2701 0
4399 6 3908 0
4400 6 3037 0
4401 3 2412 0
4402 6 1383 0
4403 8 266 0
4404 3 4705 0
4405 5 4810 0
4406 6 585 0
4407 6 2333 0
4408 5 4399 0
4409 4 2646 0
4410 7 2160 0
4411 9 4566 0
4412 1 1793 0
4413 9 4784 0
4414 8 2298 0
4415 7 2160 0
4416 7 2107 0
4417 10 4371 0
4418 5 1911 0
4419 6 955 0
4420 3 215 0
4421 6 4418 0
4422 4 4066 0
4423 7 2426 0
4424 6 2324 0
4425 6 2750 0
4426 6 862 0
4427 6 4589 0
4428 6 4342 0
4429 5 2583 0
4430 2 329 0
4431 6 3039 0
4432 3 2534 0
4433 5 2669 0
4434 7 2878 0
4435 4 20 0
4436 8 1794 0
4437 5 2261 0
4438 7 2968 0
4439 7 930 0
4440 2 18 0
4441 6 103 0
4442 11 3087 0
4443 9 4775 0
4444 3 498 0
4445 6 2171 0
4446 9 2073 0
4447 8 1638 0
4448 7 4505 0
4449 6 3006 0
4450 4 2991 0
4451 8 4706 0
4452 2 1902 0
4453 6 4129 0
4454 5 3096 0
4455 3 4883 0
4456 6 926 0
4457 4 2597 0
4458 8 3624 0
4459 5 3559 0
4460 5 2484 0
4461 7 478 0
4462 5 4279 0
4463 6 1494 0
4464 3 3724 0
4465 6 790 0
4466 6 2463 0
4467 4 568 0
4468 4 4669 0
4469 5 1659 0
4470 6 3399 0
4471 7 1663 0
4472 9 4705 0
4473 5 395 0
4474 7 582 0
4475 4 4059 0
4476 3 4279 0
4477 4 4525 0
4478 8 2770 0
4479 8 3258 0
4480 7 3761 0
4481 6 2059 0
4482 7 973 0
4483 5 1138 0
4484 8 856 0
4485 7 3345 0
4486 8 4058 0
4487 6 4591 0
4488 2 2319 0
4489 4 850 0
4490 1 2457 0
4491 4 2397 0
4492 7 4204 0
4493 6 802 0
4494 5 733 0
4495 0 4195 0
4496 3 4751 0
4497 6 4152 0
4498 8 4862 0
4499 5 4336 0
4500 2 933 0
4501 4 4552 0
4502 4 424 0
4503 6 2204 0
4504 5 4674 0
4505 4 3811 0
4506 4 2610 0
4507 3 1912 0
4508 4 2742 0
4509 5 450 0
4510 6 8 0
4511 6 4124 0
4512 6 2718 0
4513 5 2180 0
4514 5 48 0
4515 7 1448 0
4516 2 1811 0
4517 5 2882 0
4518 3 1651 0
4519 11 4230 0
4520 1 2260 0
4521 1 4500 0
4522 5 1987 0
4523 8 1460 0
4524 5 2182 0
4525 7 298 0
4526 5 1008 0
4527 7 810 0
4528 7 1635 0
4529 9 4925 0
4530 7 330 0
4531 5 2139 0
4532 5 3114 0
4533 5 2448 0
4534 5 2745 0
4535 5 1157 0
4536 9 835 0
4537 5 1175 0
4538 4 3509 0
4539 4 2675 0
4540 4 118 0
4541 1 4191 0
4542 7 483 0
4543 6 360 0
4544 5 4867 0
4545 11 2815 0
4546 7 2772 0
4547 7 3791 0
4548 8 1991 0
4549 3 1406 0
4550 7 574 0
4551 5 1735 0
4552 2 2389 0
4553 7 3143 0
4554 4 1413 0
4555 6 796 0
4556 6 1670 0
4557 6 2867 0
4558 11 4104 0
4559 7 3433 0
4560 5 3248 0
4561 9 410 0
4562 8 1041 0
4563 6 3386 0
4564 8 1357 0
4565 3 550 0
4566 6 1430 0
4567 3 3661 0
4568 4 2344 0
4569 8 306 0
4570 5 2673 0
4571 3 2425 0
4572 5 3672 0
4573 6 3412 0
4574 5 4945 0
4575 6 3037 0
4576 5 2449 0
4577 7 2966 0
4578 5 126 0
4579 5 1258 0
4580 6 2026 0
4581 8 596 0
4582 7 2945 0
4583 4 2635 0
4584 6 2503 0
4585 4 3540 0
4586 2 3711 0
4587 6 1520 0
4588 7 4684 0
4589 6 3847 0
4590 5 2934 0
4591 5 1743 0
4592 8 3935 0
4593 5 2396 0
4594 8 1890 0
4595 6 2515 0
4596 6 4194 0
4597 3 2928 0
4598 6 2925 0
4599 5 2608 0
4600 5 598 0
4601 6 3388 0
4602 3 3138 0
4603 5 4857 0
4604 9 2727 0
4605 7 2262 0
4606 8 719 0
4607 2 2409 0
4608 8 2192 0
4609 6 2336 0
4610 5 2426 0
4611 2 4153 0
4612 6 494 0
4613 6 3198 0
4614 8 4567 0
4615 8 1141 0
4616 6 451 0
4617 3 3462 0
4618 5 4603 0
4619 3 3941 0
4620 6 655 0
4621 9 117 0
4622 4 3699 0
4623 5 484 0
4624 8 4514 0
4625 7 4623 0
4626 3 2156 0
4627 7 3117 0
4628 8 4515 0
4629 2 3503 0
4630 9 1361 0
4631 8 4147 0
4632 4 2274 0
4633 8 962 0
4634 4 1405 0
4635 5 2051 0
4636 8 664 0
4637 8 3669 0
4638 3 3174 0
4639 2 1696 0
4640 7 919 0
4641 6 4312 0
4642 6 4210 0
4643 7 2833 0
4644 3 3183 0
4645 6 235 0
4646 6 1136 0
4647 6 3601 0
4648 4 3971 0
4649 8 3954 0
4650 11 2930 0
4651 6 3015 0
4652 7 3134 0
4653 8 1247 0
4654 6 1326 0
4655 1 1277 0
4656 4 958 0
4657 3 531 0
4658 6 4121 0
4659 6 1542 0
4660 5 2412 0
4661 5 4967 0
4662 5 3181 0
4663 8 219 0
4664 5 351 0
4665 5 4044 0
4666 2 2643 0
4667 6 3457 0
4668 6 2572 0
4669 6 3 0
4670 5 2874 0
4671 7 381 0
4672 7 3049 0
4673 8 333 0
4674 3 3557 0
4675 6 3851 0
4676 4 4666 0
4677 3 607 0
4678 4 2905 0
4679 6 1728 0
4680 6 1692 0
4681 6 4640 0
4682 6 1901 0
4683 4 2506 0
4684 5 480 0
4685 9 3820 0
4686 5 4773 0
4687 5 4709 0
4688 6 3118 0
4689 5 170 0
4690 3 3785 0
4691 5 4781 0
4692 3 4968 0
4693 2 3898 0
4694 5 1451 0
4695 6 2013 0
4696 9 4867 0
4697 4 2080 0
4698 5 213 0
4699 7 653 0
4700 5 503 0
4701 8 4642 0
4702 5 4142 0
4703 5 4021 0
4704 5 3851 0
4705 5 3430 0
4706 4 730 0
4707 7 3916 0
4708 9 2346 0
4709 7 2893 0
4710 7 1088 0
4711 2 1649 0
4712 5 1973 0
4713 1 2130 0
4714 6 2397 0
4715 8 2006 0
4716 6 3451 0
4717 8 2401 0
4718 5 855 0
4719 5 1408 0
4720 11 3834 0
4721 10 4817 0
4722 7 2480 0
4723 7 3573 0
4724 5 2299 0
4725 5 1331 0
4726 7 4108 0
4727 6 1981 0
4728 7 2696 0
4729 3 4853 0
4730 5 3808 0
4731 4 2078 0
4732 9 4001 0
4733 5 868 0
4734 2 2194 0
4735 7 4913 0
4736 8 76 0
4737 7 1561 0
4738 6 3693 0
4739 6 4524 0
4740 7 928 0
4741 4 1479 0
4742 2 1837 0
4743 6 3345 0
4744 9 1511 0
4745 10 3715 0
4746 6 2777 0
4747 7 4713 0
4748 7 479 0
4749 6 3636 0
4750 3 1763 0
4751 7 2303 0
4752 4 2034 0
4753 3 1366 0
4754 6 4614 0
4755 9 3999 0
4756 6 4371 0
4757 6 176 0
4758 7 4389 0
4759 7 530 0
4760 5 2205 0
4761 7 1664 0
4762 6 1121 0
4763 8 4563 0
4764 6 1097 0
4765 8 4241 0
4766 4 3910 0
4767 4 1329 0
4768 6 1338 0
4769 5 3322 0
4770 7 3717 0
4771 9 42 0
4772 8 2381 0
4773 5 2610 0
4774 6 1782 0
4775 2 4163 0
4776 4 675 0
4777 5 1247 0
4778 9 2185 0
4779 9 1578 0
4780 5 667 0
4781 4 1350 0
4782 6 4483 0
4783 3 3856 0
4784 6 2159 0
4785 7 3542 0
4786 5 4018 0
4787 10 4569 0
4788 3 114 0
4789 1 3257 0
4790 4 3937 0
4791 11 2137 0
4792 5 3992 0
4793 2 3784 0
4794 6 287 0
4795 5 3745 0
4796 6 1254 0
4797 6 2539 0
4798 5 4780 0
4799 8 1151 0
4800 3 4356 0
4801 7 4475 0
4802 9 1371 0
4803 5 4933 0
4804 4 4045 0
4805 6 3888 0
4806 7 461 0
4807 7 4167 0
4808 4 2045 0
4809 4 2847 0
4810 5 830 0
4811 6 3136 0
4812 4 1020 0
4813 5 3486 0
4814 4 4940 0
4815 9 4822 0
4816 8 3815 0
4817 6 834 0
4818 6 4376 0
4819 10 2102 0
4820 3 1346 0
4821 5 1920 0
4822 5 2774 0
4823 4 2101 0
4824 6 89 0
4825 2 1194 0
4826 3 3994 0
4827 9 1017 0
4828 5 2904 0
4829 3 3342 0
4830 7 2449 0
4831 4 2378 0
4832 6 4669 0
4833 5 414 0
4834 3 1970 0
4835 6 4304 0
4836 6 4364 0
4837 4 3425 0
4838 8 4344 0
4839 6 2682 0
4840 3 2113 0
4841 2 3720 0
4842 4 2183 0
4843 8 3380 0
4844 3 3449 0
4845 8 493 0
4846 9 1142 0
4847 4 3771 0
4848 6 3502 0
4849 3 285 0
4850 6 445 0
4851 4 870 0
4852 1 1676 0
4853 5 481 0
4854 6 4928 0
4855 6 578 0
4856 1 2031 0
4857 6 3153 0
4858 0 4293 0
4859 3 1953 0
4860 10 4514 0
4861 4 4651 0
4862 6 972 0
4863 6 4447 0
4864 5 757 0
4865 5 931 0
4866 5 2886 0
4867 9 1885 0
4868 8 2218 0
4869 7 2367 0
4870 3 1302 0
4871 6 227 0
4872 4 892 0
4873 5 3877 0
4874 2 1126 0
4875 7 285 0
4876 7 1700 0
4877 5 4348 0
4878 8 3351 0
4879 5 1911 0
4880 5 1447 0
4881 5 3464 0
4882 2 261 0
4883 5 3031 0
4884 6 1775 0
4885 5 450 0
4886 4 3470 0
4887 7 2399 0
4888 3 1609 0
4889 5 3481 0
4890 8 3128 0
4891 4 1521 0
4892 11 4155 0
4893 7 4786 0
4894 5 2675 0
4895 5 1321 0
4896 9 173 0
4897 3 1707 0
4898 9 4132 0
4899 8 4098 0
4900 6 1314 0
4901 5 3616 0
4902 6 3092 0
4903 9 4012 0
4904 5 4790 0
4905 5 1649 0
4906 3 357 0
4907 4 4815 0
4908 4 2385 0
4909 4 4237 0
4910 2 691 0
4911 3 532 0
4912 10 666 0
4913 4 2791 0
4914 9 396 0
4915 5 830 0
4916 6 2923 0
4917 4 3207 0
4918 7 4187 0
4919 6 1518 0
4920 3 1203 0
4921 3 4936 0
4922 3 192 0
4923 3 2089 0
4924 6 4883 0
4925 3 3966 0
4926 7 3862 0
4927 7 894 0
4928 7 4897 0
4929 5 4589 0
4930 2 2200 0
4931 8 2915 0
4932 4 3340 0
4933 3 1241 0
4934 5 10 0
4935 4 2103 0
4936 6 3587 0
4937 5 225 0
4938 8 932 0
4939 6 3846 0
4940 7 1251 0
4941 5 4873 0
4942 3 2307 0
4943 5 645 0
4944 6 3542 0
4945 4 4155 0
4946 6 1106 0
4947 4 3693 0
4948 6 3300 0
4949 8 3981 0
4950 5 3089 0
4951 4 912 0
4952 7 3612 0
4953 5 4383 0
4954 8 3776 0
4955 7 1348 0
4956 5 1927 0
4957 8 3717 0
4958 7 2371 0
4959 6 2513 0
4960 6 1301 0
4961 9 4842 0
4962 4 192 0
4963 3 152 0
4964 10 2694 0
4965 11 3667 0
4966 6 2404 0
4967 8 1710 0
4968 8 2963 0
4969 3 4152 0
4970 6 3763 0
4971 5 1982 0
4972 3 2352 0
4973 6 2556 0
4974 3 3413 0
4975 6 3243 0
4976 6 1137 0
4977 5 397 0
4978 8 2265 0
4979 6 2851 0
4980 7 3962 0
4981 5 3281 0
4982 7 2418 0
4983 8 4587 0
4984 6 2421 0
4985 9 4069 0
4986 7 3619 0
4987 5 3731 0
4988 3 1520 0
4989 5 4007 0
4990 4 625 0
4991 4 3803 0
4992 2 2127 0
4993 4 2911 0
4994 6 3122 0
4995 8 3450 0
4996 8 915 0
4997 2 3505 0
4998 8 2843 0
4999 4 4883 0
5000 3 1399 0
