1 3 3085 0
2 3 3656 0
3 5 1374 0
4 6 386 0
5 10 1814 0
6 7 3831 0
7 5 1377 0
8 8 1492 0
9 5 1084 0
10 6 2772 0
11 5 906 0
12 7 4532 0
13 4 1811 0
14 8 3175 0
15 5 4762 0
16 2 4341 0
17 5 2291 0
18 6 2685 0
19 9 4395 0
20 2 32 0
21 4 2247 0
22 1 3375 0
23 7 1393 0
24 4 59 0
25 5 1521 0
26 7 1684 0
27 5 3049 0
28 7 1351 0
29 2 2293 0
30 2 459 0
31 5 67 0
32 0 4963 0
33 6 2617 0
34 8 603 0
35 4 4515 0
36 5 3826 0
37 6 3810 0
38 9 3931 0
39 5 401 0
40 8 3178 0
41 6 744 0
42 10 2458 0
43 8 4337 0
44 10 4575 0
45 7 1512 0
46 4 1579 0
47 7 848 0
48 0 3142 0
49 5 3873 0
50 3 272 0
51 4 3098 0
52 7 2636 0
53 1 4494 0
54 3 123 0
55 6 928 0
56 6 2683 0
57 6 3773 0
58 2 2034 0
59 7 2029 0
60 8 685 0
61 6 1329 0
62 6 3550 0
63 8 925 0
64 6 4820 0
65 1 4954 0
66 6 4130 0
67 7 1131 0
68 6 2320 0
69 5 961 0
70 9 2735 0
71 5 2765 0
72 4 4948 0
73 7 4946 0
74 6 2195 0
75 4 769 0
76 4 1853 0
77 0 1250 0
78 6 1159 0
79 7 749 0
80 9 1362 0
81 5 3835 0
82 8 1265 0
83 4 1194 0
84 6 3602 0
85 7 3921 0
86 4 4841 0
87 7 3118 0
88 6 1035 0
89 8 4232 0
90 7 4138 0
91 4 2893 0
92 5 174 0
93 6 277 0
94 5 4954 0
95 9 1513 0
96 6 4088 0
97 7 3356 0
98 7 4087 0
99 6 1371 0
100 0 3482 0
101 5 3136 0
102 4 2034 0
103 3 3723 0
104 4 3330 0
105 5 995 0
106 9 2085 0
107 3 2906 0
108 6 3670 0
109 10 4179 0
110 4 4781 0
111 2 2594 0
112 5 4397 0
113 4 3703 0
114 9 1518 0
115 10 1072 0
116 7 2498 0
117 10 3769 0
118 3 2551 0
119 6 3318 0
120 7 3207 0
121 5 3769 0
122 5 222 0
123 8 3262 0
124 6 3942 0
125 5 440 0
126 8 3265 0
127 4 1265 0
128 7 2813 0
129 7 1814 0
130 2 3699 0
131 5 2977 0
132 6 1383 0
133 4 178 0
134 7 2702 0
135 9 4710 0
136 6 3334 0
137 6 1221 0
138 6 3962 0
139 7 4206 0
140 6 1873 0
141 5 435 0
142 8 1556 0
143 6 727 0
144 7 4795 0
145 6 1572 0
146 4 3673 0
147 8 1927 0
148 3 2462 0
149 3 3704 0
150 4 2856 0
151 4 1294 0
152 4 1836 0
153 7 1950 0
154 6 4681 0
155 6 1347 0
156 6 1970 0
157 6 4773 0
158 8 3274 0
159 2 4199 0
160 9 1014 0
161 5 355 0
162 5 1250 0
163 5 3440 0
164 4 4064 0
165 7 543 0
166 6 3900 0
167 3 2459 0
168 1 2404 0
169 4 3176 0
170 6 2588 0
171 7 1732 0
172 5 1900 0
173 7 4809 0
174 9 2565 0
175 5 2642 0
176 6 84 0
177 5 3140 0
178 3 692 0
179 8 1516 0
180 8 3428 0
181 11 2519 0
182 2 329 0
183 6 4331 0
184 5 4447 0
185 4 1926 0
186 6 3633 0
187 8 3920 0
188 8 2620 0
189 3 1141 0
190 4 670 0
191 7 4823 0
192 6 45 0
193 9 2205 0
194 5 1443 0
195 7 157 0
196 4 2846 0
197 3 4377 0
198 5 2190 0
199 5 3946 0
200 3 4946 0
201 7 1419 0
202 7 3741 0
203 7 2320 0
204 4 1793 0
205 6 3260 0
206 5 3705 0
207 6 4860 0
208 3 4409 0
209 10 4043 0
210 4 219 0
211 4 1782 0
212 2 3497 0
213 9 1957 0
214 9 4432 0
215 6 604 0
216 5 2180 0
217 1 151 0
218 5 3760 0
219 6 4337 0
220 5 3118 0
221 6 993 0
222 8 1118 0
223 6 3428 0
224 5 225 0
225 11 2813 0
226 6 2517 0
227 4 3611 0
228 6 4663 0
229 8 1584 0
230 4 1268 0
231 3 1205 0
232 8 2111 0
233 6 2352 0
234 8 1548 0
235 5 3519 0
236 6 3391 0
237 6 2557 0
238 6 4014 0
239 7 4925 0
240 1 803 0
241 8 1737 0
242 5 655 0
243 5 4445 0
244 5 3986 0
245 5 910 0
246 7 2243 0
247 5 1493 0
248 6 4609 0
249 5 4492 0
250 4 976 0
251 6 4398 0
252 6 951 0
253 6 794 0
254 2 3180 0
255 6 2922 0
256 10 2067 0
257 7 34 0
258 6 414 0
259 4 4330 0
260 7 4058 0
261 4 2365 0
262 4 538 0
263 3 3384 0
264 0 2552 0
265 5 761 0
266 3 1969 0
267 5 1829 0
268 3 985 0
269 7 1589 0
270 7 745 0
271 5 2 0
272 4 1628 0
273 6 4734 0
274 5 945 0
275 4 4192 0
276 6 126 0
277 6 3280 0
278 6 3563 0
279 5 630 0
280 9 2193 0
281 4 2142 0
282 3 245 0
283 8 655 0
284 3 1915 0
285 7 4959 0
286 5 4792 0
287 6 4419 0
288 7 1793 0
289 4 4099 0
290 6 4634 0
291 7 2771 0
292 6 4460 0
293 2 2206 0
294 4 2540 0
295 6 2282 0
296 6 2434 0
297 3 858 0
298 7 4835 0
299 3 4377 0
300 8 741 0
301 5 3604 0
302 8 4485 0
303 0 1579 0
304 4 480 0
305 7 4603 0
306 10 953 0
307 4 1192 0
308 3 2741 0
309 3 4717 0
310 4 3556 0
311 7 2209 0
312 4 4983 0
313 6 2324 0
314 0 1745 0
315 6 316 0
316 0 1157 0
317 5 3055 0
318 4 254 0
319 4 4570 0
320 5 3638 0
321 9 4832 0
322 1 3217 0
323 4 132 0
324 4 4215 0
325 7 4117 0
326 6 4646 0
327 4 4054 0
328 7 2102 0
329 2 3208 0
330 3 1209 0
331 5 3167 0
332 5 968 0
333 7 3799 0
334 5 4490 0
335 9 1915 0
336 6 4753 0
337 4 3893 0
338 6 4234 0
339 8 3891 0
340 8 3139 0
341 3 3357 0
342 5 3365 0
343 6 4223 0
344 4 2768 0
345 5 1178 0
346 8 451 0
347 5 2664 0
348 8 801 0
349 8 4977 0
350 5 1150 0
351 2 179 0
352 7 129 0
353 3 2796 0
354 3 3402 0
355 1 1208 0
356 6 4286 0
357 3 2549 0
358 6 4591 0
359 7 4273 0
360 5 650 0
361 8 979 0
362 9 1770 0
363 7 884 0
364 3 1580 0
365 7 617 0
366 7 2527 0
367 6 273 0
368 6 3824 0
369 5 128 0
370 7 4674 0
371 9 3632 0
372 7 769 0
373 8 3876 0
374 4 2480 0
375 8 2777 0
376 4 922 0
377 4 3359 0
378 7 1522 0
379 4 807 0
380 7 4248 0
381 5 1123 0
382 7 479 0
383 4 757 0
384 5 4282 0
385 7 4791 0
386 9 3124 0
387 5 4425 0
388 4 3574 0
389 3 3884 0
390 5 1593 0
391 8 3826 0
392 1 2640 0
393 5 3413 0
394 4 1003 0
395 5 2650 0
396 7 1767 0
397 8 4802 0
398 8 1803 0
399 4 464 0
400 10 4301 0
401 3 445 0
402 6 4786 0
403 2 4205 0
404 6 2157 0
405 6 2729 0
406 6 4989 0
407 6 4181 0
408 6 3694 0
409 4 4949 0
410 4 1921 0
411 10 2467 0
412 6 3200 0
413 6 2583 0
414 1 3095 0
415 8 4563 0
416 9 1682 0
417 7 3450 0
418 4 3348 0
419 4 3582 0
420 3 2446 0
421 6 4160 0
422 5 1481 0
423 10 4842 0
424 6 630 0
425 6 2047 0
426 7 312 0
427 6 2930 0
428 5 542 0
429 6 2046 0
430 5 413 0
431 6 1742 0
432 7 3976 0
433 6 1527 0
434 6 900 0
435 6 626 0
436 9 4564 0
437 2 928 0
438 9 1878 0
439 8 2524 0
440 5 1077 0
441 4 1408 0
442 7 2570 0
443 5 4908 0
444 6 1273 0
445 6 2479 0
446 6 3801 0
447 5 714 0
448 6 2881 0
449 5 3252 0
450 4 2751 0
451 5 2135 0
452 6 4387 0
453 8 4843 0
454 5 3058 0
455 5 3479 0
456 5 4043 0
457 3 1440 0
458 4 3134 0
459 7 3616 0
460 3 647 0
461 9 2609 0
462 5 4067 0
463 5 1802 0
464 7 321 0
465 4 1472 0
466 5 4831 0
467 8 4641 0
468 3 3585 0
469 3 90 0
470 7 3817 0
471 9 941 0
472 8 966 0
473 6 1230 0
474 4 1257 0
475 7 4416 0
476 10 4971 0
477 4 1509 0
478 5 3749 0
479 3 102 0
480 9 317 0
481 4 591 0
482 4 372 0
483 6 1838 0
484 6 1432 0
485 5 4238 0
486 1 109 0
487 4 3115 0
488 8 2934 0
489 7 3920 0
490 2 493 0
491 6 3444 0
492 8 4037 0
493 8 3592 0
494 5 875 0
495 7 4491 0
496 5 2441 0
497 9 3400 0
498 7 3531 0
499 6 3926 0
500 0 3494 0
501 5 2794 0
502 5 281 0
503 6 3648 0
504 9 2732 0
505 5 3031 0
506 5 877 0
507 3 2813 0
508 4 1148 0
509 8 441 0
510 9 4721 0
511 3 337 0
512 8 4603 0
513 7 2149 0
514 5 3403 0
515 7 2066 0
516 5 3895 0
517 8 3173 0
518 4 3062 0
519 4 497 0
520 4 3474 0
521 4 4495 0
522 7 547 0
523 8 968 0
524 6 204 0
525 4 1913 0
526 5 1006 0
527 7 82 0
528 6 657 0
529 5 4960 0
530 7 4616 0
531 2 467 0
532 3 2896 0
533 2 3763 0
534 3 4014 0
535 8 907 0
536 8 4536 0
537 0 2260 0
538 6 1706 0
539 5 4519 0
540 8 3707 0
541 5 3759 0
542 8 311 0
543 4 4576 0
544 7 3927 0
545 3 33 0
546 7 1179 0
547 4 170 0
548 6 3958 0
549 8 456 0
550 4 12 0
551 5 1784 0
552 4 4002 0
553 8 4344 0
554 5 180 0
555 4 3622 0
556 5 3396 0
557 5 4366 0
558 8 94 0
559 5 4143 0
560 3 3432 0
561 8 4197 0
562 10 659 0
563 5 945 0
564 3 2198 0
565 6 2345 0
566 4 420 0
567 10 3953 0
568 5 2383 0
569 5 1020 0
570 5 89 0
571 7 3275 0
572 5 1799 0
573 9 49 0
574 8 4157 0
575 2 475 0
576 9 1820 0
577 6 741 0
578 6 2337 0
579 6 4364 0
580 2 3396 0
581 3 1389 0
582 4 3441 0
583 8 3198 0
584 9 4811 0
585 6 4942 0
586 4 1858 0
587 6 3183 0
588 8 2833 0
589 8 3321 0
590 8 4553 0
591 7 3946 0
592 5 2593 0
593 6 4144 0
594 5 2316 0
595 5 3369 0
596 5 2015 0
597 8 612 0
598 5 441 0
599 5 1528 0
600 6 1480 0
601 5 2472 0
602 4 2231 0
603 4 3551 0
604 6 4998 0
605 6 212 0
606 5 1038 0
607 10 2027 0
608 6 3620 0
609 5 698 0
610 10 1959 0
611 6 369 0
612 8 4526 0
613 6 4344 0
614 3 3338 0
615 6 4484 0
616 7 4824 0
617 4 4269 0
618 5 1486 0
619 5 1323 0
620 6 2353 0
621 7 999 0
622 0 2564 0
623 4 4457 0
624 5 2858 0
625 4 3620 0
626 5 2005 0
627 6 1977 0
628 6 2787 0
629 5 1632 0
630 3 1147 0
631 7 12 0
632 4 4582 0
633 3 1702 0
634 2 2329 0
635 2 3723 0
636 5 2597 0
637 3 14 0
638 3 1024 0
639 6 1618 0
640 8 1816 0
641 6 1602 0
642 4 2499 0
643 3 494 0
644 7 1023 0
645 8 3774 0
646 8 885 0
647 6 3099 0
648 4 7 0
649 9 4257 0
650 7 1046 0
651 8 2684 0
652 3 2837 0
653 7 1159 0
654 7 1943 0
655 4 3350 0
656 4 873 0
657 9 942 0
658 4 4247 0
659 7 49 0
660 5 1228 0
661 5 3726 0
662 4 651 0
663 6 1849 0
664 5 3702 0
665 3 2612 0
666 7 4074 0
667 13 4652 0
668 5 1151 0
669 2 3481 0
670 8 3786 0
671 4 680 0
672 4 886 0
673 3 3406 0
674 8 2069 0
675 5 1648 0
676 4 4999 0
677 5 3733 0
678 8 2977 0
679 5 307 0
680 6 1000 0
681 6 2859 0
682 6 1069 0
683 5 4222 0
684 8 4837 0
685 6 3107 0
686 7 4611 0
687 8 2921 0
688 6 3846 0
689 6 4383 0
690 5 4881 0
691 3 1489 0
692 10 1519 0
693 7 1282 0
694 6 2898 0
695 8 2921 0
696 7 2850 0
697 3 3938 0
698 8 4568 0
699 6 433 0
700 6 2011 0
701 2 2645 0
702 6 3017 0
703 4 632 0
704 7 2469 0
705 4 4239 0
706 4 2205 0
707 4 3284 0
708 1 2871 0
709 6 3188 0
710 6 3156 0
711 4 3600 0
712 7 4343 0
713 8 4954 0
714 4 2781 0
715 5 388 0
716 5 3417 0
717 6 4931 0
718 8 988 0
719 5 128 0
720 4 2823 0
721 8 4160 0
722 3 4291 0
723 7 3425 0
724 4 1866 0
725 7 4639 0
726 6 3345 0
727 4 4948 0
728 7 3739 0
729 5 1586 0
730 5 4649 0
731 8 1995 0
732 3 1565 0
733 6 1665 0
734 4 1256 0
735 5 2680 0
736 8 4537 0
737 1 3828 0
738 3 2104 0
739 5 4042 0
740 2 3413 0
741 7 3163 0
742 8 2646 0
743 7 1445 0
744 1 3635 0
745 6 1428 0
746 7 4857 0
747 5 4041 0
748 5 3432 0
749 4 1865 0
750 5 1443 0
751 6 1802 0
752 3 3916 0
753 8 4890 0
754 6 1562 0
755 8 3178 0
756 6 1353 0
757 3 4603 0
758 5 3610 0
759 4 3438 0
760 4 2259 0
761 4 4937 0
762 6 4876 0
763 6 1282 0
764 6 948 0
765 4 3964 0
766 7 2085 0
767 7 2186 0
768 6 1668 0
769 6 3928 0
770 4 256 0
771 7 1644 0
772 6 4391 0
773 1 1582 0
774 6 3527 0
775 6 4188 0
776 10 1238 0
777 7 3266 0
778 5 1712 0
779 5 3823 0
780 7 3425 0
781 4 3332 0
782 7 16 0
783 2 3270 0
784 3 862 0
785 5 2299 0
786 7 1524 0
787 4 3306 0
788 4 1929 0
789 4 726 0
790 7 3855 0
791 6 4915 0
792 6 3128 0
793 4 170 0
794 5 4875 0
795 6 3977 0
796 6 1182 0
797 7 2434 0
798 2 4792 0
799 6 2146 0
800 8 3566 0
801 6 1077 0
802 7 248 0
803 5 4546 0
804 6 1248 0
805 7 1075 0
806 4 4640 0
807 4 3264 0
808 4 1081 0
809 3 2144 0
810 9 3086 0
811 12 974 0
812 6 3401 0
813 6 467 0
814 3 348 0
815 4 1288 0
816 3 3086 0
817 4 1856 0
818 5 2202 0
819 8 2551 0
820 6 578 0
821 6 484 0
822 4 3361 0
823 4 1465 0
824 8 3611 0
825 7 2458 0
826 8 474 0
827 5 2153 0
828 7 768 0
829 5 309 0
830 3 2415 0
831 3 4189 0
832 8 2243 0
833 4 4751 0
834 6 311 0
835 7 415 0
836 5 4643 0
837 4 2959 0
838 5 4528 0
839 8 923 0
840 6 2293 0
841 5 3234 0
842 3 1291 0
843 5 1110 0
844 8 460 0
845 8 4111 0
846 4 4140 0
847 3 3606 0
848 4 3131 0
849 4 3095 0
850 5 1624 0
851 5 4405 0
852 8 2046 0
853 6 2940 0
854 2 2532 0
855 5 3426 0
856 8 1227 0
857 6 4655 0
858 6 3016 0
859 8 3183 0
860 6 564 0
861 7 3331 0
862 7 4710 0
863 8 4487 0
864 3 4427 0
865 10 4662 0
866 5 2780 0
867 4 1416 0
868 6 4272 0
869 7 4940 0
870 3 3151 0
871 7 1093 0
872 7 2082 0
873 8 666 0
874 2 1990 0
875 6 2566 0
876 4 4552 0
877 0 3708 0
878 6 2418 0
879 3 133 0
880 2 4632 0
881 8 2995 0
882 5 3137 0
883 4 557 0
884 2 981 0
885 3 3651 0
886 6 332 0
887 9 1636 0
888 7 115 0
889 5 3492 0
890 7 4757 0
891 1 2544 0
892 5 1899 0
893 6 3483 0
894 2 3119 0
895 2 1618 0
896 5 4633 0
897 8 2542 0
898 0 4802 0
899 3 1976 0
900 6 1108 0
901 5 2466 0
902 9 1276 0
903 4 1772 0
904 6 2792 0
905 6 447 0
906 3 3728 0
907 5 1892 0
908 8 1761 0
909 7 3907 0
910 8 1211 0
911 7 53 0
912 5 3997 0
913 3 4333 0
914 9 746 0
915 7 2172 0
916 2 3755 0
917 6 1706 0
918 5 3441 0
919 4 1816 0
920 3 2474 0
921 5 2427 0
922 7 2218 0
923 3 1063 0
924 7 23 0
925 8 2463 0
926 4 4661 0
927 4 3569 0
928 7 1459 0
929 5 2350 0
930 4 3319 0
931 6 1886 0
932 7 4120 0
933 6 4795 0
934 9 2135 0
935 4 1126 0
936 4 4088 0
937 4 3914 0
938 4 1796 0
939 6 658 0
940 7 2192 0
941 7 2454 0
942 2 4407 0
943 9 2145 0
944 7 920 0
945 2 1122 0
946 4 3316 0
947 6 3191 0
948 4 68 0
949 0 4715 0
950 5 3580 0
951 8 1500 0
952 6 1998 0
953 6 617 0
954 4 1361 0
955 6 2390 0
956 7 1969 0
957 5 4188 0
958 3 627 0
959 7 4729 0
960 5 3912 0
961 8 2500 0
962 4 296 0
963 5 1104 0
964 5 3099 0
965 4 2766 0
966 6 396 0
967 4 4083 0
968 10 204 0
969 6 3933 0
970 5 2905 0
971 6 2229 0
972 3 3981 0
973 3 4583 0
974 7 2091 0
975 8 3709 0
976 6 4674 0
977 3 281 0
978 8 903 0
979 6 4372 0
980 6 4943 0
981 9 2786 0
982 5 286 0
983 10 178 0
984 4 4016 0
985 4 4534 0
986 8 1077 0
987 3 4181 0
988 5 3866 0
989 2 4470 0
990 6 4575 0
991 5 2540 0
992 10 3126 0
993 5 3587 0
994 6 1240 0
995 3 1076 0
996 4 3823 0
997 3 2859 0
998 5 625 0
999 8 4158 0
1000 8 4576 0
1001 6 2753 0
1002 6 1028 0
1003 7 116 0
1004 6 3239 0
1005 5 2070 0
1006 5 4881 0
1007 6 3161 0
1008 5 3544 0
1009 7 685 0
1010 5 1991 0
1011 4 490 0
1012 10 4594 0
1013 4 4116 0
1014 7 1589 0
1015 7 2475 0
1016 10 4875 0
1017 7 4501 0
1018 9 1218 0
1019 8 4153 0
1020 5 103 0
1021 5 3420 0
1022 5 2750 0
1023 6 63 0
1024 6 1913 0
1025 4 4151 0
1026 1 4011 0
1027 7 3056 0
1028 6 1214 0
1029 6 3993 0
1030 8 1555 0
1031 6 323 0
1032 7 4343 0
1033 6 491 0
1034 5 3878 0
1035 3 3872 0
1036 5 149 0
1037 4 2652 0
1038 5 1181 0
1039 6 2321 0
1040 5 3333 0
1041 4 2769 0
1042 4 904 0
1043 9 4284 0
1044 6 1332 0
1045 8 1749 0
1046 3 2251 0
1047 9 3064 0
1048 4 754 0
1049 8 3642 0
1050 8 4266 0
1051 7 4370 0
1052 4 598 0
1053 6 1570 0
1054 7 560 0
1055 4 3854 0
1056 3 1228 0
1057 7 1190 0
1058 5 525 0
1059 4 2948 0
1060 2 1785 0
1061 7 2138 0
1062 5 3507 0
1063 7 1746 0
1064 3 4275 0
1065 6 3514 0
1066 6 3273 0
1067 5 2562 0
1068 6 2547 0
1069 8 952 0
1070 7 1968 0
1071 6 758 0
1072 5 1274 0
1073 5 3540 0
1074 2 2347 0
1075 7 4899 0
1076 5 1757 0
1077 7 1384 0
1078 5 1694 0
1079 6 512 0
1080 6 1749 0
1081 3 4303 0
1082 6 4246 0
1083 9 3019 0
1084 6 2693 0
1085 5 1481 0
1086 8 757 0
1087 8 1975 0
1088 5 2184 0
1089 6 3077 0
1090 7 4634 0
1091 5 593 0
1092 5 3089 0
1093 8 3993 0
1094 8 3162 0
1095 3 2422 0
1096 6 2479 0
1097 7 1176 0
1098 5 4185 0
1099 7 1777 0
1100 6 4935 0
1101 5 4085 0
1102 3 2733 0
1103 6 4219 0
1104 6 2487 0
1105 7 1681 0
1106 1 1650 0
1107 5 1444 0
1108 6 431 0
1109 5 1891 0
1110 1 1153 0
1111 5 4948 0
1112 6 3823 0
1113 3 1525 0
1114 8 3640 0
1115 5 2951 0
1116 6 4998 0
1117 2 3400 0
1118 9 4317 0
1119 7 4401 0
1120 4 3383 0
1121 7 3362 0
1122 6 2818 0
1123 4 468 0
1124 7 2632 0
1125 4 3988 0
1126 9 660 0
1127 8 829 0
1128 5 2354 0
1129 5 153 0
1130 4 1964 0
1131 4 2125 0
1132 5 4919 0
1133 5 483 0
1134 4 3328 0
1135 7 1015 0
1136 4 1742 0
1137 5 4553 0
1138 5 2080 0
1139 5 3887 0
1140 4 86 0
1141 2 2266 0
1142 4 1539 0
1143 7 1862 0
1144 3 715 0
1145 5 3432 0
1146 7 4065 0
1147 10 4092 0
1148 8 4926 0
1149 5 240 0
1150 4 1462 0
1151 7 2272 0
1152 8 4592 0
1153 5 4242 0
1154 5 3399 0
1155 7 2161 0
1156 6 3903 0
1157 7 3164 0
1158 4 580 0
1159 6 4486 0
1160 8 4501 0
1161 6 3551 0
1162 6 1804 0
1163 7 731 0
1164 8 3932 0
1165 7 4999 0
1166 8 3923 0
1167 7 2178 0
1168 5 1428 0
1169 7 4213 0
1170 4 825 0
1171 8 771 0
1172 7 1749 0
1173 8 1333 0
1174 6 3101 0
1175 3 4574 0
1176 5 4074 0
1177 4 3297 0
1178 7 1837 0
1179 8 2217 0
1180 1 3556 0
1181 5 2896 0
1182 6 2963 0
1183 7 2354 0
1184 7 2003 0
1185 5 1516 0
1186 2 1603 0
1187 7 1628 0
1188 5 3942 0
1189 3 987 0
1190 8 2729 0
1191 4 34 0
1192 4 4939 0
1193 2 2835 0
1194 5 3215 0
1195 7 3090 0
1196 8 2450 0
1197 4 140 0
1198 6 26 0
1199 7 1100 0
1200 8 4280 0
1201 3 3461 0
1202 6 3261 0
1203 3 2572 0
1204 6 2454 0
1205 7 3943 0
1206 5 1438 0
1207 4 153 0
1208 7 418 0
1209 5 783 0
1210 8 3856 0
1211 6 4910 0
1212 0 407 0
1213 6 4024 0
1214 5 4713 0
1215 7 1766 0
1216 6 4207 0
1217 5 1918 0
1218 5 2893 0
1219 5 2334 0
1220 5 3013 0
1221 6 4435 0
1222 7 3389 0
1223 6 91 0
1224 7 2047 0
1225 6 4248 0
1226 6 4973 0
1227 8 2958 0
1228 9 3069 0
1229 8 4481 0
1230 6 3696 0
1231 4 4378 0
1232 3 4654 0
1233 4 1606 0
1234 4 696 0
1235 3 4538 0
1236 4 420 0
1237 5 867 0
1238 7 1321 0
1239 1 1776 0
1240 8 763 0
1241 4 735 0
1242 4 3611 0
1243 8 588 0
1244 4 2697 0
1245 7 230 0
1246 3 1377 0
1247 8 3931 0
1248 1 1194 0
1249 5 499 0
1250 1 2980 0
1251 7 4056 0
1252 6 2114 0
1253 10 3015 0
1254 4 2031 0
1255 8 4783 0
1256 2 1748 0
1257 3 2072 0
1258 6 2726 0
1259 6 328 0
1260 3 2019 0
1261 3 2574 0
1262 6 1204 0
1263 0 1261 0
1264 2 3038 0
1265 0 1072 0
1266 4 1129 0
1267 3 1874 0
1268 2 4280 0
1269 5 4160 0
1270 5 854 0
1271 6 4627 0
1272 7 2852 0
1273 4 1584 0
1274 6 11 0
1275 7 3388 0
1276 5 3201 0
1277 8 1280 0
1278 7 1794 0
1279 5 918 0
1280 9 456 0
1281 6 3399 0
1282 6 3640 0
1283 9 3674 0
1284 6 863 0
1285 7 2516 0
1286 3 2175 0
1287 5 1 0
1288 3 46 0
1289 6 638 0
1290 7 3514 0
1291 4 3182 0
1292 8 1470 0
1293 2 1512 0
1294 6 2782 0
1295 4 3079 0
1296 8 3591 0
1297 7 3411 0
1298 5 2257 0
1299 8 621 0
1300 2 916 0
1301 7 2992 0
1302 7 2507 0
1303 9 4997 0
1304 8 1960 0
1305 9 87 0
1306 6 1965 0
1307 7 4276 0
1308 7 4434 0
1309 6 4741 0
1310 3 3484 0
1311 4 2233 0
1312 7 792 0
1313 3 3897 0
1314 8 691 0
1315 4 1800 0
1316 3 2561 0
1317 4 1258 0
1318 5 3540 0
1319 10 822 0
1320 9 440 0
1321 3 2537 0
1322 5 1470 0
1323 4 2252 0
1324 8 1937 0
1325 8 1810 0
1326 8 1277 0
1327 6 4288 0
1328 5 2159 0
1329 4 1744 0
1330 5 483 0
1331 6 2521 0
1332 4 672 0
1333 5 4836 0
1334 8 64 0
1335 2 3470 0
1336 5 775 0
1337 5 2614 0
1338 2 2042 0
1339 6 2633 0
1340 7 2931 0
1341 9 3748 0
1342 5 1255 0
1343 6 4892 0
1344 7 2301 0
1345 5 899 0
1346 7 1112 0
1347 8 1882 0
1348 10 4140 0
1349 5 787 0
1350 8 2335 0
1351 4 3244 0
1352 5 1126 0
1353 3 1645 0
1354 6 4257 0
1355 4 4628 0
1356 6 1939 0
1357 6 4835 0
1358 8 4448 0
1359 9 1297 0
1360 7 4643 0
1361 5 4580 0
1362 5 2974 0
1363 5 1898 0
1364 3 4731 0
1365 11 2352 0
1366 8 2333 0
1367 8 1495 0
1368 1 4202 0
1369 4 4303 0
1370 5 3286 0
1371 6 529 0
1372 3 3500 0
1373 4 993 0
1374 3 4722 0
1375 2 953 0
1376 4 2911 0
1377 6 1036 0
1378 5 1328 0
1379 6 3216 0
1380 7 3058 0
1381 6 1034 0
1382 6 1267 0
1383 3 1489 0
1384 3 446 0
1385 8 4841 0
1386 5 1180 0
1387 6 758 0
1388 4 3772 0
1389 5 3221 0
1390 7 1690 0
1391 4 1101 0
1392 5 1916 0
1393 5 1092 0
1394 8 1433 0
1395 5 854 0
1396 5 1672 0
1397 8 4323 0
1398 6 1477 0
1399 2 1617 0
1400 6 2239 0
1401 3 963 0
1402 4 2505 0
1403 5 1841 0
1404 9 3938 0
1405 4 485 0
1406 4 3164 0
1407 8 4901 0
1408 7 2586 0
1409 5 3006 0
1410 4 609 0
1411 4 4132 0
1412 5 4974 0
1413 5 4141 0
1414 5 3521 0
1415 7 1971 0
1416 6 1288 0
1417 6 2126 0
1418 10 1705 0
1419 3 2233 0
1420 4 3488 0
1421 6 4302 0
1422 9 1308 0
1423 5 3762 0
1424 6 4166 0
1425 8 1264 0
1426 3 2132 0
1427 4 334 0
1428 7 1249 0
1429 6 1819 0
1430 0 4704 0
1431 5 4511 0
1432 8 4931 0
1433 6 4983 0
1434 8 1664 0
1435 2 2638 0
1436 4 486 0
1437 4 1689 0
1438 6 907 0
1439 6 1285 0
1440 6 4398 0
1441 8 4531 0
1442 2 503 0
1443 4 3004 0
1444 5 1217 0
1445 5 4643 0
1446 5 3623 0
1447 3 1792 0
1448 9 5 0
1449 1 2469 0
1450 8 3419 0
1451 4 2086 0
1452 6 3161 0
1453 4 1360 0
1454 8 2439 0
1455 7 3242 0
1456 7 1829 0
1457 7 626 0
1458 5 1458 0
1459 4 320 0
1460 6 3164 0
1461 8 2822 0
1462 6 3938 0
1463 6 3759 0
1464 1 2844 0
1465 6 3863 0
1466 6 479 0
1467 9 3132 0
1468 6 1868 0
1469 5 4694 0
1470 6 4765 0
1471 7 3304 0
1472 7 1108 0
1473 9 1586 0
1474 6 2535 0
1475 4 1285 0
1476 5 2537 0
1477 2 3723 0
1478 9 4138 0
1479 5 4554 0
1480 5 241 0
1481 7 946 0
1482 8 1064 0
1483 11 1459 0
1484 4 3226 0
1485 10 3861 0
1486 5 3305 0
1487 5 1379 0
1488 4 3767 0
1489 5 1299 0
1490 8 107 0
1491 4 3786 0
1492 5 1755 0
1493 5 1471 0
1494 3 4608 0
1495 7 2939 0
1496 5 560 0
1497 4 3120 0
1498 8 2261 0
1499 7 4632 0
1500 3 3063 0
1501 4 496 0
1502 6 4139 0
1503 5 4259 0
1504 6 3219 0
1505 6 3981 0
1506 3 128 0
1507 3 2958 0
1508 4 2467 0
1509 1 2123 0
1510 4 1217 0
1511 6 1144 0
1512 7 1865 0
1513 7 376 0
1514 5 2007 0
1515 4 170 0
1516 5 1309 0
1517 3 2064 0
1518 3 2091 0
1519 5 960 0
1520 4 4669 0
1521 6 1790 0
1522 3 1497 0
1523 7 4440 0
1524 4 604 0
1525 6 2311 0
1526 7 2289 0
1527 4 1937 0
1528 0 3214 0
1529 9 4153 0
1530 7 2044 0
1531 5 616 0
1532 6 3019 0
1533 10 1478 0
1534 8 1807 0
1535 5 3069 0
1536 7 351 0
1537 7 1709 0
1538 0 1205 0
1539 5 1237 0
1540 6 4389 0
1541 6 3617 0
1542 4 381 0
1543 2 2279 0
1544 9 838 0
1545 6 1191 0
1546 6 476 0
1547 5 2399 0
1548 4 4533 0
1549 2 1749 0
1550 6 4122 0
1551 4 2328 0
1552 3 963 0
1553 6 1454 0
1554 4 653 0
1555 6 202 0
1556 7 1508 0
1557 6 2792 0
1558 5 2339 0
1559 4 4541 0
1560 8 4133 0
1561 6 1789 0
1562 9 4875 0
1563 5 3850 0
1564 2 2350 0
1565 7 3561 0
1566 10 2325 0
1567 2 1115 0
1568 5 4967 0
1569 4 3129 0
1570 7 2905 0
1571 2 1874 0
1572 5 183 0
1573 5 791 0
1574 4 1658 0
1575 3 2419 0
1576 6 1502 0
1577 7 3779 0
1578 7 2298 0
1579 2 1043 0
1580 5 4333 0
1581 1 738 0
1582 5 2626 0
1583 8 4735 0
1584 4 620 0
1585 8 1950 0
1586 5 4449 0
1587 6 337 0
1588 9 4733 0
1589 5 339 0
1590 9 718 0
1591 11 3377 0
1592 7 1650 0
1593 7 4426 0
1594 8 243 0
1595 4 18 0
1596 5 3181 0
1597 6 3488 0
1598 1 2352 0
1599 3 472 0
1600 5 331 0
1601 0 425 0
1602 8 3469 0
1603 2 1457 0
1604 7 191 0
1605 6 1821 0
1606 9 4318 0
1607 7 4593 0
1608 7 4404 0
1609 8 2001 0
1610 6 2581 0
1611 7 1169 0
1612 8 1211 0
1613 2 4881 0
1614 5 4906 0
1615 5 4741 0
1616 4 642 0
1617 6 3553 0
1618 5 2527 0
1619 3 4963 0
1620 7 1436 0
1621 4 641 0
1622 5 688 0
1623 4 347 0
1624 5 2290 0
1625 5 4361 0
1626 7 4360 0
1627 5 254 0
1628 5 2031 0
1629 5 2832 0
1630 8 2214 0
1631 10 3107 0
1632 3 3729 0
1633 4 4122 0
1634 6 252 0
1635 4 3742 0
1636 6 2498 0
1637 7 4439 0
1638 6 41 0
1639 7 2397 0
1640 8 3876 0
1641 3 2699 0
1642 7 4532 0
1643 6 2351 0
1644 6 4097 0
1645 9 1640 0
1646 7 4282 0
1647 3 3161 0
1648 5 564 0
1649 8 3119 0
1650 2 179 0
1651 9 3809 0
1652 4 2922 0
1653 4 972 0
1654 5 2841 0
1655 4 855 0
1656 6 3229 0
1657 6 1471 0
1658 6 4711 0
1659 5 1778 0
1660 5 2147 0
1661 7 2963 0
1662 3 2439 0
1663 7 254 0
1664 8 20 0
1665 5 3739 0
1666 7 3195 0
1667 4 4216 0
1668 5 4097 0
1669 5 353 0
1670 6 3939 0
1671 5 3730 0
1672 8 3319 0
1673 3 1295 0
1674 2 2462 0
1675 6 2989 0
1676 3 4821 0
1677 7 4226 0
1678 8 879 0
1679 7 3037 0
1680 5 1730 0
1681 7 218 0
1682 3 2837 0
1683 9 3775 0
1684 7 734 0
1685 8 1123 0
1686 5 245 0
1687 10 1468 0
1688 6 4574 0
1689 4 433 0
1690 4 4970 0
1691 7 3167 0
1692 9 351 0
1693 6 2142 0
1694 7 4884 0
1695 8 1895 0
1696 5 242 0
1697 2 3813 0
1698 5 3130 0
1699 7 3062 0
1700 5 866 0
1701 6 4496 0
1702 5 1690 0
1703 6 4862 0
1704 4 1643 0
1705 6 1662 0
1706 6 1233 0
1707 6 1355 0
1708 7 233 0
1709 5 3279 0
1710 6 4862 0
1711 8 458 0
1712 10 2082 0
1713 4 2706 0
1714 7 1860 0
1715 7 4290 0
1716 9 2570 0
1717 7 3863 0
1718 5 27 0
1719 8 1948 0
1720 6 4585 0
1721 3 1539 0
1722 6 2124 0
1723 6 340 0
1724 5 1618 0
1725 6 1337 0
1726 5 4807 0
1727 6 2850 0
1728 4 403 0
1729 5 4674 0
1730 8 1117 0
1731 2 813 0
1732 7 1124 0
1733 4 2974 0
1734 7 2578 0
1735 7 730 0
1736 6 633 0
1737 7 3463 0
1738 5 4163 0
1739 4 796 0
1740 4 2835 0
1741 7 3977 0
1742 5 73 0
1743 5 974 0
1744 5 1716 0
1745 4 781 0
1746 5 4248 0
1747 4 1521 0
1748 9 2775 0
1749 4 1922 0
1750 5 4771 0
1751 5 2250 0
1752 7 4962 0
1753 8 463 0
1754 7 2993 0
1755 8 154 0
1756 4 2396 0
1757 2 45 0
1758 2 74 0
1759 7 4109 0
1760 5 3043 0
1761 3 3260 0
1762 6 329 0
1763 3 3981 0
1764 5 3406 0
1765 7 2362 0
1766 8 803 0
1767 6 3017 0
1768 4 1053 0
1769 4 4634 0
1770 3 2073 0
1771 5 4513 0
1772 7 2194 0
1773 5 4102 0
1774 8 3999 0
1775 3 2694 0
1776 8 4571 0
1777 4 3386 0
1778 9 4022 0
1779 7 231 0
1780 3 908 0
1781 5 3031 0
1782 8 1514 0
1783 7 695 0
1784 9 2754 0
1785 3 4214 0
1786 4 2765 0
1787 4 2381 0
1788 9 1062 0
1789 5 4526 0
1790 7 1985 0
1791 6 4189 0
1792 6 1135 0
1793 1 2873 0
1794 6 4997 0
1795 8 1038 0
1796 4 1466 0
1797 7 4225 0
1798 6 1577 0
1799 4 3577 0
1800 6 2096 0
1801 5 1973 0
1802 8 3712 0
1803 6 4860 0
1804 2 386 0
1805 6 2887 0
1806 7 3668 0
1807 5 1501 0
1808 3 1441 0
1809 3 1923 0
1810 4 76 0
1811 3 4730 0
1812 4 1382 0
1813 10 698 0
1814 6 3218 0
1815 8 4943 0
1816 5 4679 0
1817 5 3573 0
1818 8 2668 0
1819 8 3482 0
1820 6 118 0
1821 5 4654 0
1822 8 4195 0
1823 7 774 0
1824 3 565 0
1825 7 2857 0
1826 7 497 0
1827 7 2057 0
1828 7 248 0
1829 5 3193 0
1830 9 217 0
1831 8 2708 0
1832 8 3556 0
1833 3 3050 0
1834 8 504 0
1835 5 3520 0
1836 3 199 0
1837 6 1114 0
1838 10 2604 0
1839 9 4059 0
1840 6 4507 0
1841 4 1822 0
1842 7 153 0
1843 6 784 0
1844 4 3524 0
1845 8 772 0
1846 5 3215 0
1847 10 4470 0
1848 2 4741 0
1849 4 2874 0
1850 9 4485 0
1851 4 235 0
1852 5 381 0
1853 7 3063 0
1854 7 4108 0
1855 3 628 0
1856 2 3819 0
1857 8 532 0
1858 6 4895 0
1859 6 1316 0
1860 3 3791 0
1861 5 723 0
1862 8 2261 0
1863 4 2175 0
1864 5 4982 0
1865 8 1837 0
1866 3 3628 0
1867 8 4083 0
1868 6 2479 0
1869 3 2254 0
1870 6 334 0
1871 10 4798 0
1872 4 2508 0
1873 5 4239 0
1874 9 1677 0
1875 8 3955 0
1876 1 1710 0
1877 8 4706 0
1878 6 3507 0
1879 3 4861 0
1880 6 2394 0
1881 3 3412 0
1882 3 4219 0
1883 4 3746 0
1884 6 3922 0
1885 4 373 0
1886 3 3711 0
1887 11 2324 0
1888 4 445 0
1889 4 3973 0
1890 2 4509 0
1891 5 4835 0
1892 6 326 0
1893 6 173 0
1894 9 3525 0
1895 6 2982 0
1896 4 2633 0
1897 3 4035 0
1898 4 1032 0
1899 5 855 0
1900 7 1733 0
1901 6 3149 0
1902 8 1213 0
1903 5 3107 0
1904 6 1296 0
1905 3 1366 0
1906 5 1415 0
1907 8 4627 0
1908 7 4030 0
1909 8 116 0
1910 6 2921 0
1911 5 507 0
1912 2 546 0
1913 3 3096 0
1914 5 3433 0
1915 4 4599 0
1916 7 2284 0
1917 6 1272 0
1918 9 2798 0
1919 4 2232 0
1920 5 4365 0
1921 9 1328 0
1922 8 84 0
1923 7 4419 0
1924 6 2075 0
1925 5 2055 0
1926 5 3581 0
1927 5 2692 0
1928 9 2288 0
1929 7 2621 0
1930 9 3052 0
1931 4 1559 0
1932 6 2513 0
1933 7 158 0
1934 4 3151 0
1935 7 442 0
1936 4 4105 0
1937 4 762 0
1938 5 3399 0
1939 6 361 0
1940 7 4772 0
1941 3 2219 0
1942 6 1217 0
1943 5 252 0
1944 5 2076 0
1945 9 3835 0
1946 3 2760 0
1947 3 4163 0
1948 6 3890 0
1949 7 3611 0
1950 1 2390 0
1951 8 1136 0
1952 4 4482 0
1953 5 3964 0
1954 8 2402 0
1955 2 1461 0
1956 5 425 0
1957 5 2165 0
1958 3 4188 0
1959 5 2666 0
1960 7 2552 0
1961 1 2958 0
1962 6 1837 0
1963 9 4480 0
1964 8 4603 0
1965 6 2830 0
1966 4 3323 0
1967 3 1943 0
1968 3 1163 0
1969 2 2314 0
1970 5 4387 0
1971 6 2845 0
1972 5 4801 0
1973 7 1099 0
1974 7 368 0
1975 6 3913 0
1976 4 2720 0
1977 7 3350 0
1978 8 400 0
1979 4 3785 0
1980 6 1242 0
1981 11 3784 0
1982 4 3847 0
1983 7 892 0
1984 7 1247 0
1985 6 4932 0
1986 4 1905 0
1987 5 4489 0
1988 9 44 0
1989 4 96 0
1990 5 3384 0
1991 6 2053 0
1992 9 3671 0
1993 6 829 0
1994 7 4266 0
1995 6 4677 0
1996 7 2746 0
1997 8 3752 0
1998 2 2207 0
1999 6 16 0
2000 8 3798 0
2001 9 3525 0
2002 5 4283 0
2003 4 2059 0
2004 3 299 0
2005 8 2801 0
2006 3 512 0
2007 3 4840 0
2008 2 543 0
2009 5 658 0
2010 7 3276 0
2011 8 2619 0
2012 0 3415 0
2013 6 2326 0
2014 1 3260 0
2015 4 2680 0
2016 7 1472 0
2017 3 2121 0
2018 8 2581 0
2019 2 4585 0
2020 9 4107 0
2021 4 4682 0
2022 6 3555 0
2023 5 569 0
2024 9 3543 0
2025 2 2724 0
2026 7 663 0
2027 7 3261 0
2028 4 1239 0
2029 5 2656 0
2030 3 4293 0
2031 5 1885 0
2032 8 3289 0
2033 7 1223 0
2034 3 2903 0
2035 6 1674 0
2036 5 4903 0
2037 8 2485 0
2038 5 884 0
2039 6 2571 0
2040 5 2567 0
2041 5 128 0
2042 9 4789 0
2043 5 411 0
2044 2 4869 0
2045 5 3762 0
2046 6 697 0
2047 4 4608 0
2048 3 4405 0
2049 6 2777 0
2050 6 3780 0
2051 7 3635 0
2052 4 1726 0
2053 4 4188 0
2054 8 804 0
2055 9 639 0
2056 6 3325 0
2057 10 3355 0
2058 4 3143 0
2059 7 1579 0
2060 5 1370 0
2061 5 4716 0
2062 3 374 0
2063 5 535 0
2064 5 1832 0
2065 4 543 0
2066 2 2018 0
2067 7 3148 0
2068 3 179 0
2069 5 576 0
2070 5 3352 0
2071 11 3989 0
2072 6 2004 0
2073 2 83 0
2074 6 1338 0
2075 4 3208 0
2076 3 3157 0
2077 6 4215 0
2078 6 3324 0
2079 5 2949 0
2080 6 1799 0
2081 4 365 0
2082 5 1975 0
2083 4 4250 0
2084 6 3296 0
2085 6 2689 0
2086 8 1265 0
2087 6 154 0
2088 6 1192 0
2089 3 3658 0
2090 4 3573 0
2091 4 1471 0
2092 2 3868 0
2093 6 1838 0
2094 8 2501 0
2095 6 4140 0
2096 3 985 0
2097 7 3391 0
2098 1 2154 0
2099 3 618 0
2100 5 4741 0
2101 3 1719 0
2102 2 3339 0
2103 6 3592 0
2104 7 891 0
2105 3 12 0
2106 4 1237 0
2107 8 3486 0
2108 6 2686 0
2109 8 3207 0
2110 2 4809 0
2111 4 1988 0
2112 7 4437 0
2113 4 4612 0
2114 6 777 0
2115 8 691 0
2116 6 3826 0
2117 7 2769 0
2118 4 4917 0
2119 7 4229 0
2120 2 2678 0
2121 4 4762 0
2122 3 2931 0
2123 5 3189 0
2124 5 4061 0
2125 6 4218 0
2126 4 3809 0
2127 5 4163 0
2128 5 1924 0
2129 7 2581 0
2130 6 117 0
2131 6 3818 0
2132 6 4904 0
2133 8 3640 0
2134 6 975 0
2135 4 630 0
2136 5 3259 0
2137 5 1826 0
2138 6 2842 0
2139 5 562 0
2140 4 4479 0
2141 10 4110 0
2142 4 2460 0
2143 6 4477 0
2144 5 2988 0
2145 7 234 0
2146 9 4883 0
2147 4 1380 0
2148 5 4534 0
2149 7 88 0
2150 2 1159 0
2151 4 1706 0
2152 5 3972 0
2153 8 2614 0
2154 5 4847 0
2155 6 550 0
2156 7 3622 0
2157 3 2053 0
2158 5 1494 0
2159 7 2919 0
2160 3 4488 0
2161 4 3188 0
2162 6 2067 0
2163 6 2999 0
2164 3 2232 0
2165 4 219 0
2166 3 1504 0
2167 8 2458 0
2168 3 2892 0
2169 6 1901 0
2170 5 1999 0
2171 6 2904 0
2172 8 4605 0
2173 1 689 0
2174 4 617 0
2175 3 1466 0
2176 4 1306 0
2177 6 3567 0
2178 8 4706 0
2179 2 1336 0
2180 6 4732 0
2181 6 4288 0
2182 8 677 0
2183 5 3462 0
2184 3 1085 0
2185 5 4512 0
2186 9 4397 0
2187 6 4870 0
2188 6 3568 0
2189 8 1179 0
2190 7 2125 0
2191 5 2573 0
2192 4 1240 0
2193 6 2229 0
2194 5 439 0
2195 3 2070 0
2196 5 3930 0
2197 6 1493 0
2198 2 4752 0
2199 7 2293 0
2200 6 664 0
2201 6 1845 0
2202 4 3441 0
2203 8 2708 0
2204 5 1381 0
2205 4 289 0
2206 6 2576 0
2207 2 3345 0
2208 4 4999 0
2209 8 1105 0
2210 4 4455 0
2211 8 4421 0
2212 5 2695 0
2213 7 2975 0
2214 9 3612 0
2215 6 1759 0
2216 6 2432 0
2217 6 1714 0
2218 3 4387 0
2219 4 2307 0
2220 5 2172 0
2221 7 175 0
2222 5 4219 0
2223 7 3553 0
2224 6 4766 0
2225 5 4417 0
2226 7 699 0
2227 3 1953 0
2228 3 1363 0
2229 6 4779 0
2230 6 1101 0
2231 3 2824 0
2232 6 2239 0
2233 9 1684 0
2234 6 3332 0
2235 10 4179 0
2236 7 404 0
2237 6 2100 0
2238 1 4585 0
2239 2 1111 0
2240 6 2409 0
2241 6 2306 0
2242 9 827 0
2243 6 3353 0
2244 4 4348 0
2245 8 381 0
2246 4 1717 0
2247 8 2420 0
2248 6 493 0
2249 4 4015 0
2250 7 1733 0
2251 5 1679 0
2252 5 428 0
2253 7 2078 0
2254 7 792 0
2255 6 2170 0
2256 5 4216 0
2257 7 420 0
2258 7 207 0
2259 5 4165 0
2260 6 1938 0
2261 10 1276 0
2262 5 2302 0
2263 7 4276 0
2264 8 1654 0
2265 6 4431 0
2266 8 4865 0
2267 4 237 0
2268 6 955 0
2269 7 779 0
2270 8 3574 0
2271 4 3679 0
2272 6 2178 0
2273 4 2045 0
2274 1 4663 0
2275 3 4168 0
2276 4 2016 0
2277 5 61 0
2278 6 1239 0
2279 6 2520 0
2280 4 1871 0
2281 7 3864 0
2282 9 4457 0
2283 2 3564 0
2284 4 3212 0
2285 3 3260 0
2286 6 2398 0
2287 4 296 0
2288 6 3578 0
2289 4 3860 0
2290 9 4436 0
2291 7 3616 0
2292 5 4736 0
2293 6 2059 0
2294 7 1862 0
2295 4 1697 0
2296 7 2070 0
2297 6 4034 0
2298 6 132 0
2299 2 90 0
2300 7 249 0
2301 4 2324 0
2302 5 3387 0
2303 4 3261 0
2304 4 1833 0
2305 5 1619 0
2306 9 1716 0
2307 5 1954 0
2308 7 3424 0
2309 8 2036 0
2310 5 3191 0
2311 1 2913 0
2312 4 1449 0
2313 7 3250 0
2314 5 4843 0
2315 6 2327 0
2316 4 2542 0
2317 8 2397 0
2318 9 1695 0
2319 7 458 0
2320 9 394 0
2321 6 788 0
2322 2 1325 0
2323 5 691 0
2324 5 3039 0
2325 5 2173 0
2326 5 2733 0
2327 7 137 0
2328 6 4085 0
2329 5 320 0
2330 8 4809 0
2331 6 4560 0
2332 6 3750 0
2333 4 968 0
2334 7 902 0
2335 4 3035 0
2336 4 1073 0
2337 7 1850 0
2338 5 3082 0
2339 6 1555 0
2340 3 1181 0
2341 7 154 0
2342 6 2588 0
2343 4 4357 0
2344 5 4612 0
2345 6 1305 0
2346 6 999 0
2347 7 354 0
2348 5 967 0
2349 7 4344 0
2350 6 1207 0
2351 6 4904 0
2352 3 4070 0
2353 4 2271 0
2354 4 781 0
2355 6 3377 0
2356 2 2638 0
2357 4 1159 0
2358 8 4126 0
2359 5 3558 0
2360 5 2165 0
2361 1 4549 0
2362 2 3596 0
2363 7 594 0
2364 7 73 0
2365 7 3222 0
2366 3 98 0
2367 7 3757 0
2368 5 3458 0
2369 6 1921 0
2370 3 2195 0
2371 5 1245 0
2372 8 879 0
2373 3 4367 0
2374 7 4401 0
2375 2 1667 0
2376 6 3268 0
2377 9 2278 0
2378 7 2687 0
2379 5 4220 0
2380 5 1713 0
2381 6 2293 0
2382 8 2584 0
2383 7 3666 0
2384 4 3247 0
2385 1 4727 0
2386 6 4892 0
2387 3 2389 0
2388 2 4254 0
2389 4 2471 0
2390 4 1290 0
2391 6 3707 0
2392 10 2881 0
2393 6 3380 0
2394 6 4988 0
2395 6 1892 0
2396 4 1799 0
2397 3 1580 0
2398 6 883 0
2399 6 391 0
2400 3 1286 0
2401 3 4652 0
2402 6 4652 0
2403 5 4247 0
2404 6 363 0
2405 7 1082 0
2406 2 3548 0
2407 4 1715 0
2408 5 4514 0
2409 6 4153 0
2410 7 2093 0
2411 6 3201 0
2412 3 3702 0
2413 5 4723 0
2414 7 2458 0
2415 7 3138 0
2416 5 178 0
2417 5 61 0
2418 5 167 0
2419 6 1774 0
2420 4 3807 0
2421 7 914 0
2422 6 3051 0
2423 5 1019 0
2424 6 252 0
2425 2 1494 0
2426 5 1601 0
2427 6 393 0
2428 5 4588 0
2429 3 447 0
2430 6 1223 0
2431 7 886 0
2432 4 4194 0
2433 3 3064 0
2434 5 745 0
2435 7 47 0
2436 3 3343 0
2437 7 4158 0
2438 6 3668 0
2439 5 3185 0
2440 4 4610 0
2441 1 4111 0
2442 5 4711 0
2443 7 146 0
2444 2 2383 0
2445 10 3697 0
2446 7 2753 0
2447 7 3420 0
2448 5 626 0
2449 6 4607 0
2450 9 1996 0
2451 7 427 0
2452 4 1498 0
2453 5 4593 0
2454 5 4170 0
2455 6 3665 0
2456 8 349 0
2457 6 1905 0
2458 7 3799 0
2459 3 2241 0
2460 5 357 0
2461 6 785 0
2462 2 433 0
2463 5 2795 0
2464 6 1221 0
2465 5 4583 0
2466 7 4752 0
2467 4 1179 0
2468 7 2668 0
2469 5 3035 0
2470 5 306 0
2471 7 2276 0
2472 4 2179 0
2473 5 523 0
2474 3 2824 0
2475 7 1754 0
2476 4 4867 0
2477 4 1246 0
2478 7 3289 0
2479 3 1265 0
2480 6 3223 0
2481 3 4597 0
2482 2 3784 0
2483 9 1423 0
2484 4 4829 0
2485 4 3582 0
2486 7 295 0
2487 3 2089 0
2488 8 3869 0
2489 5 63 0
2490 8 869 0
2491 6 1985 0
2492 5 1105 0
2493 9 2019 0
2494 4 1824 0
2495 7 2227 0
2496 4 87 0
2497 3 2263 0
2498 5 3152 0
2499 5 2157 0
2500 2 4894 0
2501 3 3287 0
2502 7 252 0
2503 3 3358 0
2504 6 2767 0
2505 3 120 0
2506 7 4669 0
2507 4 2734 0
2508 6 523 0
2509 7 2721 0
2510 1 1637 0
2511 5 2376 0
2512 7 1913 0
2513 5 3046 0
2514 5 1360 0
2515 7 2502 0
2516 8 2321 0
2517 7 2157 0
2518 6 2922 0
2519 7 1553 0
2520 6 2027 0
2521 1 360 0
2522 6 4039 0
2523 6 3525 0
2524 6 2482 0
2525 6 806 0
2526 4 3020 0
2527 5 4404 0
2528 8 3523 0
2529 6 4337 0
2530 6 370 0
2531 7 4943 0
2532 5 4408 0
2533 6 280 0
2534 8 506 0
2535 10 3893 0
2536 3 1546 0
2537 8 4218 0
2538 5 3332 0
2539 6 1063 0
2540 5 380 0
2541 8 3217 0
2542 4 2120 0
2543 4 1841 0
2544 7 2514 0
2545 6 3182 0
2546 7 2868 0
2547 6 959 0
2548 3 4459 0
2549 7 4233 0
2550 7 4605 0
2551 5 820 0
2552 8 642 0
2553 6 4206 0
2554 2 1492 0
2555 7 3567 0
2556 6 4544 0
2557 7 788 0
2558 7 3230 0
2559 5 1260 0
2560 3 3747 0
2561 6 1288 0
2562 7 133 0
2563 5 902 0
2564 3 4200 0
2565 2 425 0
2566 2 1916 0
2567 8 1372 0
2568 3 1770 0
2569 3 3164 0
2570 5 4410 0
2571 4 1507 0
2572 5 3489 0
2573 6 1542 0
2574 6 3968 0
2575 6 641 0
2576 6 285 0
2577 5 4462 0
2578 7 3079 0
2579 8 2117 0
2580 7 2385 0
2581 7 2032 0
2582 4 2765 0
2583 5 2266 0
2584 1 1467 0
2585 7 688 0
2586 7 4476 0
2587 7 1992 0
2588 4 3691 0
2589 9 2581 0
2590 6 3638 0
2591 5 3032 0
2592 7 3323 0
2593 8 876 0
2594 6 4553 0
2595 7 1275 0
2596 4 1200 0
2597 7 1022 0
2598 5 2860 0
2599 2 599 0
2600 6 518 0
2601 9 260 0
2602 3 4097 0
2603 5 1118 0
2604 4 1418 0
2605 5 934 0
2606 6 4343 0
2607 3 8 0
2608 3 956 0
2609 3 122 0
2610 5 3107 0
2611 4 3248 0
2612 8 2055 0
2613 4 2681 0
2614 4 2232 0
2615 5 2493 0
2616 3 434 0
2617 8 1278 0
2618 4 513 0
2619 5 279 0
2620 3 259 0
2621 2 2202 0
2622 5 3091 0
2623 6 4965 0
2624 6 3166 0
2625 7 4069 0
2626 5 1473 0
2627 5 3624 0
2628 10 4376 0
2629 8 402 0
2630 6 3948 0
2631 4 3361 0
2632 4 2507 0
2633 9 3207 0
2634 3 4897 0
2635 5 328 0
2636 8 3195 0
2637 6 3831 0
2638 6 4057 0
2639 7 2819 0
2640 7 196 0
2641 5 4075 0
2642 7 4453 0
2643 5 837 0
2644 9 848 0
2645 6 2041 0
2646 5 3786 0
2647 2 4056 0
2648 5 2655 0
2649 2 4920 0
2650 3 3804 0
2651 3 1662 0
2652 8 1345 0
2653 5 2813 0
2654 5 663 0
2655 5 4245 0
2656 8 4985 0
2657 8 407 0
2658 6 2283 0
2659 6 3887 0
2660 5 1710 0
2661 5 2516 0
2662 7 4567 0
2663 4 191 0
2664 7 3807 0
2665 8 4900 0
2666 8 214 0
2667 4 56 0
2668 5 4383 0
2669 5 2536 0
2670 7 910 0
2671 7 4884 0
2672 4 3163 0
2673 5 3537 0
2674 5 1599 0
2675 3 2052 0
2676 6 2259 0
2677 5 4523 0
2678 8 4425 0
2679 4 3227 0
2680 10 2071 0
2681 6 1899 0
2682 8 2268 0
2683 3 1153 0
2684 6 4517 0
2685 5 3064 0
2686 3 2734 0
2687 6 585 0
2688 5 1624 0
2689 7 1120 0
2690 1 3885 0
2691 4 1004 0
2692 7 4185 0
2693 6 4721 0
2694 3 3096 0
2695 4 4738 0
2696 7 4179 0
2697 7 1126 0
2698 4 1004 0
2699 8 4142 0
2700 5 2395 0
2701 6 3383 0
2702 3 4262 0
2703 7 4669 0
2704 7 1231 0
2705 3 1142 0
2706 5 4206 0
2707 4 749 0
2708 5 3703 0
2709 8 2848 0
2710 4 3821 0
2711 8 3344 0
2712 7 3202 0
2713 3 3537 0
2714 4 2189 0
2715 8 3806 0
2716 5 4125 0
2717 8 3667 0
2718 4 350 0
2719 3 2599 0
2720 7 4791 0
2721 8 148 0
2722 5 2747 0
2723 3 654 0
2724 6 122 0
2725 7 2496 0
2726 3 968 0
2727 1 636 0
2728 6 4770 0
2729 5 4047 0
2730 2 3582 0
2731 9 2811 0
2732 7 2017 0
2733 7 4569 0
2734 5 3784 0
2735 5 1657 0
2736 4 1632 0
2737 7 91 0
2738 7 1958 0
2739 4 2605 0
2740 9 812 0
2741 7 887 0
2742 4 2187 0
2743 6 4713 0
2744 6 3735 0
2745 6 4075 0
2746 6 3611 0
2747 6 3761 0
2748 9 460 0
2749 8 376 0
2750 5 3953 0
2751 5 299 0
2752 7 4312 0
2753 3 3345 0
2754 0 4831 0
2755 6 414 0
2756 8 2769 0
2757 4 710 0
2758 3 3355 0
2759 5 183 0
2760 7 2329 0
2761 7 2033 0
2762 2 1702 0
2763 5 3779 0
2764 8 2426 0
2765 5 717 0
2766 3 625 0
2767 4 4378 0
2768 4 2430 0
2769 8 3819 0
2770 7 2261 0
2771 5 2261 0
2772 6 783 0
2773 8 58 0
2774 5 2862 0
2775 4 1399 0
2776 8 3209 0
2777 6 1510 0
2778 6 4282 0
2779 3 1377 0
2780 7 997 0
2781 9 405 0
2782 3 3653 0
2783 5 1646 0
2784 4 2643 0
2785 6 312 0
2786 4 2449 0
2787 9 270 0
2788 5 2194 0
2789 5 4362 0
2790 9 3734 0
2791 4 3486 0
2792 7 2113 0
2793 4 2676 0
2794 6 1691 0
2795 6 4077 0
2796 7 3799 0
2797 5 1572 0
2798 5 4155 0
2799 2 1778 0
2800 6 1671 0
2801 5 1574 0
2802 3 2594 0
2803 5 2931 0
2804 5 2907 0
2805 3 3189 0
2806 3 625 0
2807 3 1010 0
2808 7 2053 0
2809 5 4836 0
2810 5 2915 0
2811 4 1764 0
2812 2 2563 0
2813 3 828 0
2814 6 416 0
2815 7 570 0
2816 4 4499 0
2817 8 4714 0
2818 8 1067 0
2819 5 2445 0
2820 5 2512 0
2821 8 4447 0
2822 3 3688 0
2823 6 4625 0
2824 4 3925 0
2825 2 2625 0
2826 7 4783 0
2827 5 3692 0
2828 6 4234 0
2829 7 26 0
2830 4 2430 0
2831 4 3115 0
2832 7 2400 0
2833 5 4605 0
2834 4 2590 0
2835 8 2985 0
2836 7 203 0
2837 5 417 0
2838 3 1959 0
2839 3 4091 0
2840 7 3716 0
2841 4 4401 0
2842 8 1757 0
2843 6 4445 0
2844 5 4672 0
2845 5 1892 0
2846 7 1922 0
2847 7 3609 0
2848 4 4936 0
2849 7 2879 0
2850 6 773 0
2851 6 1895 0
2852 5 4933 0
2853 6 1507 0
2854 7 2381 0
2855 7 1573 0
2856 9 2000 0
2857 5 1752 0
2858 5 2685 0
2859 4 2459 0
2860 1 4512 0
2861 5 1388 0
2862 6 4660 0
2863 6 1726 0
2864 4 4364 0
2865 5 562 0
2866 3 316 0
2867 8 1019 0
2868 5 572 0
2869 6 4338 0
2870 5 2278 0
2871 5 3144 0
2872 4 0 0
2873 7 4856 0
2874 6 2500 0
2875 4 2550 0
2876 5 1881 0
2877 6 2033 0
2878 3 4862 0
2879 4 653 0
2880 9 513 0
2881 3 2203 0
2882 4 1546 0
2883 5 978 0
2884 6 2306 0
2885 4 3635 0
2886 5 2378 0
2887 5 714 0
2888 2 3614 0
2889 5 4439 0
2890 8 4952 0
2891 5 4412 0
2892 9 2571 0
2893 5 471 0
2894 6 1564 0
2895 7 3187 0
2896 6 3805 0
2897 7 3701 0
2898 7 4575 0
2899 7 2932 0
2900 7 823 0
2901 8 4060 0
2902 9 1808 0
2903 7 2437 0
2904 8 2614 0
2905 3 451 0
2906 5 109 0
2907 3 1344 0
2908 6 2965 0
2909 6 1352 0
2910 9 3694 0
2911 7 2269 0
2912 5 2298 0
2913 4 2113 0
2914 5 1987 0
2915 3 1780 0
2916 4 1305 0
2917 3 3487 0
2918 7 1095 0
2919 1 4388 0
2920 8 3674 0
2921 5 2730 0
2922 5 1576 0
2923 3 3275 0
2924 1 1330 0
2925 5 4152 0
2926 4 3063 0
2927 7 311 0
2928 6 119 0
2929 7 2077 0
2930 3 3372 0
2931 4 2726 0
2932 5 4853 0
2933 8 1953 0
2934 4 1688 0
2935 3 940 0
2936 3 4014 0
2937 9 2583 0
2938 4 3784 0
2939 5 2716 0
2940 6 1631 0
2941 8 877 0
2942 3 3842 0
2943 3 2729 0
2944 4 1754 0
2945 9 3446 0
2946 7 3974 0
2947 2 3584 0
2948 5 858 0
2949 4 1386 0
2950 2 3499 0
2951 5 4634 0
2952 6 1730 0
2953 1 4589 0
2954 8 4003 0
2955 4 3008 0
2956 3 4724 0
2957 7 4826 0
2958 5 4973 0
2959 4 3533 0
2960 10 2083 0
2961 2 3744 0
2962 2 988 0
2963 8 3287 0
2964 7 4545 0
2965 3 2847 0
2966 7 211 0
2967 5 567 0
2968 4 786 0
2969 6 664 0
2970 5 2522 0
2971 4 2324 0
2972 7 856 0
2973 1 1522 0
2974 6 3992 0
2975 5 1641 0
2976 4 3773 0
2977 1 3810 0
2978 6 3353 0
2979 7 3594 0
2980 5 3748 0
2981 6 4077 0
2982 4 1493 0
2983 5 3337 0
2984 4 1635 0
2985 9 809 0
2986 4 974 0
2987 4 304 0
2988 5 4085 0
2989 3 1698 0
2990 4 1141 0
2991 11 35 0
2992 9 905 0
2993 2 4472 0
2994 6 2764 0
2995 8 912 0
2996 5 2960 0
2997 7 1126 0
2998 5 2698 0
2999 8 3558 0
3000 6 4515 0
3001 5 4633 0
3002 6 19 0
3003 10 4061 0
3004 5 952 0
3005 7 318 0
3006 4 222 0
3007 8 4888 0
3008 5 2338 0
3009 1 4225 0
3010 3 2912 0
3011 6 242 0
3012 4 822 0
3013 9 822 0
3014 6 3470 0
3015 6 2670 0
3016 4 4432 0
3017 5 4463 0
3018 9 2100 0
3019 4 2327 0
3020 3 3483 0
3021 4 249 0
3022 2 1837 0
3023 5 4747 0
3024 3 1772 0
3025 2 111 0
3026 5 4402 0
3027 6 1809 0
3028 9 886 0
3029 3 4069 0
3030 7 1303 0
3031 3 374 0
3032 5 3248 0
3033 6 2302 0
3034 4 512 0
3035 6 4722 0
3036 7 4714 0
3037 5 2091 0
3038 8 639 0
3039 5 4662 0
3040 4 2161 0
3041 4 3543 0
3042 5 690 0
3043 6 1797 0
3044 6 2804 0
3045 10 22 0
3046 4 863 0
3047 7 3580 0
3048 7 835 0
3049 4 3874 0
3050 5 41 0
3051 7 2088 0
3052 8 758 0
3053 10 2060 0
3054 7 145 0
3055 8 994 0
3056 6 203 0
3057 8 1074 0
3058 6 2131 0
3059 7 1770 0
3060 6 2522 0
3061 3 1708 0
3062 6 46 0
3063 6 905 0
3064 7 3121 0
3065 5 2483 0
3066 7 4901 0
3067 5 869 0
3068 6 4347 0
3069 5 3753 0
3070 7 4219 0
3071 5 4627 0
3072 6 4792 0
3073 4 1767 0
3074 8 2760 0
3075 3 4667 0
3076 4 4773 0
3077 5 2516 0
3078 5 1458 0
3079 9 797 0
3080 8 4691 0
3081 5 2326 0
3082 7 4167 0
3083 3 2392 0
3084 6 1090 0
3085 6 2134 0
3086 4 3284 0
3087 3 3195 0
3088 5 3289 0
3089 7 4774 0
3090 6 3310 0
3091 6 1650 0
3092 6 95 0
3093 7 4857 0
3094 5 1114 0
3095 5 3077 0
3096 8 4177 0
3097 4 346 0
3098 6 3554 0
3099 6 806 0
3100 7 3932 0
3101 7 1172 0
3102 6 1222 0
3103 9 3672 0
3104 5 1637 0
3105 6 242 0
3106 3 4362 0
3107 5 4749 0
3108 3 3925 0
3109 7 2549 0
3110 6 2159 0
3111 5 3601 0
3112 5 2955 0
3113 7 2429 0
3114 8 4867 0
3115 7 514 0
3116 8 4965 0
3117 5 4105 0
3118 5 625 0
3119 4 3058 0
3120 5 2159 0
3121 10 4866 0
3122 7 152 0
3123 5 1905 0
3124 3 2499 0
3125 4 12 0
3126 8 4033 0
3127 3 4995 0
3128 6 1237 0
3129 5 4091 0
3130 3 1855 0
3131 7 1544 0
3132 6 4286 0
3133 7 4395 0
3134 7 111 0
3135 4 2350 0
3136 5 4384 0
3137 5 2712 0
3138 9 2442 0
3139 7 4708 0
3140 6 1401 0
3141 5 1281 0
3142 8 4637 0
3143 5 2243 0
3144 5 4440 0
3145 5 2485 0
3146 6 3014 0
3147 5 2640 0
3148 5 3220 0
3149 10 3601 0
3150 4 1203 0
3151 3 1949 0
3152 4 1378 0
3153 5 1375 0
3154 8 4120 0
3155 4 4316 0
3156 4 1273 0
3157 10 624 0
3158 7 4914 0
3159 7 3409 0
3160 6 3846 0
3161 8 3295 0
3162 9 3205 0
3163 4 3039 0
3164 3 69 0
3165 5 908 0
3166 8 1853 0
3167 7 4270 0
3168 8 1275 0
3169 5 4736 0
3170 6 1329 0
3171 7 1668 0
3172 3 2792 0
3173 6 622 0
3174 6 791 0
3175 11 4210 0
3176 9 2043 0
3177 5 3685 0
3178 2 4911 0
3179 5 4455 0
3180 7 1456 0
3181 3 1676 0
3182 7 1445 0
3183 7 4243 0
3184 7 3888 0
3185 6 4195 0
3186 2 1223 0
3187 5 3440 0
3188 6 1749 0
3189 5 4006 0
3190 5 1266 0
3191 6 4228 0
3192 3 1848 0
3193 7 4653 0
3194 8 2657 0
3195 7 1847 0
3196 5 2993 0
3197 5 417 0
3198 5 3604 0
3199 5 4699 0
3200 4 4547 0
3201 4 1961 0
3202 4 2917 0
3203 8 120 0
3204 6 489 0
3205 6 4891 0
3206 6 2762 0
3207 5 4828 0
3208 5 3200 0
3209 6 1896 0
3210 10 4348 0
3211 3 996 0
3212 7 452 0
3213 6 2470 0
3214 5 2628 0
3215 5 4993 0
3216 6 387 0
3217 3 530 0
3218 7 3619 0
3219 5 746 0
3220 2 3065 0
3221 7 4109 0
3222 6 3864 0
3223 2 1848 0
3224 3 3128 0
3225 4 3412 0
3226 3 854 0
3227 6 479 0
3228 2 3466 0
3229 5 3245 0
3230 5 1896 0
3231 2 1586 0
3232 8 75 0
3233 5 1162 0
3234 1 4328 0
3235 3 3199 0
3236 6 1503 0
3237 5 2486 0
3238 3 3139 0
3239 4 673 0
3240 6 2315 0
3241 4 1539 0
3242 6 2324 0
3243 6 645 0
3244 7 3298 0
3245 4 4387 0
3246 6 387 0
3247 7 1882 0
3248 5 3744 0
3249 2 2699 0
3250 7 4016 0
3251 5 4309 0
3252 5 306 0
3253 8 1113 0
3254 5 2887 0
3255 6 175 0
3256 5 4636 0
3257 7 359 0
3258 5 221 0
3259 7 373 0
3260 3 301 0
3261 6 4473 0
3262 6 101 0
3263 7 385 0
3264 6 4979 0
3265 6 1762 0
3266 6 2154 0
3267 6 775 0
3268 8 1611 0
3269 3 4975 0
3270 4 4863 0
3271 3 2778 0
3272 8 178 0
3273 1 3768 0
3274 10 397 0
3275 7 1070 0
3276 3 4166 0
3277 5 1946 0
3278 1 997 0
3279 7 4809 0
3280 3 1232 0
3281 4 174 0
3282 4 4339 0
3283 4 2 0
3284 8 2829 0
3285 9 1750 0
3286 4 993 0
3287 4 1740 0
3288 4 1059 0
3289 10 4335 0
3290 8 3937 0
3291 5 1213 0
3292 4 2046 0
3293 3 2187 0
3294 8 453 0
3295 10 4873 0
3296 2 1571 0
3297 2 3736 0
3298 4 3214 0
3299 6 105 0
3300 7 2813 0
3301 9 1516 0
3302 3 1814 0
3303 8 2209 0
3304 9 2238 0
3305 5 2071 0
3306 1 3547 0
3307 4 492 0
3308 7 1914 0
3309 4 2917 0
3310 5 2801 0
3311 7 2153 0
3312 7 1141 0
3313 1 928 0
3314 6 3250 0
3315 5 4993 0
3316 5 2434 0
3317 6 3352 0
3318 5 4857 0
3319 4 3988 0
3320 4 865 0
3321 6 336 0
3322 5 1891 0
3323 5 1353 0
3324 6 3169 0
3325 4 2917 0
3326 7 565 0
3327 4 840 0
3328 4 4370 0
3329 7 1727 0
3330 4 880 0
3331 4 2508 0
3332 6 3128 0
3333 7 2536 0
3334 5 1210 0
3335 5 701 0
3336 5 1019 0
3337 5 1554 0
3338 3 708 0
3339 6 1144 0
3340 5 3938 0
3341 5 3520 0
3342 1 1806 0
3343 5 3788 0
3344 8 4986 0
3345 5 2281 0
3346 5 2548 0
3347 2 756 0
3348 9 4186 0
3349 6 3651 0
3350 2 2982 0
3351 4 3276 0
3352 0 3822 0
3353 6 3305 0
3354 8 4022 0
3355 6 3756 0
3356 4 4242 0
3357 1 1801 0
3358 4 2165 0
3359 6 4790 0
3360 5 2708 0
3361 4 1871 0
3362 7 1866 0
3363 6 4395 0
3364 6 3721 0
3365 1 2222 0
3366 3 652 0
3367 5 2096 0
3368 7 379 0
3369 5 227 0
3370 5 3992 0
3371 5 3898 0
3372 3 3210 0
3373 4 4955 0
3374 7 2402 0
3375 7 1246 0
3376 3 1064 0
3377 7 3124 0
3378 4 3734 0
3379 4 1929 0
3380 3 4974 0
3381 11 2681 0
3382 3 3236 0
3383 7 4014 0
3384 6 1662 0
3385 7 2591 0
3386 8 250 0
3387 6 2893 0
3388 6 3771 0
3389 4 3637 0
3390 8 1580 0
3391 5 4069 0
3392 5 2739 0
3393 6 4985 0
3394 7 4646 0
3395 8 3020 0
3396 6 3817 0
3397 6 2785 0
3398 5 4474 0
3399 5 799 0
3400 6 28 0
3401 2 355 0
3402 6 3539 0
3403 6 4000 0
3404 6 555 0
3405 9 4648 0
3406 8 2372 0
3407 4 932 0
3408 4 1916 0
3409 5 2527 0
3410 6 4603 0
3411 7 2506 0
3412 8 1579 0
3413 9 3077 0
3414 4 1205 0
3415 7 573 0
3416 7 2254 0
3417 3 2102 0
3418 8 1921 0
3419 3 1518 0
3420 9 1355 0
3421 3 1604 0
3422 5 162 0
3423 8 3911 0
3424 8 4283 0
3425 6 2005 0
3426 6 1528 0
3427 1 2898 0
3428 9 328 0
3429 9 3721 0
3430 6 3417 0
3431 5 3721 0
3432 3 4179 0
3433 5 4829 0
3434 1 1031 0
3435 5 4315 0
3436 6 1157 0
3437 10 2422 0
3438 7 2764 0
3439 8 2317 0
3440 3 561 0
3441 5 3026 0
3442 5 3467 0
3443 4 4957 0
3444 4 4263 0
3445 8 675 0
3446 2 151 0
3447 11 1377 0
3448 8 470 0
3449 4 54 0
3450 5 1147 0
3451 6 3552 0
3452 7 926 0
3453 6 2863 0
3454 4 3148 0
3455 8 2665 0
3456 10 2184 0
3457 5 3990 0
3458 5 2822 0
3459 5 4990 0
3460 5 1534 0
3461 5 1319 0
3462 7 1205 0
3463 6 911 0
3464 3 2607 0
3465 7 3103 0
3466 5 3793 0
3467 2 3899 0
3468 8 1565 0
3469 6 2506 0
3470 4 3958 0
3471 8 596 0
3472 3 398 0
3473 7 2625 0
3474 8 1872 0
3475 5 1827 0
3476 2 1302 0
3477 6 1702 0
3478 7 2207 0
3479 5 224 0
3480 2 2965 0
3481 6 3327 0
3482 4 3140 0
3483 4 4752 0
3484 7 3531 0
3485 8 659 0
3486 4 1443 0
3487 7 2616 0
3488 8 4331 0
3489 7 536 0
3490 2 2714 0
3491 4 4582 0
3492 8 4433 0
3493 4 2467 0
3494 5 880 0
3495 4 1976 0
3496 4 3606 0
3497 3 4964 0
3498 8 2863 0
3499 5 526 0
3500 5 2867 0
3501 5 625 0
3502 6 3518 0
3503 4 1361 0
3504 6 4405 0
3505 7 550 0
3506 10 3945 0
3507 5 3168 0
3508 8 4234 0
3509 6 2356 0
3510 9 2486 0
3511 6 3674 0
3512 3 146 0
3513 7 86 0
3514 1 2438 0
3515 5 2844 0
3516 7 1009 0
3517 4 3497 0
3518 6 1632 0
3519 6 2326 0
3520 6 1153 0
3521 1 4243 0
3522 7 2774 0
3523 7 1225 0
3524 7 1173 0
3525 4 857 0
3526 2 948 0
3527 4 4113 0
3528 6 4855 0
3529 10 898 0
3530 6 1140 0
3531 5 2635 0
3532 6 3634 0
3533 9 371 0
3534 6 904 0
3535 6 3787 0
3536 4 2611 0
3537 8 1707 0
3538 9 3358 0
3539 7 617 0
3540 5 4334 0
3541 4 659 0
3542 7 135 0
3543 6 385 0
3544 5 4427 0
3545 6 3502 0
3546 4 498 0
3547 5 131 0
3548 4 3520 0
3549 8 2907 0
3550 3 4505 0
3551 8 63 0
3552 7 4709 0
3553 7 2158 0
3554 3 835 0
3555 5 4223 0
3556 6 791 0
3557 7 2307 0
3558 3 557 0
3559 8 1025 0
3560 2 2427 0
3561 7 680 0
3562 10 2832 0
3563 7 908 0
3564 9 2261 0
3565 2 2758 0
3566 6 4274 0
3567 8 3092 0
3568 7 2270 0
3569 7 3080 0
3570 7 3248 0
3571 4 257 0
3572 7 2711 0
3573 5 2053 0
3574 7 3907 0
3575 3 4972 0
3576 6 3159 0
3577 7 3372 0
3578 6 1636 0
3579 6 2471 0
3580 6 3950 0
3581 6 4040 0
3582 2 3647 0
3583 5 1726 0
3584 1 1306 0
3585 3 324 0
3586 3 1452 0
3587 3 3339 0
3588 6 2519 0
3589 3 1462 0
3590 0 3466 0
3591 4 3036 0
3592 9 2414 0
3593 9 1518 0
3594 9 4272 0
3595 6 3549 0
3596 7 413 0
3597 5 4638 0
3598 7 3709 0
3599 8 3162 0
3600 7 17 0
3601 3 2705 0
3602 3 2459 0
3603 6 1995 0
3604 8 1805 0
3605 3 4730 0
3606 3 2191 0
3607 6 92 0
3608 2 3658 0
3609 7 2457 0
3610 4 2319 0
3611 7 487 0
3612 5 2604 0
3613 7 3009 0
3614 4 1106 0
3615 6 1095 0
3616 5 3778 0
3617 8 1392 0
3618 4 804 0
3619 6 1723 0
3620 3 4148 0
3621 8 2553 0
3622 4 4496 0
3623 8 1084 0
3624 5 1617 0
3625 10 4798 0
3626 4 306 0
3627 4 3203 0
3628 6 1864 0
3629 10 859 0
3630 6 3576 0
3631 3 4912 0
3632 5 3020 0
3633 4 1858 0
3634 6 3053 0
3635 8 1085 0
3636 8 1438 0
3637 0 3830 0
3638 5 3381 0
3639 7 2117 0
3640 8 422 0
3641 7 2579 0
3642 6 3438 0
3643 6 227 0
3644 5 2045 0
3645 5 2999 0
3646 5 3607 0
3647 5 2393 0
3648 6 4874 0
3649 4 3456 0
3650 5 3446 0
3651 6 1499 0
3652 5 3796 0
3653 7 1620 0
3654 8 2562 0
3655 6 902 0
3656 6 4258 0
3657 5 143 0
3658 4 2937 0
3659 7 2671 0
3660 8 641 0
3661 9 1236 0
3662 4 403 0
3663 5 3189 0
3664 5 2451 0
3665 6 3004 0
3666 7 1975 0
3667 3 4534 0
3668 8 57 0
3669 3 571 0
3670 7 1441 0
3671 3 2195 0
3672 1 228 0
3673 6 2284 0
3674 4 174 0
3675 4 1869 0
3676 7 340 0
3677 2 2178 0
3678 4 2603 0
3679 1 3711 0
3680 9 138 0
3681 8 2579 0
3682 4 244 0
3683 3 760 0
3684 5 4655 0
3685 7 3774 0
3686 5 2872 0
3687 9 1518 0
3688 2 1094 0
3689 6 4877 0
3690 2 2618 0
3691 6 3657 0
3692 6 3391 0
3693 8 1181 0
3694 5 2678 0
3695 6 2228 0
3696 4 4230 0
3697 4 4210 0
3698 6 2985 0
3699 5 562 0
3700 5 2201 0
3701 9 3841 0
3702 3 3535 0
3703 6 2261 0
3704 6 1990 0
3705 6 4295 0
3706 5 3789 0
3707 6 46 0
3708 6 2268 0
3709 6 3116 0
3710 7 783 0
3711 5 4219 0
3712 5 3038 0
3713 4 3187 0
3714 7 11 0
3715 4 766 0
3716 5 2353 0
3717 6 693 0
3718 3 2698 0
3719 5 1714 0
3720 9 266 0
3721 6 927 0
3722 6 4312 0
3723 3 431 0
3724 2 3454 0
3725 6 2863 0
3726 6 2858 0
3727 3 848 0
3728 6 4022 0
3729 2 1459 0
3730 5 4738 0
3731 4 2412 0
3732 6 1919 0
3733 6 2482 0
3734 5 3533 0
3735 7 4588 0
3736 5 2832 0
3737 7 3398 0
3738 6 2097 0
3739 4 4110 0
3740 7 2216 0
3741 3 3610 0
3742 4 4614 0
3743 2 4937 0
3744 5 983 0
3745 4 4652 0
3746 8 313 0
3747 6 4261 0
3748 3 1878 0
3749 4 3851 0
3750 8 2567 0
3751 7 2730 0
3752 4 4669 0
3753 5 1302 0
3754 5 3502 0
3755 7 2560 0
3756 6 3668 0
3757 10 3797 0
3758 7 3322 0
3759 4 2823 0
3760 7 1701 0
3761 8 3859 0
3762 5 2729 0
3763 6 3530 0
3764 2 195 0
3765 4 3235 0
3766 4 2418 0
3767 5 1079 0
3768 9 3150 0
3769 8 4677 0
3770 5 220 0
3771 5 4275 0
3772 7 3443 0
3773 2 729 0
3774 5 323 0
3775 9 253 0
3776 9 2939 0
3777 10 1767 0
3778 2 1746 0
3779 10 928 0
3780 5 260 0
3781 6 1673 0
3782 7 647 0
3783 5 3996 0
3784 6 1445 0
3785 9 2026 0
3786 6 2880 0
3787 4 3716 0
3788 6 45 0
3789 6 4526 0
3790 0 2906 0
3791 5 58 0
3792 3 1460 0
3793 4 1323 0
3794 5 3838 0
3795 2 1097 0
3796 6 3096 0
3797 9 4065 0
3798 3 1161 0
3799 6 4033 0
3800 7 738 0
3801 4 2084 0
3802 5 4367 0
3803 7 1941 0
3804 7 2548 0
3805 3 3886 0
3806 3 2563 0
3807 8 52 0
3808 7 4769 0
3809 7 985 0
3810 3 2548 0
3811 6 886 0
3812 5 2299 0
3813 4 4704 0
3814 7 3513 0
3815 0 4385 0
3816 3 2589 0
3817 5 1227 0
3818 4 3041 0
3819 4 1962 0
3820 6 4453 0
3821 3 2678 0
3822 4 465 0
3823 6 880 0
3824 3 4495 0
3825 6 888 0
3826 4 56 0
3827 3 3574 0
3828 5 4514 0
3829 4 4591 0
3830 0 2962 0
3831 5 3158 0
3832 4 2611 0
3833 5 1218 0
3834 4 945 0
3835 7 311 0
3836 5 1998 0
3837 6 386 0
3838 4 3382 0
3839 5 4644 0
3840 7 358 0
3841 4 3596 0
3842 5 1231 0
3843 4 4562 0
3844 4 2688 0
3845 7 697 0
3846 7 990 0
3847 5 2754 0
3848 3 2992 0
3849 7 4254 0
3850 3 1348 0
3851 8 1452 0
3852 9 4684 0
3853 6 2817 0
3854 2 4120 0
3855 3 4155 0
3856 2 966 0
3857 5 4379 0
3858 2 4031 0
3859 9 2752 0
3860 6 4650 0
3861 3 2803 0
3862 7 3049 0
3863 5 4433 0
3864 5 4052 0
3865 5 1904 0
3866 5 4472 0
3867 7 926 0
3868 7 392 0
3869 7 1312 0
3870 8 1252 0
3871 5 4955 0
3872 8 132 0
3873 9 589 0
3874 9 4846 0
3875 8 3625 0
3876 9 4620 0
3877 9 232 0
3878 7 2906 0
3879 6 1073 0
3880 0 1891 0
3881 4 88 0
3882 7 4386 0
3883 7 3545 0
3884 3 3759 0
3885 10 1328 0
3886 7 1946 0
3887 4 1713 0
3888 7 2950 0
3889 4 4056 0
3890 5 1705 0
3891 6 1303 0
3892 6 271 0
3893 4 2125 0
3894 6 212 0
3895 9 2258 0
3896 10 135 0
3897 3 3757 0
3898 5 3368 0
3899 2 2862 0
3900 5 3726 0
3901 9 2684 0
3902 6 2990 0
3903 7 2087 0
3904 5 583 0
3905 7 3845 0
3906 4 3018 0
3907 6 825 0
3908 6 4561 0
3909 7 3205 0
3910 5 2439 0
3911 10 2024 0
3912 2 4020 0
3913 7 3332 0
3914 5 3068 0
3915 7 3699 0
3916 5 3199 0
3917 6 3879 0
3918 5 2539 0
3919 2 3670 0
3920 4 3006 0
3921 8 522 0
3922 7 3976 0
3923 9 1189 0
3924 6 709 0
3925 8 4886 0
3926 5 1981 0
3927 6 3574 0
3928 4 4826 0
3929 9 1944 0
3930 6 4459 0
3931 8 2906 0
3932 7 4119 0
3933 5 882 0
3934 5 142 0
3935 4 2604 0
3936 6 2865 0
3937 5 2158 0
3938 12 1245 0
3939 8 1204 0
3940 4 2814 0
3941 2 1547 0
3942 9 2883 0
3943 3 2555 0
3944 7 3065 0
3945 7 1567 0
3946 7 4414 0
3947 4 2074 0
3948 5 4416 0
3949 7 2191 0
3950 8 907 0
3951 3 1063 0
3952 9 4747 0
3953 7 4370 0
3954 0 4480 0
3955 7 2352 0
3956 6 3103 0
3957 9 2846 0
3958 8 3474 0
3959 5 890 0
3960 6 2250 0
3961 8 2109 0
3962 10 960 0
3963 2 3779 0
3964 8 4742 0
3965 5 1900 0
3966 5 2114 0
3967 5 1539 0
3968 5 4507 0
3969 6 4035 0
3970 7 4547 0
3971 5 4994 0
3972 5 2623 0
3973 6 4156 0
3974 5 1782 0
3975 6 735 0
3976 8 546 0
3977 9 1627 0
3978 7 4077 0
3979 11 1854 0
3980 2 666 0
3981 8 4725 0
3982 6 3404 0
3983 4 818 0
3984 5 1071 0
3985 6 3511 0
3986 2 3071 0
3987 5 4100 0
3988 4 2416 0
3989 7 3632 0
3990 8 1840 0
3991 7 711 0
3992 7 250 0
3993 8 3519 0
3994 3 1767 0
3995 5 3559 0
3996 5 1662 0
3997 4 3334 0
3998 4 3237 0
3999 7 2074 0
4000 8 2941 0
4001 5 2981 0
4002 6 3048 0
4003 6 2184 0
4004 5 1015 0
4005 8 2487 0
4006 8 4563 0
4007 6 4574 0
4008 6 87 0
4009 1 4743 0
4010 0 1435 0
4011 3 1033 0
4012 5 569 0
4013 3 4238 0
4014 5 3413 0
4015 4 4830 0
4016 8 4392 0
4017 6 23 0
4018 8 4455 0
4019 4 197 0
4020 7 4231 0
4021 4 2154 0
4022 6 4069 0
4023 3 1016 0
4024 4 3985 0
4025 7 4069 0
4026 4 3089 0
4027 5 3565 0
4028 2 4750 0
4029 3 88 0
4030 3 547 0
4031 7 2805 0
4032 8 3713 0
4033 4 299 0
4034 5 3949 0
4035 6 444 0
4036 4 3613 0
4037 6 1149 0
4038 7 4434 0
4039 5 1013 0
4040 5 1995 0
4041 6 4800 0
4042 4 458 0
4043 4 3803 0
4044 6 2658 0
4045 4 964 0
4046 7 3903 0
4047 5 2682 0
4048 7 278 0
4049 3 4255 0
4050 5 2688 0
4051 6 456 0
4052 2 4834 0
4053 5 3579 0
4054 4 530 0
4055 7 342 0
4056 5 990 0
4057 5 2600 0
4058 6 2823 0
4059 8 213 0
4060 6 1851 0
4061 5 4417 0
4062 5 4809 0
4063 2 1034 0
4064 3 4213 0
4065 3 813 0
4066 7 4398 0
4067 6 2652 0
4068 4 1474 0
4069 6 1044 0
4070 3 2161 0
4071 3 2400 0
4072 5 2507 0
4073 6 1205 0
4074 4 3182 0
4075 9 4396 0
4076 7 130 0
4077 7 3313 0
4078 5 3 0
4079 6 4873 0
4080 3 665 0
4081 7 4597 0
4082 6 307 0
4083 8 4516 0
4084 7 2729 0
4085 7 4950 0
4086 9 412 0
4087 3 2267 0
4088 4 1799 0
4089 3 2518 0
4090 4 4963 0
4091 5 1648 0
4092 6 634 0
4093 9 3499 0
4094 4 4924 0
4095 6 4585 0
4096 6 1409 0
4097 9 4112 0
4098 6 4558 0
4099 7 3330 0
4100 8 2378 0
4101 6 3509 0
4102 8 4411 0
4103 5 368 0
4104 6 122 0
4105 3 1950 0
4106 9 1283 0
4107 9 3142 0
4108 4 1588 0
4109 6 2205 0
4110 5 787 0
4111 5 1497 0
4112 7 4644 0
4113 4 790 0
4114 4 4246 0
4115 3 2703 0
4116 4 1332 0
4117 9 510 0
4118 4 3147 0
4119 7 2223 0
4120 0 1742 0
4121 6 1891 0
4122 5 1870 0
4123 5 336 0
4124 10 2498 0
4125 5 792 0
4126 4 3003 0
4127 4 819 0
4128 5 2397 0
4129 5 41 0
4130 4 3530 0
4131 7 1057 0
4132 3 332 0
4133 5 1905 0
4134 6 99 0
4135 7 3383 0
4136 6 4159 0
4137 3 4383 0
4138 5 3638 0
4139 5 2486 0
4140 6 3069 0
4141 4 3051 0
4142 5 570 0
4143 6 4785 0
4144 2 43 0
4145 6 1103 0
4146 5 4790 0
4147 6 562 0
4148 7 2836 0
4149 3 2061 0
4150 7 513 0
4151 4 1527 0
4152 6 3903 0
4153 8 1985 0
4154 4 2145 0
4155 7 557 0
4156 5 2475 0
4157 6 4820 0
4158 4 3114 0
4159 5 4166 0
4160 5 2151 0
4161 7 4577 0
4162 3 2443 0
4163 5 4439 0
4164 6 2676 0
4165 4 552 0
4166 4 2040 0
4167 8 4169 0
4168 8 3414 0
4169 6 4983 0
4170 5 2979 0
4171 6 731 0
4172 2 2527 0
4173 7 3134 0
4174 8 3243 0
4175 8 1754 0
4176 6 3454 0
4177 8 307 0
4178 5 3983 0
4179 8 477 0
4180 8 742 0
4181 8 3407 0
4182 9 2327 0
4183 5 2427 0
4184 5 3615 0
4185 4 1920 0
4186 5 4128 0
4187 7 3256 0
4188 4 1306 0
4189 5 1930 0
4190 6 4043 0
4191 6 2304 0
4192 5 217 0
4193 6 2150 0
4194 6 4090 0
4195 3 4956 0
4196 6 829 0
4197 3 4395 0
4198 7 4075 0
4199 6 3606 0
4200 9 4981 0
4201 6 4510 0
4202 1 3559 0
4203 4 3872 0
4204 7 1815 0
4205 6 1495 0
4206 4 4647 0
4207 3 1300 0
4208 6 4094 0
4209 4 311 0
4210 5 2771 0
4211 4 2241 0
4212 4 3104 0
4213 11 341 0
4214 6 3515 0
4215 6 4640 0
4216 6 616 0
4217 6 2291 0
4218 3 3944 0
4219 6 588 0
4220 4 4101 0
4221 9 474 0
4222 1 993 0
4223 4 2774 0
4224 7 526 0
4225 5 770 0
4226 6 4374 0
4227 7 4708 0
4228 5 4422 0
4229 7 2517 0
4230 7 3041 0
4231 3 3371 0
4232 6 1471 0
4233 3 1097 0
4234 7 2477 0
4235 1 2340 0
4236 4 3799 0
4237 8 1714 0
4238 5 1039 0
4239 5 1 0
4240 9 1769 0
4241 5 3688 0
4242 8 966 0
4243 2 3831 0
4244 4 4835 0
4245 4 3851 0
4246 6 3426 0
4247 5 1901 0
4248 5 3066 0
4249 2 4181 0
4250 6 23 0
4251 6 254 0
4252 5 4946 0
4253 7 41 0
4254 8 1847 0
4255 6 948 0
4256 9 1741 0
4257 1 4714 0
4258 7 2487 0
4259 2 796 0
4260 7 2389 0
4261 3 1416 0
4262 5 4968 0
4263 5 4536 0
4264 5 490 0
4265 6 1305 0
4266 3 1464 0
4267 8 1553 0
4268 6 583 0
4269 8 822 0
4270 7 1865 0
4271 7 4847 0
4272 5 1927 0
4273 4 153 0
4274 5 4081 0
4275 8 3303 0
4276 3 1167 0
4277 3 615 0
4278 5 1113 0
4279 6 2489 0
4280 7 3884 0
4281 6 411 0
4282 7 2501 0
4283 4 4144 0
4284 6 4626 0
4285 7 4045 0
4286 6 3166 0
4287 7 1469 0
4288 6 1916 0
4289 4 69 0
4290 7 1333 0
4291 6 3135 0
4292 6 3046 0
4293 9 2433 0
4294 6 2695 0
4295 6 4428 0
4296 7 2924 0
4297 4 4924 0
4298 1 3610 0
4299 2 1190 0
4300 6 2979 0
4301 3 1589 0
4302 6 1375 0
4303 6 1442 0
4304 6 2099 0
4305 6 881 0
4306 6 2467 0
4307 5 307 0
4308 9 1889 0
4309 6 2173 0
4310 10 3404 0
4311 11 975 0
4312 6 3659 0
4313 7 2510 0
4314 7 3733 0
4315 5 414 0
4316 6 1962 0
4317 2 1420 0
4318 3 1920 0
4319 5 4377 0
4320 4 4291 0
4321 4 3630 0
4322 5 1235 0
4323 6 3270 0
4324 5 1872 0
4325 6 148 0
4326 3 1511 0
4327 5 496 0
4328 4 1789 0
4329 3 3360 0
4330 7 2067 0
4331 5 2335 0
4332 4 4700 0
4333 9 3221 0
4334 7 1043 0
4335 2 4618 0
4336 3 1114 0
4337 2 1637 0
4338 7 1482 0
4339 5 965 0
4340 5 1036 0
4341 2 608 0
4342 5 1859 0
4343 5 3009 0
4344 2 2063 0
4345 11 3423 0
4346 9 3967 0
4347 3 4560 0
4348 5 709 0
4349 6 1146 0
4350 3 4247 0
4351 3 1546 0
4352 9 775 0
4353 3 615 0
4354 7 2901 0
4355 5 2107 0
4356 4 2216 0
4357 6 3951 0
4358 7 1764 0
4359 6 1666 0
4360 8 1544 0
4361 4 4104 0
4362 5 4502 0
4363 8 1372 0
4364 4 1484 0
4365 5 374 0
4366 4 2 0
4367 7 1030 0
4368 8 3176 0
4369 6 1613 0
4370 7 649 0
4371 10 4686 0
4372 7 1048 0
4373 4 4190 0
4374 4 3806 0
4375 6 4283 0
4376 6 2442 0
4377 3 771 0
4378 5 4070 0
4379 4 306 0
4380 7 3752 0
4381 6 2515 0
4382 4 2801 0
4383 7 3725 0
4384 3 176 0
4385 7 4328 0
4386 7 4214 0
4387 4 2711 0
4388 5 3293 0
4389 2 168 0
4390 3 1726 0
4391 10 1380 0
4392 10 2311 0
4393 2 3195 0
4394 7 4363 0
4395 6 3832 0
4396 1 1856 0
4397 6 1499 0
4398 3 4608 0
4399 0 3978 0
4400 2 2985 0
4401 9 2065 0
4402 5 2415 0
4403 3 392 0
4404 1 1166 0
4405 6 2176 0
4406 6 2770 0
4407 3 1287 0
4408 6 3867 0
4409 4 1251 0
4410 6 2242 0
4411 5 556 0
4412 4 2079 0
4413 5 1218 0
4414 3 4310 0
4415 6 2442 0
4416 8 4109 0
4417 5 2235 0
4418 7 2276 0
4419 8 2306 0
4420 9 1000 0
4421 5 3574 0
4422 4 2804 0
4423 5 4736 0
4424 6 1022 0
4425 4 319 0
4426 9 4163 0
4427 8 2084 0
4428 6 2288 0
4429 7 980 0
4430 7 3727 0
4431 7 3633 0
4432 6 1853 0
4433 5 2709 0
4434 7 1851 0
4435 6 1633 0
4436 4 4699 0
4437 3 4722 0
4438 6 2874 0
4439 6 4095 0
4440 5 4051 0
4441 8 365 0
4442 2 607 0
4443 4 3812 0
4444 5 4411 0
4445 8 3679 0
4446 3 176 0
4447 5 1407 0
4448 4 4408 0
4449 5 220 0
4450 7 957 0
4451 7 4032 0
4452 4 2482 0
4453 4 1757 0
4454 5 1562 0
4455 3 1755 0
4456 6 2195 0
4457 3 888 0
4458 1 394 0
4459 6 700 0
4460 2 2320 0
4461 4 1247 0
4462 3 4461 0
4463 5 3837 0
4464 7 3802 0
4465 5 821 0
4466 2 624 0
4467 6 2524 0
4468 4 2276 0
4469 9 1861 0
4470 6 4717 0
4471 4 2916 0
4472 10 4709 0
4473 8 1517 0
4474 6 4171 0
4475 7 3912 0
4476 6 132 0
4477 5 144 0
4478 7 3509 0
4479 4 1657 0
4480 4 4404 0
4481 9 4618 0
4482 2 1665 0
4483 6 2856 0
4484 4 652 0
4485 3 2257 0
4486 6 3613 0
4487 3 2533 0
4488 7 3332 0
4489 6 3016 0
4490 6 3131 0
4491 4 945 0
4492 2 666 0
4493 6 2201 0
4494 10 3566 0
4495 5 3320 0
4496 4 4594 0
4497 5 3090 0
4498 5 449 0
4499 7 4284 0
4500 5 513 0
4501 6 520 0
4502 5 302 0
4503 6 4780 0
4504 9 379 0
4505 4 3511 0
4506 5 4197 0
4507 4 308 0
4508 7 585 0
4509 3 4521 0
4510 8 2064 0
4511 4 4859 0
4512 8 1889 0
4513 9 2947 0
4514 9 4302 0
4515 7 1084 0
4516 9 816 0
4517 8 3638 0
4518 9 4710 0
4519 8 1212 0
4520 5 1420 0
4521 5 675 0
4522 6 4780 0
4523 4 1133 0
4524 6 1849 0
4525 0 229 0
4526 6 4808 0
4527 8 2594 0
4528 6 4791 0
4529 4 4606 0
4530 2 1247 0
4531 7 2973 0
4532 6 3094 0
4533 7 3123 0
4534 7 3261 0
4535 7 2876 0
4536 6 1544 0
4537 9 628 0
4538 6 3194 0
4539 5 2808 0
4540 7 34 0
4541 5 2479 0
4542 5 1827 0
4543 5 2626 0
4544 4 2108 0
4545 8 3998 0
4546 6 255 0
4547 7 4617 0
4548 6 3547 0
4549 4 1722 0
4550 4 3577 0
4551 3 4511 0
4552 3 2745 0
4553 4 3426 0
4554 4 1984 0
4555 4 707 0
4556 4 2825 0
4557 4 4428 0
4558 4 3919 0
4559 3 4121 0
4560 5 4033 0
4561 7 3169 0
4562 6 2617 0
4563 8 2020 0
4564 5 3190 0
4565 7 1117 0
4566 7 3476 0
4567 7 2305 0
4568 3 4880 0
4569 7 2533 0
4570 3 1832 0
4571 5 2995 0
4572 3 2152 0
4573 7 4971 0
4574 6 2175 0
4575 3 1620 0
4576 4 489 0
4577 5 536 0
4578 2 2692 0
4579 6 215 0
4580 4 1037 0
4581 10 2074 0
4582 6 3071 0
4583 7 2624 0
4584 7 4804 0
4585 5 3686 0
4586 0 3585 0
4587 7 2494 0
4588 6 4737 0
4589 7 3762 0
4590 6 371 0
4591 5 4312 0
4592 8 4180 0
4593 6 4420 0
4594 7 2226 0
4595 5 2704 0
4596 1 224 0
4597 4 3681 0
4598 3 929 0
4599 2 3170 0
4600 4 1598 0
4601 4 1250 0
4602 9 937 0
4603 3 1947 0
4604 7 4712 0
4605 9 1455 0
4606 6 2688 0
4607 7 987 0
4608 8 3062 0
4609 8 3672 0
4610 7 1292 0
4611 10 3578 0
4612 5 1931 0
4613 8 3639 0
4614 6 940 0
4615 0 1550 0
4616 3 993 0
4617 5 4738 0
4618 8 4691 0
4619 5 1627 0
4620 2 4829 0
4621 10 2486 0
4622 10 2073 0
4623 5 1193 0
4624 7 3560 0
4625 10 3077 0
4626 2 3520 0
4627 5 2483 0
4628 8 2136 0
4629 4 3763 0
4630 4 2021 0
4631 9 4458 0
4632 4 3784 0
4633 6 2333 0
4634 8 2821 0
4635 7 4163 0
4636 3 2614 0
4637 8 532 0
4638 7 1318 0
4639 5 3130 0
4640 6 415 0
4641 6 1344 0
4642 8 1230 0
4643 10 3554 0
4644 5 2355 0
4645 8 2943 0
4646 7 3080 0
4647 7 3488 0
4648 6 2460 0
4649 6 3423 0
4650 8 4802 0
4651 5 4862 0
4652 4 2978 0
4653 5 3826 0
4654 2 517 0
4655 6 3762 0
4656 4 1747 0
4657 7 662 0
4658 5 3368 0
4659 3 1967 0
4660 6 1416 0
4661 6 3422 0
4662 4 618 0
4663 6 2502 0
4664 7 3113 0
4665 6 376 0
4666 6 882 0
4667 8 23 0
4668 8 1477 0
4669 5 1710 0
4670 8 4696 0
4671 7 699 0
4672 8 1041 0
4673 9 1037 0
4674 5 1721 0
4675 2 1028 0
4676 1 792 0
4677 5 944 0
4678 6 247 0
4679 4 8 0
4680 5 352 0
4681 7 4973 0
4682 7 2001 0
4683 2 2509 0
4684 9 3959 0
4685 7 1092 0
4686 3 3270 0
4687 3 677 0
4688 8 4378 0
4689 5 2363 0
4690 2 3638 0
4691 5 3586 0
4692 7 3187 0
4693 3 1722 0
4694 6 4180 0
4695 5 1973 0
4696 6 4529 0
4697 6 3191 0
4698 7 978 0
4699 3 4545 0
4700 7 382 0
4701 6 734 0
4702 4 2814 0
4703 8 687 0
4704 6 3472 0
4705 8 4256 0
4706 7 1975 0
4707 3 3158 0
4708 3 1957 0
4709 5 1229 0
4710 5 569 0
4711 2 2383 0
4712 7 82 0
4713 6 998 0
4714 4 52 0
4715 6 1012 0
4716 4 4829 0
4717 0 3786 0
4718 5 3850 0
4719 8 2047 0
4720 4 1922 0
4721 3 2388 0
4722 9 2305 0
4723 7 1170 0
4724 4 1282 0
4725 0 4195 0
4726 6 4875 0
4727 6 3359 0
4728 5 3677 0
4729 4 3519 0
4730 9 972 0
4731 6 1929 0
4732 6 111 0
4733 9 686 0
4734 0 4291 0
4735 7 4706 0
4736 4 364 0
4737 9 3021 0
4738 7 4486 0
4739 5 3347 0
4740 3 3108 0
4741 5 1745 0
4742 6 3053 0
4743 2 1740 0
4744 8 4970 0
4745 7 3711 0
4746 4 4367 0
4747 6 3534 0
4748 4 1311 0
4749 9 1450 0
4750 5 207 0
4751 1 3417 0
4752 2 4994 0
4753 8 624 0
4754 4 3479 0
4755 10 2596 0
4756 7 2376 0
4757 6 4093 0
4758 3 1828 0
4759 5 586 0
4760 3 961 0
4761 3 1841 0
4762 6 506 0
4763 3 1162 0
4764 5 281 0
4765 7 4647 0
4766 7 1054 0
4767 2 2655 0
4768 7 2843 0
4769 6 1120 0
4770 4 429 0
4771 6 4386 0
4772 3 184 0
4773 8 4987 0
4774 3 2199 0
4775 5 4370 0
4776 4 1575 0
4777 6 2722 0
4778 5 4346 0
4779 5 2765 0
4780 5 1534 0
4781 6 2696 0
4782 5 4702 0
4783 5 1720 0
4784 7 3089 0
4785 7 2387 0
4786 4 3955 0
4787 3 1452 0
4788 5 4273 0
4789 3 3827 0
4790 5 140 0
4791 5 834 0
4792 8 991 0
4793 5 4462 0
4794 5 2669 0
4795 7 2273 0
4796 5 4789 0
4797 10 348 0
4798 8 772 0
4799 4 2230 0
4800 3 718 0
4801 5 4486 0
4802 7 4308 0
4803 8 2213 0
4804 6 1045 0
4805 5 727 0
4806 3 2138 0
4807 7 2168 0
4808 5 2245 0
4809 7 4574 0
4810 4 3732 0
4811 5 1024 0
4812 7 77 0
4813 6 1862 0
4814 8 674 0
4815 8 2249 0
4816 5 1306 0
4817 5 2203 0
4818 6 3044 0
4819 6 4999 0
4820 6 2889 0
4821 7 642 0
4822 3 1924 0
4823 5 1960 0
4824 5 1916 0
4825 4 541 0
4826 1 313 0
4827 2 1753 0
4828 5 924 0
4829 5 427 0
4830 6 2842 0
4831 7 4152 0
4832 4 1081 0
4833 6 3493 0
4834 3 2459 0
4835 8 2119 0
4836 1 4838 0
4837 6 3780 0
4838 6 4879 0
4839 5 4607 0
4840 3 328 0
4841 5 3877 0
4842 9 4565 0
4843 3 2421 0
4844 9 3321 0
4845 4 674 0
4846 4 4211 0
4847 6 4639 0
4848 4 1655 0
4849 6 649 0
4850 7 2545 0
4851 6 4869 0
4852 4 1118 0
4853 4 3688 0
4854 2 833 0
4855 3 3638 0
4856 7 1919 0
4857 6 3587 0
4858 8 1749 0
4859 5 4280 0
4860 4 2913 0
4861 5 1602 0
4862 5 2444 0
4863 7 4258 0
4864 4 1069 0
4865 3 3768 0
4866 2 4111 0
4867 5 1335 0
4868 8 4391 0
4869 8 149 0
4870 7 4978 0
4871 8 138 0
4872 6 4585 0
4873 10 2061 0
4874 7 752 0
4875 3 3645 0
4876 6 3916 0
4877 5 1438 0
4878 5 2941 0
4879 6 2332 0
4880 7 2340 0
4881 9 3984 0
4882 7 2430 0
4883 5 4577 0
4884 9 1419 0
4885 8 4345 0
4886 5 1527 0
4887 7 2638 0
4888 7 3417 0
4889 4 4461 0
4890 4 2877 0
4891 9 546 0
4892 7 3533 0
4893 6 459 0
4894 7 1882 0
4895 10 1459 0
4896 5 4052 0
4897 3 1906 0
4898 6 4417 0
4899 2 4640 0
4900 6 733 0
4901 5 2353 0
4902 9 892 0
4903 6 1946 0
4904 4 340 0
4905 4 3585 0
4906 3 162 0
4907 4 3225 0
4908 5 4971 0
4909 5 4616 0
4910 2 3345 0
4911 4 4849 0
4912 9 2838 0
4913 5 2338 0
4914 8 4365 0
4915 3 4300 0
4916 2 218 0
4917 2 321 0
4918 8 1691 0
4919 6 4917 0
4920 6 2424 0
4921 5 2406 0
4922 7 4043 0
4923 5 4212 0
4924 5 4207 0
4925 7 1602 0
4926 6 1555 0
4927 3 2502 0
4928 5 619 0
4929 5 793 0
4930 9 424 0
4931 9 4232 0
4932 3 867 0
4933 7 4593 0
4934 2 11 0
4935 6 3223 0
4936 2 2760 0
4937 4 3547 0
4938 5 2893 0
4939 5 3952 0
4940 6 4289 0
4941 8 1190 0
4942 5 2996 0
4943 5 2289 0
4944 5 1482 0
4945 3 2493 0
4946 6 312 0
4947 6 2265 0
4948 5 3105 0
4949 6 4748 0
4950 6 4646 0
4951 2 3612 0
4952 4 1099 0
4953 8 4561 0
4954 6 4119 0
4955 3 2011 0
4956 3 3785 0
4957 7 61 0
4958 3 4866 0
4959 6 355 0
4960 7 1708 0
4961 6 1305 0
4962 7 385 0
4963 3 1526 0
4964 7 469 0
4965 6 4959 0
4966 4 4204 0
4967 5 3356 0
4968 6 4493 0
4969 1 3673 0
4970 8 3594 0
4971 5 1238 0
4972 3 3667 0
4973 7 1897 0
4974 6 4588 0
4975 5 4786 0
4976 4 2081 0
4977 7 2982 0
4978 3 946 0
4979 6 2582 0
4980 5 440 0
4981 5 1727 0
4982 4 2512 0
4983 7 4910 0
4984 7 4479 0
4985 4 1187 0
4986 6 3832 0
4987 5 4256 0
4988 3 422 0
4989 3 162 0
4990 5 3195 0
4991 6 3972 0
4992 4 1665 0
4993 7 599 0
4994 6 2613 0
4995 8 1511 0
4996 4 1675 0
4997 4 1000 0
4998 7 460 0
4999 6 3592 0
5000 4 1220 0
