1 5 2765 0
2 6 956 0
3 5 2514 0
4 1 3455 0
5 7 1033 0
6 6 2347 0
7 4 617 0
8 2 2796 0
9 5 3831 0
10 4 3594 0
11 2 2428 0
12 4 4580 0
13 5 1038 0
14 9 4959 0
15 7 475 0
16 4 4852 0
17 4 3897 0
18 5 3424 0
19 9 3782 0
20 6 2906 0
21 6 2268 0
22 6 4772 0
23 8 778 0
24 6 881 0
25 6 1033 0
26 2 3925 0
27 5 997 0
28 7 290 0
29 2 159 0
30 7 3127 0
31 5 1759 0
32 7 1303 0
33 7 646 0
34 7 863 0
35 4 3608 0
36 5 589 0
37 3 1067 0
38 5 2405 0
39 6 2346 0
40 3 1550 0
41 6 1599 0
42 6 2135 0
43 2 1806 0
44 4 3479 0
45 6 2968 0
46 6 279 0
47 9 1408 0
48 8 3691 0
49 5 44 0
50 6 4643 0
51 7 2922 0
52 6 1587 0
53 4 2806 0
54 5 1559 0
55 6 2685 0
56 4 4865 0
57 5 2180 0
58 4 395 0
59 6 1101 0
60 5 783 0
61 7 4500 0
62 8 4410 0
63 5 2617 0
64 7 2340 0
65 4 1358 0
66 1 1228 0
67 5 2034 0
68 2 876 0
69 7 3636 0
70 5 3 0
71 5 199 0
72 6 3396 0
73 4 3512 0
74 8 849 0
75 6 486 0
76 7 3951 0
77 6 1405 0
78 2 4118 0
79 7 712 0
80 7 724 0
81 4 2300 0
82 5 892 0
83 3 1416 0
84 4 111 0
85 9 2826 0
86 4 4606 0
87 8 2257 0
88 3 3203 0
89 6 267 0
90 8 4189 0
91 5 594 0
92 5 2744 0
93 9 4747 0
94 5 3795 0
95 5 2202 0
96 4 402 0
97 5 2219 0
98 4 3145 0
99 5 3457 0
100 7 47 0
101 6 3260 0
102 9 2082 0
103 6 4064 0
104 7 90 0
105 6 3840 0
106 6 3135 0
107 6 3309 0
108 5 370 0
109 0 2083 0
110 3 2201 0
111 8 260 0
112 5 1200 0
113 3 1291 0
114 2 2438 0
115 6 3610 0
116 6 3711 0
117 6 1917 0
118 7 1446 0
119 4 4078 0
120 2 4836 0
121 4 3497 0
122 8 3830 0
123 3 4304 0
124 7 3158 0
125 2 1447 0
126 11 4010 0
127 5 3924 0
128 4 3099 0
129 6 1629 0
130 4 435 0
131 6 3084 0
132 9 2102 0
133 7 4270 0
134 5 820 0
135 8 3256 0
136 7 1288 0
137 5 1951 0
138 4 4563 0
139 5 3289 0
140 3 1830 0
141 5 1042 0
142 6 1467 0
143 2 3336 0
144 4 2522 0
145 8 4284 0
146 5 3275 0
147 6 2121 0
148 6 4818 0
149 7 3074 0
150 5 4134 0
151 10 462 0
152 2 2153 0
153 4 1023 0
154 8 4528 0
155 8 1790 0
156 6 1241 0
157 7 764 0
158 6 1163 0
159 2 1854 0
160 5 1558 0
161 2 541 0
162 5 4249 0
163 8 4894 0
164 4 1346 0
165 8 273 0
166 6 4371 0
167 7 4750 0
168 4 3352 0
169 8 2487 0
170 6 3755 0
171 7 1357 0
172 8 192 0
173 2 3300 0
174 5 3605 0
175 3 3750 0
176 2 2957 0
177 3 1450 0
178 4 4904 0
179 9 4073 0
180 5 2379 0
181 3 2670 0
182 6 148 0
183 7 21 0
184 6 1970 0
185 7 1296 0
186 3 1988 0
187 5 1223 0
188 4 1755 0
189 4 3171 0
190 6 1509 0
191 5 2458 0
192 4 2280 0
193 4 2368 0
194 1 3282 0
195 5 3992 0
196 3 476 0
197 3 30 0
198 1 2406 0
199 6 1643 0
200 8 2416 0
201 4 2729 0
202 2 3455 0
203 9 3545 0
204 0 4212 0
205 4 3646 0
206 4 88 0
207 4 4679 0
208 7 2209 0
209 6 4207 0
210 6 604 0
211 4 92 0
212 9 4491 0
213 5 4194 0
214 3 4840 0
215 7 579 0
216 8 457 0
217 8 4031 0
218 6 701 0
219 7 181 0
220 9 623 0
221 4 2732 0
222 6 1315 0
223 5 1758 0
224 4 212 0
225 6 3036 0
226 3 3213 0
227 2 783 0
228 2 4983 0
229 10 402 0
230 10 4435 0
231 6 4758 0
232 7 3534 0
233 6 4800 0
234 8 4709 0
235 4 1858 0
236 4 700 0
237 6 1044 0
238 3 2072 0
239 6 43 0
240 8 4686 0
241 7 4415 0
242 4 2280 0
243 5 1301 0
244 2 3149 0
245 8 1028 0
246 8 4780 0
247 3 2018 0
248 3 658 0
249 5 2302 0
250 6 130 0
251 2 462 0
252 8 1633 0
253 7 4806 0
254 5 4300 0
255 5 2446 0
256 4 2959 0
257 2 1491 0
258 4 3569 0
259 3 57 0
260 4 4852 0
261 5 2648 0
262 5 1327 0
263 6 2052 0
264 9 3926 0
265 4 4633 0
266 6 789 0
267 8 2163 0
268 7 4155 0
269 8 4046 0
270 7 4576 0
271 6 2492 0
272 3 2876 0
273 4 1809 0
274 9 559 0
275 4 3970 0
276 7 2000 0
277 7 3230 0
278 4 1506 0
279 3 3408 0
280 6 320 0
281 3 3680 0
282 4 987 0
283 3 3184 0
284 7 3190 0
285 2 3759 0
286 4 3572 0
287 7 3523 0
288 4 3366 0
289 6 2096 0
290 4 3295 0
291 8 3002 0
292 4 3398 0
293 6 2535 0
294 7 4238 0
295 5 4758 0
296 8 4163 0
297 8 3303 0
298 7 3473 0
299 2 1159 0
300 5 3002 0
301 10 3734 0
302 1 809 0
303 2 1631 0
304 7 3440 0
305 9 2331 0
306 5 2454 0
307 3 2205 0
308 7 751 0
309 6 3943 0
310 7 2529 0
311 4 4901 0
312 6 2772 0
313 3 3255 0
314 4 2675 0
315 7 2789 0
316 8 1101 0
317 7 4808 0
318 2 109 0
319 5 3738 0
320 1 1998 0
321 2 4270 0
322 9 2857 0
323 8 4320 0
324 6 3067 0
325 5 3514 0
326 4 2319 0
327 6 4849 0
328 6 276 0
329 4 2864 0
330 3 4668 0
331 4 2327 0
332 6 3622 0
333 3 3033 0
334 7 2511 0
335 8 4376 0
336 8 4343 0
337 3 22 0
338 11 1505 0
339 6 3214 0
340 6 4822 0
341 6 944 0
342 7 3784 0
343 8 2331 0
344 4 686 0
345 6 3501 0
346 2 1881 0
347 8 3679 0
348 3 1982 0
349 7 1592 0
350 4 4743 0
351 4 1234 0
352 5 3665 0
353 6 1036 0
354 4 4474 0
355 4 1165 0
356 5 699 0
357 2 1943 0
358 2 890 0
359 4 4406 0
360 4 1732 0
361 12 2805 0
362 4 4098 0
363 5 613 0
364 2 672 0
365 7 4969 0
366 7 917 0
367 6 4634 0
368 6 2437 0
369 6 4610 0
370 9 3214 0
371 5 1225 0
372 5 1731 0
373 5 658 0
374 4 2246 0
375 2 59 0
376 6 4118 0
377 5 1784 0
378 2 2093 0
379 8 4760 0
380 4 2353 0
381 7 1 0
382 5 1720 0
383 5 1195 0
384 7 3788 0
385 2 2981 0
386 6 4521 0
387 5 3550 0
388 6 1223 0
389 1 626 0
390 6 349 0
391 6 580 0
392 4 3845 0
393 3 1160 0
394 8 680 0
395 5 1442 0
396 6 2823 0
397 9 2687 0
398 6 192 0
399 7 4547 0
400 7 2515 0
401 5 2156 0
402 9 4839 0
403 6 3243 0
404 7 3537 0
405 5 1968 0
406 8 3113 0
407 6 3088 0
408 5 1976 0
409 5 1706 0
410 4 3935 0
411 4 2534 0
412 4 3919 0
413 8 1615 0
414 8 4588 0
415 3 467 0
416 4 3695 0
417 11 4348 0
418 3 1786 0
419 4 2355 0
420 9 2883 0
421 3 3872 0
422 5 935 0
423 3 281 0
424 4 3207 0
425 5 4591 0
426 4 2588 0
427 6 257 0
428 4 4243 0
429 6 144 0
430 2 1646 0
431 5 4725 0
432 6 4375 0
433 4 3452 0
434 5 2379 0
435 5 3417 0
436 6 2762 0
437 6 4154 0
438 1 1278 0
439 7 3396 0
440 3 2526 0
441 7 3833 0
442 3 2501 0
443 5 2867 0
444 4 3497 0
445 6 3978 0
446 7 4415 0
447 9 3668 0
448 5 4075 0
449 8 986 0
450 5 3557 0
451 3 3822 0
452 5 684 0
453 7 4211 0
454 9 1855 0
455 5 2222 0
456 5 66 0
457 3 762 0
458 12 1205 0
459 5 3155 0
460 7 4680 0
461 5 1776 0
462 8 1688 0
463 4 4460 0
464 1 2720 0
465 3 816 0
466 6 4618 0
467 7 2426 0
468 6 1449 0
469 5 2392 0
470 4 2653 0
471 5 3798 0
472 4 4569 0
473 8 4485 0
474 1 2377 0
475 6 2294 0
476 5 3178 0
477 6 2443 0
478 4 2800 0
479 3 4257 0
480 6 2692 0
481 5 4218 0
482 6 1725 0
483 8 1347 0
484 6 3064 0
485 6 563 0
486 10 822 0
487 10 3216 0
488 7 2570 0
489 7 2608 0
490 6 1744 0
491 5 2373 0
492 5 2370 0
493 7 3770 0
494 6 3706 0
495 2 4206 0
496 4 3864 0
497 5 2581 0
498 5 223 0
499 6 2959 0
500 8 113 0
501 4 2474 0
502 6 1504 0
503 2 986 0
504 4 2992 0
505 7 3530 0
506 3 4048 0
507 4 1113 0
508 9 4283 0
509 3 1877 0
510 5 2267 0
511 4 1226 0
512 6 2587 0
513 8 4980 0
514 3 4515 0
515 10 3458 0
516 7 2670 0
517 7 4951 0
518 3 1709 0
519 3 237 0
520 6 2161 0
521 4 1287 0
522 7 591 0
523 2 3908 0
524 5 3778 0
525 7 3054 0
526 5 3027 0
527 6 2855 0
528 2 4257 0
529 5 2629 0
530 7 95 0
531 6 815 0
532 4 3657 0
533 6 952 0
534 3 3687 0
535 4 3137 0
536 8 1562 0
537 5 1790 0
538 5 4960 0
539 7 3612 0
540 5 4202 0
541 6 4285 0
542 6 465 0
543 4 4353 0
544 7 168 0
545 4 4441 0
546 3 2762 0
547 4 874 0
548 4 248 0
549 6 464 0
550 6 1177 0
551 6 856 0
552 4 2685 0
553 2 3532 0
554 5 4987 0
555 2 2143 0
556 7 845 0
557 8 1007 0
558 3 786 0
559 6 3855 0
560 4 1573 0
561 3 1228 0
562 7 254 0
563 10 3803 0
564 4 1266 0
565 5 4683 0
566 5 4173 0
567 4 1650 0
568 6 2333 0
569 6 1830 0
570 7 2557 0
571 6 4582 0
572 4 589 0
573 7 0 0
574 3 2075 0
575 4 3275 0
576 6 3859 0
577 6 3924 0
578 4 4818 0
579 3 2606 0
580 8 3806 0
581 8 2115 0
582 7 305 0
583 5 873 0
584 10 3544 0
585 7 3193 0
586 8 2850 0
587 8 837 0
588 7 1295 0
589 4 2893 0
590 8 1080 0
591 3 3866 0
592 6 3148 0
593 9 706 0
594 5 3146 0
595 8 1432 0
596 8 3921 0
597 7 1798 0
598 7 1824 0
599 4 4106 0
600 7 4664 0
601 4 321 0
602 7 896 0
603 9 908 0
604 10 4880 0
605 4 3305 0
606 6 4068 0
607 7 2776 0
608 7 193 0
609 5 538 0
610 4 1501 0
611 8 4512 0
612 5 1811 0
613 8 2023 0
614 6 4191 0
615 7 1121 0
616 7 4795 0
617 3 4354 0
618 6 3543 0
619 6 1543 0
620 4 4504 0
621 6 2795 0
622 2 4047 0
623 4 3303 0
624 7 2068 0
625 6 1898 0
626 3 2963 0
627 5 1897 0
628 5 1653 0
629 7 3806 0
630 8 2278 0
631 3 4030 0
632 8 3707 0
633 7 4234 0
634 7 4763 0
635 8 4021 0
636 5 3136 0
637 4 637 0
638 5 3802 0
639 5 1948 0
640 3 4719 0
641 5 1248 0
642 5 1680 0
643 9 2756 0
644 6 810 0
645 8 4689 0
646 5 1343 0
647 8 1731 0
648 5 3780 0
649 4 630 0
650 7 1873 0
651 3 2490 0
652 4 4783 0
653 6 2353 0
654 6 1854 0
655 4 199 0
656 8 1210 0
657 8 233 0
658 6 1392 0
659 3 4016 0
660 6 2135 0
661 6 2817 0
662 3 4967 0
663 8 1518 0
664 5 3426 0
665 7 3844 0
666 5 3306 0
667 5 1658 0
668 9 885 0
669 5 1168 0
670 7 543 0
671 6 828 0
672 7 725 0
673 6 454 0
674 7 3736 0
675 2 4469 0
676 5 2133 0
677 3 2135 0
678 8 3072 0
679 4 3173 0
680 5 3053 0
681 5 3209 0
682 7 1756 0
683 2 774 0
684 5 368 0
685 5 2658 0
686 6 737 0
687 5 1192 0
688 8 2350 0
689 5 3295 0
690 7 191 0
691 7 866 0
692 6 2106 0
693 7 3386 0
694 7 521 0
695 7 4328 0
696 2 349 0
697 8 4831 0
698 7 1820 0
699 6 1003 0
700 4 1146 0
701 5 3291 0
702 8 4325 0
703 4 1707 0
704 6 2588 0
705 6 3998 0
706 5 2817 0
707 6 4126 0
708 6 4734 0
709 2 1511 0
710 7 2993 0
711 4 4727 0
712 7 3103 0
713 5 4037 0
714 8 3282 0
715 3 3431 0
716 5 4552 0
717 4 3429 0
718 8 3417 0
719 5 969 0
720 7 2799 0
721 3 2673 0
722 4 4308 0
723 7 4820 0
724 7 4760 0
725 4 2828 0
726 7 1326 0
727 6 3014 0
728 6 2633 0
729 4 4664 0
730 7 1757 0
731 10 1187 0
732 6 4407 0
733 5 3102 0
734 7 2323 0
735 4 4928 0
736 4 3727 0
737 7 3779 0
738 5 1593 0
739 5 2470 0
740 8 2278 0
741 5 2228 0
742 2 4423 0
743 1 2287 0
744 5 3995 0
745 7 1357 0
746 8 65 0
747 6 678 0
748 5 4520 0
749 9 1534 0
750 7 2636 0
751 7 1141 0
752 4 2175 0
753 3 667 0
754 9 4651 0
755 7 4745 0
756 6 1131 0
757 4 2715 0
758 3 2280 0
759 5 583 0
760 10 3472 0
761 3 4378 0
762 7 517 0
763 5 1796 0
764 2 3188 0
765 5 1958 0
766 7 936 0
767 7 3244 0
768 5 2183 0
769 4 3688 0
770 7 3269 0
771 5 2626 0
772 5 4532 0
773 4 1024 0
774 2 4056 0
775 7 600 0
776 2 4002 0
777 6 2669 0
778 6 3543 0
779 3 2514 0
780 3 816 0
781 7 1581 0
782 7 2450 0
783 4 4206 0
784 3 4584 0
785 6 1831 0
786 4 4944 0
787 6 3233 0
788 9 1323 0
789 6 2886 0
790 7 711 0
791 4 4874 0
792 7 2413 0
793 4 1163 0
794 9 2918 0
795 0 1189 0
796 4 3503 0
797 5 3609 0
798 4 4654 0
799 5 1775 0
800 7 1697 0
801 4 2091 0
802 9 355 0
803 6 1716 0
804 3 996 0
805 7 3876 0
806 7 2992 0
807 6 3817 0
808 4 850 0
809 8 2448 0
810 6 3334 0
811 8 3649 0
812 2 2113 0
813 6 3392 0
814 5 1799 0
815 6 2062 0
816 8 3761 0
817 6 2744 0
818 6 4680 0
819 7 930 0
820 8 3875 0
821 9 652 0
822 4 269 0
823 5 1412 0
824 7 3416 0
825 8 3633 0
826 4 2952 0
827 7 3405 0
828 6 2931 0
829 7 336 0
830 3 159 0
831 4 3776 0
832 8 4282 0
833 3 937 0
834 7 2669 0
835 7 4463 0
836 4 3236 0
837 3 3599 0
838 1 2881 0
839 4 2651 0
840 5 2964 0
841 4 192 0
842 6 643 0
843 6 4517 0
844 6 2223 0
845 8 1852 0
846 7 1455 0
847 4 1502 0
848 1 3565 0
849 8 3650 0
850 4 543 0
851 6 779 0
852 7 2374 0
853 6 170 0
854 6 1084 0
855 2 3645 0
856 7 55 0
857 4 3896 0
858 5 2956 0
859 5 4439 0
860 5 1679 0
861 6 804 0
862 9 1413 0
863 7 1905 0
864 8 3967 0
865 3 2566 0
866 6 58 0
867 7 1531 0
868 6 4331 0
869 9 761 0
870 3 95 0
871 2 1632 0
872 8 4014 0
873 8 393 0
874 4 3188 0
875 1 3905 0
876 6 4750 0
877 5 2514 0
878 5 2650 0
879 5 685 0
880 6 4452 0
881 8 4665 0
882 0 1460 0
883 7 4142 0
884 5 2466 0
885 9 2898 0
886 6 3125 0
887 7 1613 0
888 7 1699 0
889 3 3515 0
890 4 1284 0
891 5 1445 0
892 8 1386 0
893 6 4820 0
894 8 3248 0
895 2 4962 0
896 5 1999 0
897 4 1685 0
898 0 1709 0
899 8 4901 0
900 7 3251 0
901 4 4787 0
902 5 854 0
903 6 4957 0
904 7 389 0
905 6 2903 0
906 5 4782 0
907 7 1143 0
908 8 1655 0
909 7 3051 0
910 7 1123 0
911 4 2999 0
912 8 1414 0
913 6 121 0
914 1 1666 0
915 2 1534 0
916 8 2278 0
917 4 2132 0
918 5 2957 0
919 3 2743 0
920 7 2284 0
921 3 4482 0
922 2 2500 0
923 6 4071 0
924 8 1226 0
925 6 2073 0
926 6 3594 0
927 6 2066 0
928 5 598 0
929 5 2002 0
930 5 3593 0
931 7 2421 0
932 6 2525 0
933 7 3299 0
934 4 1275 0
935 3 3815 0
936 6 594 0
937 4 3072 0
938 5 807 0
939 6 462 0
940 7 4127 0
941 4 4818 0
942 9 4762 0
943 2 3096 0
944 4 4765 0
945 5 3773 0
946 5 4374 0
947 3 1516 0
948 5 3473 0
949 6 3515 0
950 5 1050 0
951 5 2116 0
952 4 190 0
953 9 4560 0
954 6 3777 0
955 6 3973 0
956 8 2778 0
957 5 1960 0
958 6 2921 0
959 8 678 0
960 7 3491 0
961 6 505 0
962 5 4289 0
963 6 430 0
964 5 2308 0
965 6 3435 0
966 5 3982 0
967 9 1908 0
968 4 3618 0
969 4 2321 0
970 6 3682 0
971 2 2928 0
972 5 2207 0
973 2 1860 0
974 2 1280 0
975 5 3426 0
976 8 2277 0
977 3 4810 0
978 4 3789 0
979 7 17 0
980 5 2859 0
981 3 4302 0
982 5 2951 0
983 5 1605 0
984 1 3745 0
985 6 1031 0
986 6 3193 0
987 10 1873 0
988 4 3059 0
989 4 3691 0
990 6 3229 0
991 5 2400 0
992 5 517 0
993 7 4608 0
994 7 1782 0
995 5 4050 0
996 7 1784 0
997 6 1324 0
998 5 681 0
999 1 1851 0
1000 6 2650 0
1001 5 3066 0
1002 10 4151 0
1003 9 4706 0
1004 5 1059 0
1005 9 520 0
1006 5 3108 0
1007 7 2051 0
1008 6 1370 0
1009 5 4386 0
1010 5 2289 0
1011 4 1690 0
1012 7 4295 0
1013 7 913 0
1014 5 3259 0
1015 4 1274 0
1016 4 3495 0
1017 6 239 0
1018 9 936 0
1019 5 504 0
1020 7 442 0
1021 1 432 0
1022 6 4221 0
1023 6 4754 0
1024 6 3486 0
1025 7 2787 0
1026 10 1917 0
1027 3 1130 0
1028 2 1486 0
1029 1 537 0
1030 6 4866 0
1031 4 2647 0
1032 6 4814 0
1033 3 426 0
1034 9 4356 0
1035 7 1862 0
1036 6 3196 0
1037 6 4633 0
1038 7 3317 0
1039 4 4180 0
1040 6 1325 0
1041 7 2836 0
1042 4 4352 0
1043 5 1925 0
1044 2 3342 0
1045 2 3447 0
1046 3 769 0
1047 6 2592 0
1048 6 4697 0
1049 6 1314 0
1050 3 4632 0
1051 5 4257 0
1052 7 3982 0
1053 4 4797 0
1054 5 3630 0
1055 4 1453 0
1056 4 1052 0
1057 8 4924 0
1058 6 2927 0
1059 5 4095 0
1060 3 873 0
1061 6 121 0
1062 5 4041 0
1063 4 1664 0
1064 9 1126 0
1065 6 4536 0
1066 6 1587 0
1067 7 4253 0
1068 3 386 0
1069 7 3148 0
1070 5 2697 0
1071 7 3469 0
1072 4 2519 0
1073 4 876 0
1074 4 4573 0
1075 1 2395 0
1076 7 372 0
1077 5 3564 0
1078 8 3216 0
1079 5 91 0
1080 6 4963 0
1081 4 888 0
1082 5 2090 0
1083 5 194 0
1084 5 3685 0
1085 6 4848 0
1086 6 3080 0
1087 11 2102 0
1088 4 72 0
1089 0 1307 0
1090 6 3459 0
1091 7 3083 0
1092 5 1936 0
1093 4 802 0
1094 6 4161 0
1095 2 3657 0
1096 5 4640 0
1097 6 2114 0
1098 1 777 0
1099 7 3825 0
1100 8 3329 0
1101 6 866 0
1102 6 4482 0
1103 7 3633 0
1104 1 21 0
1105 9 508 0
1106 6 1646 0
1107 2 1962 0
1108 7 4837 0
1109 7 4224 0
1110 5 1884 0
1111 7 2953 0
1112 5 3327 0
1113 4 4337 0
1114 5 879 0
1115 4 2871 0
1116 3 2732 0
1117 3 1400 0
1118 8 41 0
1119 6 136 0
1120 8 591 0
1121 1 4679 0
1122 1 1611 0
1123 3 2758 0
1124 5 3952 0
1125 5 4975 0
1126 8 1633 0
1127 8 2285 0
1128 5 407 0
1129 6 3844 0
1130 6 1319 0
1131 7 4017 0
1132 5 1977 0
1133 4 3309 0
1134 6 2637 0
1135 1 344 0
1136 5 4133 0
1137 5 4704 0
1138 3 3395 0
1139 8 967 0
1140 2 4553 0
1141 3 3298 0
1142 2 4437 0
1143 8 2759 0
1144 6 792 0
1145 3 4248 0
1146 6 4821 0
1147 1 2431 0
1148 6 3006 0
1149 6 1171 0
1150 6 2316 0
1151 5 4305 0
1152 1 3735 0
1153 6 548 0
1154 7 3177 0
1155 9 1393 0
1156 5 3892 0
1157 5 1905 0
1158 7 1854 0
1159 3 3897 0
1160 4 3944 0
1161 5 2492 0
1162 6 1785 0
1163 5 2553 0
1164 7 4617 0
1165 9 3301 0
1166 5 389 0
1167 7 2009 0
1168 7 2738 0
1169 7 4783 0
1170 6 597 0
1171 7 4181 0
1172 2 872 0
1173 7 385 0
1174 5 1464 0
1175 4 4513 0
1176 7 3008 0
1177 0 4136 0
1178 1 935 0
1179 7 936 0
1180 5 2361 0
1181 5 647 0
1182 6 2046 0
1183 4 3389 0
1184 8 543 0
1185 7 148 0
1186 5 2539 0
1187 9 839 0
1188 5 2431 0
1189 3 1390 0
1190 1 2443 0
1191 7 2232 0
1192 7 2875 0
1193 5 2302 0
1194 6 4424 0
1195 3 2847 0
1196 7 268 0
1197 5 2830 0
1198 6 1839 0
1199 3 958 0
1200 8 1658 0
1201 6 386 0
1202 8 2535 0
1203 6 1828 0
1204 6 14 0
1205 6 740 0
1206 10 2464 0
1207 7 4464 0
1208 5 2555 0
1209 4 1981 0
1210 9 903 0
1211 6 1485 0
1212 8 1817 0
1213 4 218 0
1214 2 1923 0
1215 6 171 0
1216 5 248 0
1217 7 2832 0
1218 4 2768 0
1219 5 4242 0
1220 5 2620 0
1221 5 1661 0
1222 6 2548 0
1223 4 36 0
1224 4 1302 0
1225 6 2787 0
1226 2 669 0
1227 5 4907 0
1228 7 280 0
1229 4 3354 0
1230 3 1755 0
1231 5 2751 0
1232 10 909 0
1233 8 845 0
1234 2 763 0
1235 10 2695 0
1236 6 318 0
1237 7 2996 0
1238 4 2853 0
1239 3 1948 0
1240 6 3696 0
1241 7 4403 0
1242 5 1681 0
1243 7 661 0
1244 8 4697 0
1245 4 4055 0
1246 7 2930 0
1247 5 4069 0
1248 6 1737 0
1249 4 4467 0
1250 7 2802 0
1251 3 615 0
1252 2 254 0
1253 6 4372 0
1254 7 2580 0
1255 4 665 0
1256 5 430 0
1257 6 1680 0
1258 8 1952 0
1259 3 2741 0
1260 6 482 0
1261 6 569 0
1262 5 1474 0
1263 3 3645 0
1264 5 2792 0
1265 8 4665 0
1266 7 1675 0
1267 6 8 0
1268 4 4838 0
1269 5 554 0
1270 5 3206 0
1271 7 1492 0
1272 5 2092 0
1273 5 1178 0
1274 5 3824 0
1275 7 1925 0
1276 6 2782 0
1277 6 1747 0
1278 6 1830 0
1279 7 2673 0
1280 5 2797 0
1281 3 1107 0
1282 8 988 0
1283 7 4784 0
1284 5 2994 0
1285 7 1380 0
1286 4 3348 0
1287 6 46 0
1288 6 1520 0
1289 7 3932 0
1290 7 2952 0
1291 5 3323 0
1292 8 4009 0
1293 8 359 0
1294 4 3398 0
1295 12 2032 0
1296 6 2700 0
1297 7 3284 0
1298 6 3134 0
1299 8 3773 0
1300 6 4958 0
1301 5 2823 0
1302 5 4637 0
1303 8 3989 0
1304 4 4596 0
1305 8 700 0
1306 9 35 0
1307 6 1552 0
1308 10 2932 0
1309 4 4810 0
1310 7 1096 0
1311 5 1301 0
1312 3 275 0
1313 6 3881 0
1314 6 2965 0
1315 4 1296 0
1316 6 1366 0
1317 8 4762 0
1318 6 466 0
1319 5 4724 0
1320 6 2823 0
1321 4 1549 0
1322 6 790 0
1323 4 464 0
1324 5 855 0
1325 1 4878 0
1326 7 1961 0
1327 4 1948 0
1328 5 964 0
1329 2 1522 0
1330 7 1805 0
1331 9 2662 0
1332 7 4451 0
1333 6 4355 0
1334 6 2912 0
1335 5 801 0
1336 6 483 0
1337 5 208 0
1338 6 3506 0
1339 7 212 0
1340 7 607 0
1341 6 4451 0
1342 7 1524 0
1343 7 2109 0
1344 5 4304 0
1345 2 2187 0
1346 3 747 0
1347 6 1772 0
1348 5 2243 0
1349 9 4310 0
1350 9 3345 0
1351 8 1798 0
1352 4 1752 0
1353 4 1018 0
1354 6 2614 0
1355 3 4162 0
1356 5 1111 0
1357 4 879 0
1358 9 1476 0
1359 4 4526 0
1360 4 4478 0
1361 7 384 0
1362 8 4577 0
1363 8 161 0
1364 6 1658 0
1365 5 1312 0
1366 4 4406 0
1367 4 2092 0
1368 3 2107 0
1369 7 3681 0
1370 6 1284 0
1371 8 3897 0
1372 9 4670 0
1373 6 4192 0
1374 5 1872 0
1375 5 4043 0
1376 7 3920 0
1377 6 1131 0
1378 4 433 0
1379 9 3143 0
1380 2 4969 0
1381 5 3575 0
1382 6 2991 0
1383 4 4932 0
1384 6 4733 0
1385 5 2199 0
1386 6 3799 0
1387 4 2777 0
1388 8 3948 0
1389 5 1578 0
1390 7 1498 0
1391 7 3000 0
1392 6 2650 0
1393 5 883 0
1394 7 4535 0
1395 6 480 0
1396 4 4318 0
1397 4 3287 0
1398 3 1820 0
1399 5 4645 0
1400 7 1895 0
1401 8 860 0
1402 5 877 0
1403 5 1254 0
1404 4 4780 0
1405 2 1534 0
1406 4 1886 0
1407 4 2917 0
1408 6 2399 0
1409 5 2664 0
1410 7 4075 0
1411 6 1904 0
1412 7 4181 0
1413 6 566 0
1414 7 1789 0
1415 4 53 0
1416 2 4866 0
1417 6 3190 0
1418 8 2999 0
1419 6 1410 0
1420 6 3562 0
1421 4 1351 0
1422 2 4948 0
1423 4 1489 0
1424 6 1913 0
1425 5 2659 0
1426 5 1581 0
1427 6 1471 0
1428 7 463 0
1429 6 2785 0
1430 5 3581 0
1431 7 2965 0
1432 5 1319 0
1433 4 4615 0
1434 8 3695 0
1435 5 2997 0
1436 6 1210 0
1437 6 265 0
1438 5 54 0
1439 4 3285 0
1440 5 1027 0
1441 0 619 0
1442 8 971 0
1443 5 1995 0
1444 5 1274 0
1445 3 4705 0
1446 3 3562 0
1447 8 3391 0
1448 2 3765 0
1449 8 3838 0
1450 7 4473 0
1451 7 840 0
1452 5 1256 0
1453 6 2587 0
1454 8 4040 0
1455 6 958 0
1456 5 488 0
1457 7 740 0
1458 9 4244 0
1459 6 1120 0
1460 4 588 0
1461 4 2156 0
1462 9 3224 0
1463 7 975 0
1464 4 229 0
1465 3 887 0
1466 4 358 0
1467 9 2818 0
1468 7 4867 0
1469 7 3663 0
1470 7 841 0
1471 4 3458 0
1472 3 1503 0
1473 4 962 0
1474 5 4651 0
1475 4 3816 0
1476 7 4513 0
1477 7 2557 0
1478 4 1524 0
1479 5 880 0
1480 2 2128 0
1481 5 2744 0
1482 2 4585 0
1483 3 2065 0
1484 2 4803 0
1485 9 4909 0
1486 2 122 0
1487 6 4939 0
1488 7 4744 0
1489 2 1773 0
1490 6 1559 0
1491 7 3848 0
1492 2 3324 0
1493 1 1319 0
1494 6 1394 0
1495 6 3871 0
1496 8 3844 0
1497 6 2068 0
1498 6 2504 0
1499 7 1912 0
1500 2 3863 0
1501 6 4105 0
1502 8 3200 0
1503 6 3245 0
1504 4 738 0
1505 7 4475 0
1506 7 2036 0
1507 3 3650 0
1508 7 2911 0
1509 5 3165 0
1510 3 645 0
1511 2 4436 0
1512 4 1922 0
1513 4 3583 0
1514 6 843 0
1515 1 4546 0
1516 6 2232 0
1517 6 4699 0
1518 7 4378 0
1519 5 3285 0
1520 1 116 0
1521 3 3610 0
1522 4 4744 0
1523 7 782 0
1524 6 2980 0
1525 6 3841 0
1526 9 1225 0
1527 7 3321 0
1528 7 4323 0
1529 5 4639 0
1530 3 4109 0
1531 8 2806 0
1532 5 2415 0
1533 3 4691 0
1534 6 4259 0
1535 1 4854 0
1536 3 3856 0
1537 5 772 0
1538 9 2905 0
1539 6 2369 0
1540 7 2861 0
1541 6 2225 0
1542 7 1362 0
1543 8 927 0
1544 4 2102 0
1545 6 4146 0
1546 4 2011 0
1547 8 1188 0
1548 4 416 0
1549 3 814 0
1550 8 2790 0
1551 6 1346 0
1552 9 3092 0
1553 7 913 0
1554 9 3382 0
1555 7 3830 0
1556 5 3905 0
1557 7 2590 0
1558 5 2114 0
1559 6 4827 0
1560 4 2277 0
1561 7 1184 0
1562 7 4835 0
1563 8 4995 0
1564 5 1159 0
1565 6 1552 0
1566 8 351 0
1567 5 1676 0
1568 9 3449 0
1569 1 847 0
1570 6 4980 0
1571 5 922 0
1572 6 202 0
1573 5 3415 0
1574 8 1142 0
1575 7 4841 0
1576 5 3706 0
1577 6 4998 0
1578 4 794 0
1579 4 4344 0
1580 7 495 0
1581 7 1044 0
1582 0 3861 0
1583 4 817 0
1584 7 4781 0
1585 7 1426 0
1586 5 2757 0
1587 6 4685 0
1588 4 846 0
1589 4 688 0
1590 4 4195 0
1591 4 2514 0
1592 3 378 0
1593 4 1027 0
1594 8 2307 0
1595 6 3824 0
1596 6 1557 0
1597 3 4940 0
1598 4 130 0
1599 6 794 0
1600 3 4198 0
1601 4 2616 0
1602 9 4974 0
1603 3 2003 0
1604 4 69 0
1605 5 1736 0
1606 3 2993 0
1607 4 1241 0
1608 1 3427 0
1609 6 1413 0
1610 3 3649 0
1611 6 2856 0
1612 10 1018 0
1613 5 1003 0
1614 9 4029 0
1615 6 3491 0
1616 4 1101 0
1617 6 2184 0
1618 6 793 0
1619 12 151 0
1620 6 4043 0
1621 4 2421 0
1622 8 3447 0
1623 4 2325 0
1624 1 2732 0
1625 1 4344 0
1626 9 1576 0
1627 5 1545 0
1628 8 4451 0
1629 9 3387 0
1630 5 223 0
1631 3 940 0
1632 7 497 0
1633 7 2863 0
1634 7 189 0
1635 4 3701 0
1636 6 538 0
1637 1 1255 0
1638 4 4755 0
1639 5 1754 0
1640 6 2766 0
1641 3 4723 0
1642 6 680 0
1643 8 4872 0
1644 5 2813 0
1645 6 1691 0
1646 7 4045 0
1647 8 1859 0
1648 3 3976 0
1649 2 1705 0
1650 1 3047 0
1651 4 2960 0
1652 4 3779 0
1653 5 191 0
1654 5 1844 0
1655 9 1964 0
1656 6 3970 0
1657 7 2452 0
1658 2 2347 0
1659 6 2243 0
1660 4 1337 0
1661 7 942 0
1662 8 4796 0
1663 5 1104 0
1664 4 3304 0
1665 8 2830 0
1666 7 1430 0
1667 4 3499 0
1668 6 4438 0
1669 5 4780 0
1670 6 2453 0
1671 2 2093 0
1672 1 4188 0
1673 4 4379 0
1674 5 2680 0
1675 3 1269 0
1676 6 682 0
1677 3 158 0
1678 6 256 0
1679 5 722 0
1680 5 1386 0
1681 5 1995 0
1682 5 3255 0
1683 4 4816 0
1684 9 4284 0
1685 8 3777 0
1686 3 214 0
1687 4 2902 0
1688 7 2213 0
1689 5 1168 0
1690 8 388 0
1691 8 2908 0
1692 5 560 0
1693 8 1407 0
1694 2 3239 0
1695 6 2426 0
1696 9 3845 0
1697 8 330 0
1698 6 3109 0
1699 4 3185 0
1700 5 1971 0
1701 8 660 0
1702 2 1202 0
1703 8 886 0
1704 6 3405 0
1705 7 4025 0
1706 4 4386 0
1707 5 1108 0
1708 3 4464 0
1709 3 2602 0
1710 9 2283 0
1711 7 3899 0
1712 4 1004 0
1713 3 2238 0
1714 2 570 0
1715 4 2024 0
1716 3 4925 0
1717 5 849 0
1718 1 4965 0
1719 4 3752 0
1720 7 2044 0
1721 8 1332 0
1722 3 3350 0
1723 9 2699 0
1724 2 1646 0
1725 5 3 0
1726 7 3427 0
1727 7 2809 0
1728 5 500 0
1729 7 1026 0
1730 5 1242 0
1731 8 4640 0
1732 7 1429 0
1733 6 273 0
1734 2 1887 0
1735 8 2674 0
1736 8 3209 0
1737 8 744 0
1738 4 2251 0
1739 6 2241 0
1740 2 910 0
1741 7 4316 0
1742 4 1582 0
1743 2 2901 0
1744 7 1268 0
1745 3 1645 0
1746 6 598 0
1747 8 2865 0
1748 9 2205 0
1749 3 4568 0
1750 6 4597 0
1751 8 2645 0
1752 7 3838 0
1753 5 2955 0
1754 6 3827 0
1755 2 4817 0
1756 8 3666 0
1757 9 4126 0
1758 7 2075 0
1759 3 4844 0
1760 6 3614 0
1761 3 2620 0
1762 6 2404 0
1763 6 1648 0
1764 3 3970 0
1765 3 3490 0
1766 5 3645 0
1767 8 3587 0
1768 6 24 0
1769 6 2013 0
1770 7 304 0
1771 9 2803 0
1772 6 3582 0
1773 4 4110 0
1774 7 719 0
1775 6 3287 0
1776 5 1271 0
1777 7 558 0
1778 10 2697 0
1779 10 3985 0
1780 6 2050 0
1781 4 3412 0
1782 8 232 0
1783 3 3745 0
1784 5 1347 0
1785 4 157 0
1786 7 4092 0
1787 4 1312 0
1788 5 3481 0
1789 4 4050 0
1790 4 824 0
1791 5 2507 0
1792 8 2489 0
1793 7 4164 0
1794 6 1767 0
1795 3 3965 0
1796 6 969 0
1797 5 3679 0
1798 6 3445 0
1799 2 3283 0
1800 4 1005 0
1801 8 4593 0
1802 7 739 0
1803 4 2096 0
1804 3 3958 0
1805 8 3588 0
1806 5 4211 0
1807 8 412 0
1808 3 3791 0
1809 4 4514 0
1810 4 4737 0
1811 9 3712 0
1812 10 3827 0
1813 10 1512 0
1814 6 2273 0
1815 8 4482 0
1816 4 2242 0
1817 5 756 0
1818 5 4364 0
1819 7 245 0
1820 4 2689 0
1821 2 688 0
1822 6 177 0
1823 3 1205 0
1824 8 1355 0
1825 6 127 0
1826 6 2605 0
1827 5 3602 0
1828 4 2202 0
1829 3 4855 0
1830 8 307 0
1831 7 2942 0
1832 6 2111 0
1833 3 1661 0
1834 5 4566 0
1835 5 3404 0
1836 7 2528 0
1837 6 3695 0
1838 7 3442 0
1839 12 1074 0
1840 5 1895 0
1841 4 4142 0
1842 3 4416 0
1843 6 3420 0
1844 5 1572 0
1845 10 2871 0
1846 5 81 0
1847 6 2075 0
1848 5 3893 0
1849 5 1746 0
1850 7 2405 0
1851 6 3797 0
1852 3 1783 0
1853 5 1055 0
1854 5 3161 0
1855 4 3688 0
1856 7 1133 0
1857 6 2491 0
1858 8 3243 0
1859 3 1508 0
1860 5 4916 0
1861 5 4865 0
1862 5 3660 0
1863 4 1172 0
1864 3 3051 0
1865 6 3556 0
1866 7 1286 0
1867 8 4139 0
1868 3 1763 0
1869 2 782 0
1870 4 3296 0
1871 5 2648 0
1872 3 797 0
1873 3 986 0
1874 3 1140 0
1875 5 3814 0
1876 3 4533 0
1877 7 1433 0
1878 7 3419 0
1879 5 4974 0
1880 4 2273 0
1881 5 1895 0
1882 4 1607 0
1883 6 2795 0
1884 4 1351 0
1885 5 953 0
1886 7 1825 0
1887 4 3465 0
1888 6 4836 0
1889 6 71 0
1890 4 2620 0
1891 6 1762 0
1892 4 3840 0
1893 3 2392 0
1894 5 2814 0
1895 9 3455 0
1896 9 3729 0
1897 5 1413 0
1898 9 805 0
1899 3 2051 0
1900 8 2253 0
1901 7 2175 0
1902 3 117 0
1903 3 872 0
1904 5 4816 0
1905 6 1734 0
1906 4 4235 0
1907 4 671 0
1908 4 12 0
1909 2 3869 0
1910 5 2099 0
1911 4 2446 0
1912 4 4655 0
1913 5 1734 0
1914 5 2689 0
1915 5 966 0
1916 5 2353 0
1917 6 3124 0
1918 7 2010 0
1919 4 4538 0
1920 5 1290 0
1921 8 709 0
1922 6 4609 0
1923 6 548 0
1924 2 1467 0
1925 6 1332 0
1926 3 2559 0
1927 6 213 0
1928 7 678 0
1929 4 4972 0
1930 4 4990 0
1931 9 2323 0
1932 3 2111 0
1933 7 4430 0
1934 4 2015 0
1935 3 1898 0
1936 4 1154 0
1937 7 1654 0
1938 5 1526 0
1939 3 2785 0
1940 5 1438 0
1941 1 2736 0
1942 4 1442 0
1943 7 1548 0
1944 4 168 0
1945 8 3566 0
1946 5 4669 0
1947 5 649 0
1948 2 505 0
1949 6 1909 0
1950 4 1985 0
1951 6 3385 0
1952 4 3106 0
1953 2 4819 0
1954 3 986 0
1955 6 4364 0
1956 11 3333 0
1957 6 1699 0
1958 0 3084 0
1959 2 777 0
1960 3 1028 0
1961 2 605 0
1962 7 1462 0
1963 7 4414 0
1964 5 1726 0
1965 9 843 0
1966 4 2484 0
1967 5 4487 0
1968 8 897 0
1969 6 2101 0
1970 8 4285 0
1971 3 1488 0
1972 6 581 0
1973 7 4760 0
1974 7 4286 0
1975 6 1644 0
1976 9 2679 0
1977 7 4786 0
1978 1 3854 0
1979 4 3306 0
1980 6 2060 0
1981 7 917 0
1982 7 2215 0
1983 5 190 0
1984 8 1807 0
1985 5 1735 0
1986 10 4458 0
1987 7 2350 0
1988 4 2863 0
1989 5 748 0
1990 5 457 0
1991 3 3980 0
1992 8 4710 0
1993 7 3847 0
1994 6 2608 0
1995 6 2862 0
1996 4 636 0
1997 1 1655 0
1998 6 3507 0
1999 9 1442 0
2000 8 616 0
2001 3 3967 0
2002 9 1199 0
2003 8 3457 0
2004 7 191 0
2005 4 2909 0
2006 3 417 0
2007 6 1654 0
2008 4 4971 0
2009 9 3765 0
2010 5 2910 0
2011 5 4529 0
2012 7 1396 0
2013 8 3144 0
2014 5 375 0
2015 2 4570 0
2016 5 3758 0
2017 6 4037 0
2018 8 534 0
2019 3 335 0
2020 2 2159 0
2021 7 3463 0
2022 6 4518 0
2023 6 4038 0
2024 1 612 0
2025 5 4319 0
2026 6 1613 0
2027 8 1367 0
2028 4 1556 0
2029 10 2076 0
2030 5 2087 0
2031 2 3678 0
2032 3 3687 0
2033 8 3947 0
2034 10 1238 0
2035 6 4571 0
2036 6 4126 0
2037 6 3647 0
2038 4 2881 0
2039 9 4347 0
2040 8 32 0
2041 6 1004 0
2042 3 4942 0
2043 10 2803 0
2044 6 2852 0
2045 3 4664 0
2046 5 348 0
2047 4 4168 0
2048 10 3797 0
2049 6 1433 0
2050 2 1597 0
2051 7 3146 0
2052 8 3943 0
2053 3 1642 0
2054 6 118 0
2055 7 1409 0
2056 5 604 0
2057 4 1706 0
2058 7 3897 0
2059 2 1800 0
2060 8 2875 0
2061 6 512 0
2062 7 635 0
2063 6 203 0
2064 6 1886 0
2065 9 4292 0
2066 6 3368 0
2067 8 4198 0
2068 7 2497 0
2069 5 1092 0
2070 1 697 0
2071 6 4416 0
2072 4 4499 0
2073 7 1272 0
2074 6 2641 0
2075 6 72 0
2076 6 3031 0
2077 5 3050 0
2078 6 3726 0
2079 5 863 0
2080 3 1411 0
2081 5 4968 0
2082 4 3939 0
2083 10 458 0
2084 4 1604 0
2085 5 4145 0
2086 7 4511 0
2087 3 353 0
2088 4 4547 0
2089 3 4479 0
2090 5 386 0
2091 5 1081 0
2092 4 1428 0
2093 4 3987 0
2094 5 1264 0
2095 5 3274 0
2096 6 2468 0
2097 2 1364 0
2098 6 867 0
2099 6 452 0
2100 7 434 0
2101 8 3418 0
2102 8 3606 0
2103 4 1928 0
2104 3 2440 0
2105 5 3014 0
2106 6 1867 0
2107 2 814 0
2108 6 3359 0
2109 9 1930 0
2110 4 3446 0
2111 7 3981 0
2112 6 1951 0
2113 2 4326 0
2114 3 3871 0
2115 9 1993 0
2116 5 1874 0
2117 7 623 0
2118 3 2973 0
2119 3 2092 0
2120 6 4804 0
2121 5 571 0
2122 8 2808 0
2123 4 1177 0
2124 8 189 0
2125 3 1656 0
2126 5 4634 0
2127 7 3135 0
2128 6 977 0
2129 6 482 0
2130 6 1822 0
2131 3 3760 0
2132 9 502 0
2133 4 2568 0
2134 6 2407 0
2135 9 3238 0
2136 9 4825 0
2137 8 2645 0
2138 3 463 0
2139 6 2815 0
2140 5 2786 0
2141 6 4949 0
2142 6 3293 0
2143 7 1059 0
2144 4 1399 0
2145 6 2913 0
2146 5 2415 0
2147 7 3974 0
2148 12 1960 0
2149 6 3176 0
2150 3 3855 0
2151 3 4111 0
2152 6 929 0
2153 8 1939 0
2154 6 66 0
2155 10 3514 0
2156 7 1599 0
2157 6 2672 0
2158 1 3137 0
2159 7 1535 0
2160 8 1088 0
2161 5 3580 0
2162 5 4497 0
2163 7 1802 0
2164 6 3559 0
2165 5 823 0
2166 2 154 0
2167 4 4928 0
2168 6 3404 0
2169 6 3047 0
2170 7 357 0
2171 6 652 0
2172 8 4226 0
2173 4 3596 0
2174 6 452 0
2175 8 3120 0
2176 4 4889 0
2177 6 3312 0
2178 4 3355 0
2179 3 2555 0
2180 9 271 0
2181 4 2840 0
2182 10 3120 0
2183 6 3945 0
2184 6 2120 0
2185 9 4514 0
2186 0 4534 0
2187 6 1240 0
2188 0 1773 0
2189 7 4730 0
2190 7 4360 0
2191 5 3107 0
2192 6 3604 0
2193 4 4626 0
2194 7 932 0
2195 4 1396 0
2196 5 4091 0
2197 6 3156 0
2198 5 4154 0
2199 4 19 0
2200 9 4030 0
2201 5 3800 0
2202 5 147 0
2203 7 3085 0
2204 4 2670 0
2205 6 4848 0
2206 8 3477 0
2207 4 3525 0
2208 7 2175 0
2209 8 4360 0
2210 6 1479 0
2211 4 2944 0
2212 5 678 0
2213 8 3725 0
2214 4 3216 0
2215 5 4837 0
2216 7 823 0
2217 2 4110 0
2218 4 3830 0
2219 7 2168 0
2220 5 2750 0
2221 4 1372 0
2222 5 4567 0
2223 6 3792 0
2224 5 2946 0
2225 8 2798 0
2226 5 135 0
2227 9 3455 0
2228 5 4058 0
2229 5 1100 0
2230 8 3523 0
2231 3 3769 0
2232 6 48 0
2233 8 2276 0
2234 8 2262 0
2235 6 4423 0
2236 8 3063 0
2237 2 3089 0
2238 5 4085 0
2239 6 2402 0
2240 6 330 0
2241 5 904 0
2242 6 3850 0
2243 7 4326 0
2244 7 4692 0
2245 8 735 0
2246 5 829 0
2247 7 508 0
2248 3 3039 0
2249 3 3697 0
2250 8 4543 0
2251 11 298 0
2252 7 3024 0
2253 3 2283 0
2254 5 2137 0
2255 8 135 0
2256 3 76 0
2257 3 154 0
2258 7 3112 0
2259 5 2755 0
2260 6 2965 0
2261 6 1691 0
2262 4 3535 0
2263 2 1504 0
2264 7 1806 0
2265 9 4026 0
2266 5 2273 0
2267 7 3590 0
2268 3 1890 0
2269 5 3313 0
2270 8 4591 0
2271 8 1523 0
2272 6 2088 0
2273 7 730 0
2274 7 3346 0
2275 9 920 0
2276 8 1740 0
2277 5 2323 0
2278 7 4733 0
2279 5 4428 0
2280 5 644 0
2281 3 1535 0
2282 6 2730 0
2283 9 1735 0
2284 10 1354 0
2285 6 2762 0
2286 7 1249 0
2287 7 2703 0
2288 6 389 0
2289 6 4786 0
2290 7 768 0
2291 6 1923 0
2292 5 1115 0
2293 7 17 0
2294 7 1764 0
2295 6 872 0
2296 7 3233 0
2297 8 2511 0
2298 8 4333 0
2299 8 4357 0
2300 7 608 0
2301 5 649 0
2302 3 1358 0
2303 5 781 0
2304 8 1507 0
2305 8 802 0
2306 5 4188 0
2307 6 736 0
2308 8 4700 0
2309 5 4594 0
2310 2 626 0
2311 4 3530 0
2312 4 4252 0
2313 3 2622 0
2314 4 2576 0
2315 3 3280 0
2316 3 2411 0
2317 6 1046 0
2318 4 4014 0
2319 7 1483 0
2320 10 2197 0
2321 8 3152 0
2322 5 4026 0
2323 5 3453 0
2324 5 3561 0
2325 6 191 0
2326 4 1308 0
2327 7 1933 0
2328 1 2162 0
2329 6 3533 0
2330 2 4736 0
2331 8 4481 0
2332 4 3232 0
2333 7 2264 0
2334 6 3233 0
2335 6 4585 0
2336 8 4815 0
2337 5 4969 0
2338 6 4776 0
2339 3 800 0
2340 6 109 0
2341 6 4085 0
2342 10 2984 0
2343 2 1238 0
2344 8 2754 0
2345 5 3816 0
2346 6 2686 0
2347 5 3329 0
2348 3 3872 0
2349 4 4919 0
2350 3 1237 0
2351 8 1875 0
2352 2 3323 0
2353 6 2045 0
2354 7 1350 0
2355 3 2472 0
2356 4 2582 0
2357 7 625 0
2358 8 2659 0
2359 7 3038 0
2360 3 1765 0
2361 7 435 0
2362 7 3646 0
2363 2 3800 0
2364 9 2701 0
2365 6 3977 0
2366 6 3596 0
2367 6 3903 0
2368 4 4071 0
2369 7 3334 0
2370 2 4196 0
2371 5 2292 0
2372 9 587 0
2373 5 585 0
2374 7 3416 0
2375 6 1897 0
2376 5 4670 0
2377 4 4625 0
2378 5 3167 0
2379 8 4870 0
2380 5 457 0
2381 3 1352 0
2382 2 1412 0
2383 4 2693 0
2384 5 3503 0
2385 6 187 0
2386 7 317 0
2387 6 2813 0
2388 6 934 0
2389 3 4342 0
2390 5 1413 0
2391 3 4975 0
2392 9 4017 0
2393 5 3524 0
2394 9 1273 0
2395 2 896 0
2396 3 2969 0
2397 7 2110 0
2398 5 4564 0
2399 6 4381 0
2400 5 817 0
2401 6 4509 0
2402 5 2817 0
2403 5 4453 0
2404 8 2180 0
2405 4 2213 0
2406 7 4078 0
2407 8 1763 0
2408 5 338 0
2409 5 3802 0
2410 8 1126 0
2411 6 291 0
2412 8 3792 0
2413 5 4160 0
2414 4 631 0
2415 6 4842 0
2416 4 1474 0
2417 8 3529 0
2418 7 3569 0
2419 4 2819 0
2420 3 2837 0
2421 6 3930 0
2422 4 1125 0
2423 7 3217 0
2424 1 720 0
2425 6 1762 0
2426 7 133 0
2427 6 1930 0
2428 12 3366 0
2429 9 3413 0
2430 5 203 0
2431 9 1642 0
2432 7 3435 0
2433 4 1041 0
2434 3 2825 0
2435 7 4072 0
2436 8 4660 0
2437 3 715 0
2438 6 3247 0
2439 5 324 0
2440 2 2296 0
2441 2 1388 0
2442 4 843 0
2443 2 4624 0
2444 3 2044 0
2445 4 2330 0
2446 5 4423 0
2447 5 3166 0
2448 9 2695 0
2449 4 2008 0
2450 5 1998 0
2451 3 3145 0
2452 9 3920 0
2453 7 1124 0
2454 6 3952 0
2455 6 1065 0
2456 4 2331 0
2457 7 295 0
2458 7 2157 0
2459 6 4788 0
2460 5 386 0
2461 7 3673 0
2462 8 4168 0
2463 1 4693 0
2464 6 2638 0
2465 2 2928 0
2466 9 328 0
2467 8 3493 0
2468 7 3185 0
2469 9 3951 0
2470 5 1697 0
2471 8 3293 0
2472 6 882 0
2473 3 186 0
2474 9 2501 0
2475 7 871 0
2476 4 3716 0
2477 6 3342 0
2478 6 3203 0
2479 4 4516 0
2480 3 1086 0
2481 5 329 0
2482 6 2396 0
2483 8 2069 0
2484 5 3892 0
2485 3 1399 0
2486 7 4253 0
2487 6 1739 0
2488 7 575 0
2489 6 3833 0
2490 4 371 0
2491 6 1278 0
2492 4 227 0
2493 7 2185 0
2494 6 1754 0
2495 4 4828 0
2496 8 1477 0
2497 7 3313 0
2498 7 3607 0
2499 6 4849 0
2500 3 4669 0
2501 5 481 0
2502 8 2453 0
2503 5 248 0
2504 7 1200 0
2505 4 2213 0
2506 6 3616 0
2507 6 4257 0
2508 7 197 0
2509 6 4123 0
2510 1 1204 0
2511 6 3416 0
2512 7 290 0
2513 8 1883 0
2514 4 10 0
2515 8 3941 0
2516 4 2119 0
2517 7 4703 0
2518 8 1122 0
2519 8 2495 0
2520 8 2651 0
2521 4 2404 0
2522 10 1907 0
2523 1 454 0
2524 6 2620 0
2525 5 4198 0
2526 7 2936 0
2527 3 1104 0
2528 3 2546 0
2529 4 1569 0
2530 0 4307 0
2531 2 4606 0
2532 5 2695 0
2533 5 934 0
2534 8 2731 0
2535 6 984 0
2536 3 3263 0
2537 4 2107 0
2538 7 1438 0
2539 5 4733 0
2540 5 2918 0
2541 5 1571 0
2542 5 3511 0
2543 5 604 0
2544 8 1875 0
2545 8 4391 0
2546 7 380 0
2547 6 2660 0
2548 7 338 0
2549 6 1949 0
2550 4 4143 0
2551 7 4562 0
2552 4 4230 0
2553 7 1223 0
2554 6 4985 0
2555 7 3266 0
2556 2 2906 0
2557 5 1898 0
2558 7 83 0
2559 5 1689 0
2560 5 2145 0
2561 9 2702 0
2562 8 281 0
2563 7 1077 0
2564 3 3645 0
2565 7 4342 0
2566 5 2136 0
2567 7 2615 0
2568 7 3532 0
2569 7 1939 0
2570 4 2953 0
2571 3 158 0
2572 2 1358 0
2573 4 411 0
2574 6 2506 0
2575 4 2638 0
2576 9 2321 0
2577 5 3518 0
2578 7 1025 0
2579 4 1507 0
2580 6 528 0
2581 5 1315 0
2582 10 1711 0
2583 7 2155 0
2584 9 4970 0
2585 6 3117 0
2586 6 3463 0
2587 5 2966 0
2588 6 1053 0
2589 7 410 0
2590 8 2950 0
2591 5 3353 0
2592 5 342 0
2593 3 4195 0
2594 4 4486 0
2595 7 2858 0
2596 8 3990 0
2597 7 1044 0
2598 9 1103 0
2599 5 263 0
2600 5 2935 0
2601 7 3391 0
2602 5 3136 0
2603 2 2666 0
2604 6 1234 0
2605 9 298 0
2606 8 3375 0
2607 7 4212 0
2608 3 3657 0
2609 8 1079 0
2610 6 1100 0
2611 4 4176 0
2612 9 2245 0
2613 8 667 0
2614 6 1969 0
2615 8 506 0
2616 4 2728 0
2617 1 2638 0
2618 6 2139 0
2619 6 1777 0
2620 7 4547 0
2621 6 4000 0
2622 5 3739 0
2623 7 3435 0
2624 5 2385 0
2625 7 980 0
2626 5 2884 0
2627 5 2384 0
2628 3 3839 0
2629 6 2845 0
2630 7 491 0
2631 3 4910 0
2632 0 4672 0
2633 3 4938 0
2634 4 2300 0
2635 5 385 0
2636 5 4932 0
2637 6 2612 0
2638 5 835 0
2639 3 3162 0
2640 9 3870 0
2641 6 1365 0
2642 5 1594 0
2643 7 2398 0
2644 4 442 0
2645 3 3280 0
2646 5 1501 0
2647 5 3962 0
2648 6 987 0
2649 2 3527 0
2650 8 2568 0
2651 3 4532 0
2652 5 4346 0
2653 3 2886 0
2654 6 4065 0
2655 7 4703 0
2656 4 563 0
2657 3 4594 0
2658 6 699 0
2659 8 4841 0
2660 5 3108 0
2661 5 3331 0
2662 8 1806 0
2663 6 2405 0
2664 8 3115 0
2665 4 4243 0
2666 6 4703 0
2667 6 2139 0
2668 0 3332 0
2669 7 4745 0
2670 4 664 0
2671 3 3943 0
2672 9 4520 0
2673 9 4308 0
2674 5 38 0
2675 6 4512 0
2676 6 3188 0
2677 1 3186 0
2678 7 2717 0
2679 6 2790 0
2680 2 1494 0
2681 5 4612 0
2682 5 3649 0
2683 6 1945 0
2684 3 3905 0
2685 8 4362 0
2686 7 722 0
2687 7 4158 0
2688 7 4115 0
2689 5 4657 0
2690 6 1878 0
2691 6 4606 0
2692 6 2108 0
2693 5 1038 0
2694 8 1128 0
2695 4 2353 0
2696 6 4182 0
2697 6 2983 0
2698 7 1438 0
2699 4 4754 0
2700 2 2257 0
2701 9 4934 0
2702 6 1720 0
2703 5 2028 0
2704 7 3739 0
2705 10 3575 0
2706 6 2600 0
2707 5 2191 0
2708 7 4129 0
2709 3 3193 0
2710 4 2458 0
2711 7 1779 0
2712 2 69 0
2713 4 2936 0
2714 0 1293 0
2715 6 1034 0
2716 9 1965 0
2717 7 898 0
2718 5 113 0
2719 4 1433 0
2720 5 1396 0
2721 6 921 0
2722 5 2277 0
2723 8 1398 0
2724 3 4077 0
2725 6 3371 0
2726 5 1207 0
2727 7 393 0
2728 6 1188 0
2729 6 4679 0
2730 5 2989 0
2731 7 1464 0
2732 3 1257 0
2733 5 2132 0
2734 5 4405 0
2735 1 1437 0
2736 7 960 0
2737 8 894 0
2738 7 1894 0
2739 4 4599 0
2740 6 4249 0
2741 6 1472 0
2742 8 4622 0
2743 7 4973 0
2744 5 2668 0
2745 7 2363 0
2746 6 1927 0
2747 3 3367 0
2748 4 4611 0
2749 8 4565 0
2750 6 3707 0
2751 8 3810 0
2752 6 1677 0
2753 8 2979 0
2754 6 659 0
2755 6 1818 0
2756 6 2895 0
2757 5 2789 0
2758 2 1665 0
2759 6 4590 0
2760 4 2672 0
2761 7 4960 0
2762 7 1504 0
2763 5 4374 0
2764 5 3830 0
2765 0 2856 0
2766 7 1472 0
2767 2 3067 0
2768 3 2732 0
2769 7 634 0
2770 4 4690 0
2771 8 4762 0
2772 5 4485 0
2773 0 1543 0
2774 5 4822 0
2775 4 3363 0
2776 8 59 0
2777 8 3773 0
2778 6 2774 0
2779 9 1963 0
2780 6 213 0
2781 7 1644 0
2782 4 3624 0
2783 4 1740 0
2784 9 2001 0
2785 5 850 0
2786 1 2937 0
2787 6 4435 0
2788 4 3042 0
2789 2 3213 0
2790 7 44 0
2791 3 3261 0
2792 6 1010 0
2793 7 2069 0
2794 4 2717 0
2795 6 4623 0
2796 9 3795 0
2797 6 1582 0
2798 5 1636 0
2799 4 1587 0
2800 8 3585 0
2801 8 686 0
2802 5 4623 0
2803 5 3867 0
2804 2 348 0
2805 7 115 0
2806 5 4409 0
2807 8 4263 0
2808 6 4531 0
2809 8 447 0
2810 6 3192 0
2811 4 2137 0
2812 5 4618 0
2813 7 1373 0
2814 6 1311 0
2815 6 3502 0
2816 5 313 0
2817 4 229 0
2818 1 4657 0
2819 4 4693 0
2820 6 932 0
2821 5 2135 0
2822 3 4686 0
2823 6 597 0
2824 9 1153 0
2825 2 4226 0
2826 3 360 0
2827 7 4534 0
2828 7 4244 0
2829 9 1672 0
2830 3 3037 0
2831 4 625 0
2832 4 1981 0
2833 7 661 0
2834 0 4838 0
2835 6 3778 0
2836 5 1733 0
2837 2 1290 0
2838 5 1586 0
2839 2 2187 0
2840 9 4072 0
2841 5 2240 0
2842 2 1621 0
2843 3 154 0
2844 5 3573 0
2845 5 3114 0
2846 5 772 0
2847 7 3466 0
2848 3 3355 0
2849 6 4010 0
2850 10 2413 0
2851 6 1369 0
2852 6 3321 0
2853 1 3766 0
2854 4 1846 0
2855 7 1622 0
2856 6 1616 0
2857 5 4448 0
2858 9 3784 0
2859 6 1641 0
2860 8 2970 0
2861 3 4042 0
2862 3 4331 0
2863 4 1828 0
2864 5 4502 0
2865 4 3351 0
2866 1 1142 0
2867 4 516 0
2868 6 3567 0
2869 2 0 0
2870 6 4780 0
2871 7 1702 0
2872 7 2514 0
2873 4 808 0
2874 5 4240 0
2875 5 3407 0
2876 4 4561 0
2877 4 1213 0
2878 3 248 0
2879 6 2354 0
2880 5 2233 0
2881 6 671 0
2882 7 4146 0
2883 9 2773 0
2884 8 3406 0
2885 5 2121 0
2886 4 320 0
2887 5 2963 0
2888 7 1284 0
2889 4 3702 0
2890 4 4388 0
2891 6 3532 0
2892 4 2781 0
2893 6 707 0
2894 6 2057 0
2895 7 680 0
2896 5 2680 0
2897 4 2588 0
2898 7 77 0
2899 4 2933 0
2900 2 4693 0
2901 9 1929 0
2902 5 1732 0
2903 3 2919 0
2904 7 1372 0
2905 8 3313 0
2906 3 1599 0
2907 8 332 0
2908 2 544 0
2909 7 2586 0
2910 5 2150 0
2911 5 871 0
2912 5 667 0
2913 9 2834 0
2914 4 4898 0
2915 8 1853 0
2916 6 291 0
2917 0 698 0
2918 4 1808 0
2919 6 1370 0
2920 4 3727 0
2921 5 3521 0
2922 4 4589 0
2923 8 3536 0
2924 5 1314 0
2925 6 4485 0
2926 4 3086 0
2927 4 1312 0
2928 7 3614 0
2929 4 3256 0
2930 5 2883 0
2931 7 2483 0
2932 9 1609 0
2933 5 3830 0
2934 4 2835 0
2935 4 3816 0
2936 6 4732 0
2937 5 3021 0
2938 6 143 0
2939 7 3340 0
2940 4 673 0
2941 6 261 0
2942 5 1628 0
2943 7 1264 0
2944 5 2357 0
2945 4 2655 0
2946 7 1140 0
2947 7 4582 0
2948 7 2210 0
2949 1 972 0
2950 6 4205 0
2951 4 712 0
2952 4 3293 0
2953 6 1930 0
2954 7 2277 0
2955 6 4808 0
2956 8 4491 0
2957 4 826 0
2958 3 1738 0
2959 6 1908 0
2960 8 751 0
2961 4 4024 0
2962 5 2009 0
2963 7 371 0
2964 6 541 0
2965 5 3271 0
2966 5 1894 0
2967 5 2665 0
2968 6 2213 0
2969 2 2136 0
2970 8 2752 0
2971 6 887 0
2972 8 674 0
2973 5 4201 0
2974 3 2181 0
2975 7 2377 0
2976 8 2708 0
2977 5 3605 0
2978 5 161 0
2979 5 3121 0
2980 6 694 0
2981 1 3768 0
2982 4 4622 0
2983 4 4373 0
2984 3 3606 0
2985 5 4694 0
2986 4 1094 0
2987 8 834 0
2988 5 1598 0
2989 4 2049 0
2990 3 1341 0
2991 6 2471 0
2992 6 256 0
2993 7 157 0
2994 6 3224 0
2995 6 280 0
2996 9 611 0
2997 2 582 0
2998 7 649 0
2999 4 2058 0
3000 6 865 0
3001 7 3066 0
3002 6 4509 0
3003 3 206 0
3004 9 1456 0
3005 6 2697 0
3006 7 3404 0
3007 6 679 0
3008 9 4440 0
3009 4 1615 0
3010 9 4106 0
3011 6 4735 0
3012 10 141 0
3013 5 1482 0
3014 4 4517 0
3015 8 1714 0
3016 7 295 0
3017 8 2304 0
3018 4 1991 0
3019 6 2375 0
3020 0 4739 0
3021 8 4542 0
3022 7 690 0
3023 4 3466 0
3024 8 3659 0
3025 8 4704 0
3026 6 889 0
3027 4 1176 0
3028 5 198 0
3029 4 3767 0
3030 4 4341 0
3031 8 985 0
3032 7 4164 0
3033 4 4502 0
3034 4 2943 0
3035 6 145 0
3036 4 3692 0
3037 4 2750 0
3038 8 4034 0
3039 10 390 0
3040 5 3657 0
3041 4 871 0
3042 4 393 0
3043 7 199 0
3044 9 3966 0
3045 5 1699 0
3046 6 952 0
3047 5 3536 0
3048 4 2195 0
3049 4 1935 0
3050 3 4420 0
3051 6 1056 0
3052 5 3517 0
3053 7 4289 0
3054 5 2212 0
3055 5 4331 0
3056 5 4944 0
3057 5 1318 0
3058 2 652 0
3059 7 4427 0
3060 6 2465 0
3061 6 779 0
3062 9 4480 0
3063 3 257 0
3064 2 4951 0
3065 6 3659 0
3066 6 4655 0
3067 6 2948 0
3068 4 874 0
3069 5 1082 0
3070 5 935 0
3071 6 3109 0
3072 5 1833 0
3073 11 4494 0
3074 6 99 0
3075 2 2040 0
3076 4 133 0
3077 8 1386 0
3078 4 641 0
3079 6 837 0
3080 10 461 0
3081 5 4940 0
3082 3 1154 0
3083 6 82 0
3084 5 4437 0
3085 6 4379 0
3086 7 2796 0
3087 5 348 0
3088 7 593 0
3089 6 3033 0
3090 5 4824 0
3091 8 3418 0
3092 7 1963 0
3093 4 102 0
3094 5 2424 0
3095 6 347 0
3096 5 4282 0
3097 7 4227 0
3098 6 1872 0
3099 6 1346 0
3100 5 2569 0
3101 8 3464 0
3102 5 389 0
3103 8 1115 0
3104 6 2329 0
3105 6 2814 0
3106 7 2880 0
3107 4 4003 0
3108 3 2546 0
3109 6 3895 0
3110 8 1747 0
3111 6 1413 0
3112 3 2106 0
3113 5 4166 0
3114 6 4715 0
3115 2 1505 0
3116 5 4445 0
3117 2 3847 0
3118 8 1160 0
3119 4 381 0
3120 4 1752 0
3121 5 891 0
3122 4 4489 0
3123 2 2470 0
3124 0 3886 0
3125 4 233 0
3126 5 2094 0
3127 5 4798 0
3128 4 412 0
3129 4 4663 0
3130 2 1615 0
3131 8 801 0
3132 6 4523 0
3133 5 2100 0
3134 9 2644 0
3135 4 2691 0
3136 5 2484 0
3137 7 2660 0
3138 10 2776 0
3139 4 2127 0
3140 4 778 0
3141 4 3168 0
3142 6 3856 0
3143 2 241 0
3144 6 2056 0
3145 11 306 0
3146 6 3840 0
3147 3 4521 0
3148 7 4094 0
3149 3 4803 0
3150 5 4105 0
3151 8 3007 0
3152 5 949 0
3153 7 3513 0
3154 7 4822 0
3155 4 2684 0
3156 6 3170 0
3157 6 3343 0
3158 7 2875 0
3159 5 4481 0
3160 4 4163 0
3161 7 4543 0
3162 5 1915 0
3163 3 4531 0
3164 3 2265 0
3165 7 2509 0
3166 10 2984 0
3167 4 4076 0
3168 6 4752 0
3169 7 1304 0
3170 1 1892 0
3171 7 2697 0
3172 8 1331 0
3173 8 2440 0
3174 5 1135 0
3175 7 1106 0
3176 7 4469 0
3177 7 3486 0
3178 8 3224 0
3179 6 3810 0
3180 9 3832 0
3181 1 3090 0
3182 5 227 0
3183 3 326 0
3184 2 1276 0
3185 9 638 0
3186 4 968 0
3187 9 1200 0
3188 5 3222 0
3189 5 1987 0
3190 6 4144 0
3191 4 122 0
3192 8 59 0
3193 7 3632 0
3194 7 792 0
3195 2 209 0
3196 4 4884 0
3197 7 2460 0
3198 7 4555 0
3199 3 621 0
3200 6 2435 0
3201 2 57 0
3202 4 0 0
3203 10 3307 0
3204 4 4642 0
3205 6 4836 0
3206 6 2414 0
3207 3 3639 0
3208 5 841 0
3209 4 1018 0
3210 2 3430 0
3211 6 1337 0
3212 9 2463 0
3213 2 1155 0
3214 5 3221 0
3215 6 1896 0
3216 5 5 0
3217 2 1933 0
3218 0 1105 0
3219 6 4610 0
3220 8 4194 0
3221 4 4847 0
3222 3 4356 0
3223 5 1405 0
3224 7 1343 0
3225 8 929 0
3226 7 3863 0
3227 8 1330 0
3228 9 1951 0
3229 6 3373 0
3230 8 1330 0
3231 5 2937 0
3232 4 3597 0
3233 8 1351 0
3234 7 3008 0
3235 9 416 0
3236 4 1616 0
3237 7 2256 0
3238 4 4427 0
3239 5 1316 0
3240 7 4840 0
3241 6 2580 0
3242 4 121 0
3243 6 266 0
3244 2 3485 0
3245 8 4385 0
3246 10 4028 0
3247 5 3605 0
3248 6 3452 0
3249 4 4112 0
3250 6 428 0
3251 6 1745 0
3252 5 4665 0
3253 7 3325 0
3254 6 3622 0
3255 8 2304 0
3256 8 4063 0
3257 5 2304 0
3258 8 3995 0
3259 6 3212 0
3260 9 298 0
3261 1 4487 0
3262 6 1629 0
3263 1 1686 0
3264 4 1937 0
3265 6 4179 0
3266 10 1861 0
3267 6 1027 0
3268 6 4781 0
3269 2 4670 0
3270 9 1504 0
3271 4 4587 0
3272 8 3090 0
3273 3 3824 0
3274 5 1708 0
3275 6 1070 0
3276 7 4492 0
3277 9 2551 0
3278 4 3442 0
3279 4 1681 0
3280 8 909 0
3281 5 4644 0
3282 3 3140 0
3283 5 4610 0
3284 1 869 0
3285 4 1821 0
3286 4 3771 0
3287 3 4631 0
3288 8 890 0
3289 6 1110 0
3290 7 3917 0
3291 7 3439 0
3292 4 2121 0
3293 7 1445 0
3294 0 2564 0
3295 2 3172 0
3296 6 4997 0
3297 5 2148 0
3298 5 3179 0
3299 6 4723 0
3300 6 3746 0
3301 2 105 0
3302 8 3419 0
3303 4 2417 0
3304 7 4572 0
3305 3 4351 0
3306 9 4603 0
3307 4 4297 0
3308 8 1348 0
3309 4 2155 0
3310 2 2862 0
3311 3 3298 0
3312 10 2035 0
3313 8 2705 0
3314 5 2123 0
3315 10 374 0
3316 7 1071 0
3317 7 96 0
3318 4 421 0
3319 7 2462 0
3320 2 409 0
3321 10 471 0
3322 3 2943 0
3323 5 4140 0
3324 9 596 0
3325 3 4062 0
3326 5 3280 0
3327 4 4961 0
3328 2 3815 0
3329 5 365 0
3330 5 2927 0
3331 3 3761 0
3332 7 4339 0
3333 2 462 0
3334 7 4307 0
3335 9 3015 0
3336 1 802 0
3337 4 2335 0
3338 3 2379 0
3339 5 3681 0
3340 6 3370 0
3341 1 4721 0
3342 6 2625 0
3343 3 897 0
3344 5 455 0
3345 4 1425 0
3346 6 4356 0
3347 5 1618 0
3348 3 2481 0
3349 7 2859 0
3350 7 2667 0
3351 1 2445 0
3352 4 4743 0
3353 4 1467 0
3354 8 2874 0
3355 8 2775 0
3356 4 3328 0
3357 8 2818 0
3358 4 3737 0
3359 6 2696 0
3360 9 2158 0
3361 4 3412 0
3362 5 60 0
3363 4 139 0
3364 4 2238 0
3365 3 3007 0
3366 6 821 0
3367 5 1855 0
3368 3 104 0
3369 5 4774 0
3370 3 1238 0
3371 8 2142 0
3372 6 3148 0
3373 5 1290 0
3374 2 4240 0
3375 9 2777 0
3376 5 1363 0
3377 8 3798 0
3378 5 1543 0
3379 4 3478 0
3380 6 2468 0
3381 2 4079 0
3382 7 732 0
3383 4 2167 0
3384 5 2198 0
3385 5 3382 0
3386 7 3635 0
3387 5 3981 0
3388 4 2865 0
3389 3 2247 0
3390 6 3043 0
3391 4 4709 0
3392 3 2650 0
3393 7 3554 0
3394 4 1911 0
3395 7 1747 0
3396 4 1973 0
3397 4 3740 0
3398 3 4405 0
3399 4 3741 0
3400 5 1129 0
3401 6 3873 0
3402 0 3521 0
3403 7 2150 0
3404 4 3955 0
3405 6 4304 0
3406 4 1363 0
3407 7 1285 0
3408 6 1199 0
3409 4 971 0
3410 6 4913 0
3411 8 88 0
3412 6 4162 0
3413 11 208 0
3414 5 2149 0
3415 5 3931 0
3416 6 2621 0
3417 11 1749 0
3418 4 1630 0
3419 7 1276 0
3420 7 4798 0
3421 8 4026 0
3422 7 1338 0
3423 6 4014 0
3424 5 2931 0
3425 6 2988 0
3426 7 4399 0
3427 9 1914 0
3428 7 2005 0
3429 4 1231 0
3430 9 4730 0
3431 8 653 0
3432 4 973 0
3433 6 2810 0
3434 5 1634 0
3435 4 536 0
3436 6 3473 0
3437 5 690 0
3438 6 739 0
3439 6 332 0
3440 3 4922 0
3441 4 1721 0
3442 4 682 0
3443 5 3065 0
3444 4 312 0
3445 7 1156 0
3446 5 4422 0
3447 2 458 0
3448 6 599 0
3449 7 2944 0
3450 5 2647 0
3451 3 3730 0
3452 4 1925 0
3453 6 626 0
3454 5 3523 0
3455 11 2382 0
3456 5 609 0
3457 6 3346 0
3458 4 2454 0
3459 7 3481 0
3460 5 4653 0
3461 8 2926 0
3462 4 118 0
3463 6 2555 0
3464 4 1828 0
3465 3 2205 0
3466 5 2415 0
3467 5 2429 0
3468 5 3673 0
3469 1 1953 0
3470 7 3573 0
3471 8 1725 0
3472 7 1379 0
3473 6 2343 0
3474 9 4731 0
3475 7 4020 0
3476 5 2964 0
3477 5 2064 0
3478 7 3878 0
3479 4 2855 0
3480 5 1216 0
3481 7 2310 0
3482 4 3666 0
3483 6 843 0
3484 4 2915 0
3485 3 3593 0
3486 7 740 0
3487 6 4762 0
3488 5 1243 0
3489 3 4159 0
3490 9 2295 0
3491 4 47 0
3492 6 4902 0
3493 7 473 0
3494 7 870 0
3495 6 2508 0
3496 9 1027 0
3497 4 4467 0
3498 4 3589 0
3499 2 4762 0
3500 6 4266 0
3501 6 4795 0
3502 2 4549 0
3503 3 1487 0
3504 3 4939 0
3505 5 1767 0
3506 5 750 0
3507 4 4291 0
3508 8 1225 0
3509 6 2489 0
3510 6 2939 0
3511 10 698 0
3512 4 2476 0
3513 5 1172 0
3514 4 194 0
3515 7 685 0
3516 3 2000 0
3517 6 964 0
3518 1 3248 0
3519 3 2888 0
3520 5 3629 0
3521 8 2872 0
3522 3 728 0
3523 4 1288 0
3524 4 3859 0
3525 4 2075 0
3526 1 4400 0
3527 3 2449 0
3528 9 2353 0
3529 7 614 0
3530 4 1167 0
3531 9 2890 0
3532 7 4554 0
3533 2 3873 0
3534 4 3738 0
3535 6 3224 0
3536 8 3528 0
3537 9 4395 0
3538 3 1056 0
3539 5 483 0
3540 8 3942 0
3541 5 2501 0
3542 2 3027 0
3543 2 3085 0
3544 4 1915 0
3545 1 2891 0
3546 8 4738 0
3547 5 1135 0
3548 3 2521 0
3549 6 2784 0
3550 6 3329 0
3551 6 3952 0
3552 7 2000 0
3553 9 4109 0
3554 8 2423 0
3555 4 4548 0
3556 9 4719 0
3557 5 2794 0
3558 6 4492 0
3559 5 459 0
3560 4 910 0
3561 4 365 0
3562 6 2894 0
3563 6 2359 0
3564 6 3549 0
3565 5 175 0
3566 7 2903 0
3567 5 4279 0
3568 4 2375 0
3569 5 3253 0
3570 7 4308 0
3571 4 4284 0
3572 5 2388 0
3573 6 3874 0
3574 7 874 0
3575 3 2154 0
3576 6 3023 0
3577 1 1127 0
3578 5 1984 0
3579 3 1221 0
3580 6 3590 0
3581 7 3517 0
3582 5 3839 0
3583 5 330 0
3584 7 4547 0
3585 3 3133 0
3586 3 1928 0
3587 5 536 0
3588 5 4306 0
3589 3 3047 0
3590 6 2227 0
3591 2 1147 0
3592 5 2248 0
3593 4 4276 0
3594 7 594 0
3595 6 2959 0
3596 6 3372 0
3597 4 3279 0
3598 4 3205 0
3599 4 3428 0
3600 4 3417 0
3601 7 4295 0
3602 5 4431 0
3603 9 700 0
3604 4 2116 0
3605 6 3247 0
3606 5 1944 0
3607 7 2682 0
3608 9 4533 0
3609 0 4857 0
3610 9 1528 0
3611 6 1752 0
3612 7 61 0
3613 8 2455 0
3614 7 2648 0
3615 6 2911 0
3616 8 35 0
3617 9 758 0
3618 3 4733 0
3619 9 2371 0
3620 4 1625 0
3621 6 3529 0
3622 6 1894 0
3623 7 3921 0
3624 7 4669 0
3625 5 1407 0
3626 3 3906 0
3627 9 1452 0
3628 5 715 0
3629 6 4037 0
3630 7 3708 0
3631 6 4725 0
3632 3 190 0
3633 5 4741 0
3634 6 1266 0
3635 6 4854 0
3636 7 1519 0
3637 6 2998 0
3638 4 4956 0
3639 4 2899 0
3640 5 1266 0
3641 6 642 0
3642 6 730 0
3643 3 4654 0
3644 6 2377 0
3645 9 4432 0
3646 8 4448 0
3647 9 90 0
3648 6 3967 0
3649 5 851 0
3650 8 4805 0
3651 3 3707 0
3652 8 1497 0
3653 7 1293 0
3654 4 2044 0
3655 9 4739 0
3656 3 3085 0
3657 4 4030 0
3658 8 3123 0
3659 7 3668 0
3660 6 4022 0
3661 5 1891 0
3662 5 4089 0
3663 5 1281 0
3664 6 2142 0
3665 4 3877 0
3666 2 4838 0
3667 6 1927 0
3668 4 233 0
3669 7 685 0
3670 5 3148 0
3671 5 4471 0
3672 3 3645 0
3673 6 44 0
3674 6 953 0
3675 7 3730 0
3676 10 2915 0
3677 6 4870 0
3678 6 880 0
3679 5 822 0
3680 5 4156 0
3681 5 1390 0
3682 4 3901 0
3683 7 3877 0
3684 6 2446 0
3685 7 300 0
3686 3 4935 0
3687 5 2611 0
3688 2 3372 0
3689 4 871 0
3690 6 2872 0
3691 5 4985 0
3692 3 1204 0
3693 8 3515 0
3694 6 3807 0
3695 5 4367 0
3696 7 3706 0
3697 6 2777 0
3698 5 4474 0
3699 2 204 0
3700 6 4621 0
3701 2 4474 0
3702 8 3240 0
3703 5 2403 0
3704 7 4595 0
3705 8 1833 0
3706 6 3327 0
3707 7 3053 0
3708 4 1072 0
3709 11 827 0
3710 5 2968 0
3711 8 4948 0
3712 6 3436 0
3713 4 946 0
3714 4 655 0
3715 10 4509 0
3716 4 691 0
3717 7 4324 0
3718 6 4055 0
3719 8 1226 0
3720 2 582 0
3721 6 604 0
3722 7 2609 0
3723 6 4275 0
3724 5 4190 0
3725 9 522 0
3726 8 2924 0
3727 5 947 0
3728 8 2111 0
3729 4 1465 0
3730 5 3634 0
3731 6 4723 0
3732 5 1025 0
3733 2 3540 0
3734 2 3888 0
3735 6 4467 0
3736 4 2625 0
3737 6 1370 0
3738 5 2238 0
3739 4 250 0
3740 5 4379 0
3741 4 3972 0
3742 5 1098 0
3743 6 3626 0
3744 4 3659 0
3745 6 409 0
3746 4 2888 0
3747 2 443 0
3748 5 2766 0
3749 6 148 0
3750 9 1464 0
3751 10 891 0
3752 3 737 0
3753 8 732 0
3754 8 2498 0
3755 8 62 0
3756 2 179 0
3757 4 3619 0
3758 4 1471 0
3759 6 590 0
3760 9 1053 0
3761 4 1746 0
3762 3 4173 0
3763 9 3969 0
3764 4 834 0
3765 3 3982 0
3766 4 3502 0
3767 4 3810 0
3768 6 558 0
3769 6 4744 0
3770 6 1508 0
3771 6 1925 0
3772 6 3670 0
3773 2 4566 0
3774 4 3859 0
3775 7 4503 0
3776 8 1801 0
3777 5 120 0
3778 5 1825 0
3779 4 3053 0
3780 4 1931 0
3781 5 1521 0
3782 5 586 0
3783 6 3150 0
3784 9 2050 0
3785 4 727 0
3786 2 1453 0
3787 2 3151 0
3788 1 1567 0
3789 3 245 0
3790 2 1594 0
3791 6 4907 0
3792 7 2521 0
3793 3 3964 0
3794 6 3237 0
3795 0 2296 0
3796 6 418 0
3797 6 1308 0
3798 7 1437 0
3799 9 3270 0
3800 7 2423 0
3801 5 4746 0
3802 7 1978 0
3803 8 1808 0
3804 6 4688 0
3805 2 3811 0
3806 2 4088 0
3807 5 4956 0
3808 7 3315 0
3809 4 2824 0
3810 5 1914 0
3811 7 3468 0
3812 5 1333 0
3813 6 2056 0
3814 7 1201 0
3815 4 4165 0
3816 3 1479 0
3817 3 168 0
3818 6 2064 0
3819 8 4026 0
3820 3 2401 0
3821 7 618 0
3822 4 2437 0
3823 7 3714 0
3824 7 3863 0
3825 6 116 0
3826 8 2095 0
3827 6 4046 0
3828 3 3533 0
3829 5 751 0
3830 5 2550 0
3831 8 1151 0
3832 9 2938 0
3833 4 1231 0
3834 9 4134 0
3835 6 4206 0
3836 7 1220 0
3837 6 3159 0
3838 2 2684 0
3839 8 1368 0
3840 5 4061 0
3841 8 4161 0
3842 6 3479 0
3843 7 1984 0
3844 6 4082 0
3845 9 3917 0
3846 4 3154 0
3847 9 2466 0
3848 3 2931 0
3849 3 3396 0
3850 3 312 0
3851 6 675 0
3852 7 1963 0
3853 5 917 0
3854 7 4626 0
3855 2 1305 0
3856 11 2205 0
3857 4 362 0
3858 5 375 0
3859 6 2431 0
3860 2 140 0
3861 1 4058 0
3862 10 2194 0
3863 9 3207 0
3864 5 3953 0
3865 5 2057 0
3866 7 2924 0
3867 5 2871 0
3868 5 2116 0
3869 5 1270 0
3870 1 3195 0
3871 6 3804 0
3872 5 3033 0
3873 2 2043 0
3874 1 1108 0
3875 8 4353 0
3876 7 1202 0
3877 7 2645 0
3878 7 1265 0
3879 4 3017 0
3880 7 1450 0
3881 6 1367 0
3882 6 4081 0
3883 2 3377 0
3884 6 4965 0
3885 5 4498 0
3886 8 4445 0
3887 6 4591 0
3888 9 334 0
3889 5 3294 0
3890 1 4180 0
3891 7 3353 0
3892 5 3829 0
3893 5 3419 0
3894 4 4437 0
3895 6 4077 0
3896 8 2352 0
3897 7 2435 0
3898 5 13 0
3899 6 4420 0
3900 8 1032 0
3901 5 2216 0
3902 5 2869 0
3903 5 3236 0
3904 6 2145 0
3905 3 3343 0
3906 4 4512 0
3907 2 382 0
3908 6 2139 0
3909 7 3156 0
3910 7 2355 0
3911 6 4301 0
3912 4 2976 0
3913 5 4106 0
3914 2 2687 0
3915 7 4461 0
3916 5 4510 0
3917 8 3772 0
3918 7 3423 0
3919 7 4299 0
3920 10 2899 0
3921 4 4013 0
3922 3 979 0
3923 5 2009 0
3924 7 964 0
3925 6 4379 0
3926 10 727 0
3927 7 941 0
3928 4 3695 0
3929 5 140 0
3930 4 4610 0
3931 5 3713 0
3932 8 1567 0
3933 7 1255 0
3934 7 469 0
3935 4 2310 0
3936 8 3613 0
3937 4 2396 0
3938 5 1245 0
3939 2 823 0
3940 3 2127 0
3941 6 4560 0
3942 9 2415 0
3943 5 19 0
3944 8 820 0
3945 2 2811 0
3946 7 262 0
3947 5 2577 0
3948 4 3896 0
3949 4 3515 0
3950 5 3480 0
3951 7 3400 0
3952 5 1558 0
3953 4 4490 0
3954 2 557 0
3955 4 1585 0
3956 6 3725 0
3957 1 4876 0
3958 7 219 0
3959 2 478 0
3960 6 3025 0
3961 4 180 0
3962 2 4362 0
3963 5 4931 0
3964 2 3076 0
3965 6 3022 0
3966 0 3779 0
3967 3 237 0
3968 7 252 0
3969 6 892 0
3970 9 4222 0
3971 12 2241 0
3972 6 4392 0
3973 5 3080 0
3974 3 3821 0
3975 3 4179 0
3976 4 568 0
3977 8 3249 0
3978 6 447 0
3979 5 2973 0
3980 2 1322 0
3981 5 1366 0
3982 1 1348 0
3983 4 4287 0
3984 2 494 0
3985 6 2482 0
3986 4 2037 0
3987 9 4209 0
3988 4 1888 0
3989 6 584 0
3990 5 4072 0
3991 7 2803 0
3992 8 3749 0
3993 6 1975 0
3994 7 2838 0
3995 6 694 0
3996 5 3500 0
3997 5 2099 0
3998 5 499 0
3999 4 4077 0
4000 4 4778 0
4001 6 671 0
4002 7 2793 0
4003 5 402 0
4004 5 716 0
4005 6 815 0
4006 7 2876 0
4007 5 365 0
4008 4 3253 0
4009 7 3209 0
4010 3 358 0
4011 9 795 0
4012 7 373 0
4013 9 3161 0
4014 6 90 0
4015 7 871 0
4016 7 3997 0
4017 1 849 0
4018 6 4149 0
4019 6 389 0
4020 8 439 0
4021 4 193 0
4022 8 1641 0
4023 7 2679 0
4024 4 2170 0
4025 7 152 0
4026 7 4557 0
4027 7 2505 0
4028 6 4175 0
4029 5 1507 0
4030 7 300 0
4031 4 3164 0
4032 4 1512 0
4033 6 634 0
4034 8 527 0
4035 6 3 0
4036 4 4316 0
4037 6 1145 0
4038 4 4690 0
4039 6 1359 0
4040 2 2539 0
4041 7 3358 0
4042 6 4640 0
4043 5 3327 0
4044 7 1402 0
4045 6 2944 0
4046 6 63 0
4047 5 745 0
4048 6 3854 0
4049 5 3418 0
4050 4 3817 0
4051 4 508 0
4052 5 309 0
4053 8 3937 0
4054 7 1572 0
4055 0 3901 0
4056 6 71 0
4057 5 1566 0
4058 4 3652 0
4059 8 1469 0
4060 6 2106 0
4061 6 2634 0
4062 5 2640 0
4063 2 1448 0
4064 10 694 0
4065 7 3054 0
4066 7 3269 0
4067 4 223 0
4068 5 992 0
4069 4 1974 0
4070 8 3005 0
4071 4 111 0
4072 1 295 0
4073 5 4559 0
4074 6 2947 0
4075 4 1855 0
4076 5 1568 0
4077 6 2316 0
4078 5 272 0
4079 5 4095 0
4080 3 3238 0
4081 7 3204 0
4082 5 3539 0
4083 5 3553 0
4084 3 3506 0
4085 7 4447 0
4086 3 3009 0
4087 5 191 0
4088 8 1854 0
4089 5 1878 0
4090 3 2044 0
4091 4 4978 0
4092 6 46 0
4093 6 4000 0
4094 4 3582 0
4095 9 1512 0
4096 4 499 0
4097 6 544 0
4098 7 1994 0
4099 7 4651 0
4100 7 4643 0
4101 6 2573 0
4102 5 4089 0
4103 1 586 0
4104 5 2977 0
4105 2 2901 0
4106 7 605 0
4107 2 3981 0
4108 6 4059 0
4109 5 695 0
4110 5 3579 0
4111 5 3743 0
4112 7 1712 0
4113 7 533 0
4114 6 4848 0
4115 5 4386 0
4116 6 842 0
4117 7 2157 0
4118 5 3982 0
4119 9 553 0
4120 3 4240 0
4121 4 2157 0
4122 9 4399 0
4123 3 3076 0
4124 3 3190 0
4125 6 583 0
4126 3 4806 0
4127 5 2315 0
4128 7 1276 0
4129 6 1094 0
4130 4 3609 0
4131 2 1336 0
4132 11 2117 0
4133 7 4468 0
4134 8 19 0
4135 7 3539 0
4136 6 2220 0
4137 9 3787 0
4138 6 4354 0
4139 6 3620 0
4140 5 2677 0
4141 4 610 0
4142 8 625 0
4143 6 3841 0
4144 5 1619 0
4145 3 4385 0
4146 6 221 0
4147 6 2314 0
4148 6 4967 0
4149 8 3895 0
4150 7 3859 0
4151 5 352 0
4152 7 4208 0
4153 9 1186 0
4154 4 1878 0
4155 6 1053 0
4156 8 22 0
4157 7 4402 0
4158 5 4612 0
4159 6 1744 0
4160 8 1503 0
4161 4 2017 0
4162 13 4182 0
4163 3 46 0
4164 8 2265 0
4165 5 1073 0
4166 4 64 0
4167 5 2286 0
4168 0 349 0
4169 7 3467 0
4170 7 2958 0
4171 6 3246 0
4172 4 1464 0
4173 6 4506 0
4174 5 1932 0
4175 6 3053 0
4176 1 2847 0
4177 7 4116 0
4178 5 2107 0
4179 6 237 0
4180 7 3381 0
4181 3 634 0
4182 3 775 0
4183 9 4233 0
4184 4 2481 0
4185 6 2022 0
4186 6 2720 0
4187 5 2526 0
4188 7 1092 0
4189 3 3791 0
4190 4 1734 0
4191 4 509 0
4192 4 4703 0
4193 5 3824 0
4194 6 2250 0
4195 3 363 0
4196 3 3659 0
4197 3 40 0
4198 6 938 0
4199 3 790 0
4200 5 2410 0
4201 4 2698 0
4202 8 2730 0
4203 6 725 0
4204 5 4400 0
4205 7 38 0
4206 6 3783 0
4207 0 1629 0
4208 7 1150 0
4209 10 1267 0
4210 2 2136 0
4211 7 822 0
4212 4 3596 0
4213 5 3829 0
4214 7 601 0
4215 7 914 0
4216 8 2336 0
4217 4 711 0
4218 6 1173 0
4219 8 490 0
4220 5 4313 0
4221 7 3353 0
4222 4 4011 0
4223 9 4230 0
4224 6 245 0
4225 6 2586 0
4226 6 3440 0
4227 6 614 0
4228 2 1646 0
4229 5 1156 0
4230 4 4910 0
4231 5 3314 0
4232 7 1697 0
4233 4 100 0
4234 6 918 0
4235 6 1785 0
4236 2 1611 0
4237 6 3372 0
4238 10 2087 0
4239 4 843 0
4240 4 4627 0
4241 6 4299 0
4242 8 1671 0
4243 4 4459 0
4244 7 1650 0
4245 4 4900 0
4246 5 3169 0
4247 6 625 0
4248 7 29 0
4249 6 3299 0
4250 6 740 0
4251 6 1897 0
4252 5 79 0
4253 13 2863 0
4254 4 2398 0
4255 4 2922 0
4256 8 3401 0
4257 7 3181 0
4258 6 3412 0
4259 3 1250 0
4260 6 2296 0
4261 3 2147 0
4262 4 4701 0
4263 5 1996 0
4264 7 4198 0
4265 6 826 0
4266 8 3452 0
4267 5 4445 0
4268 6 3575 0
4269 5 826 0
4270 4 3180 0
4271 4 4559 0
4272 2 4538 0
4273 5 3478 0
4274 5 2391 0
4275 4 531 0
4276 9 4179 0
4277 6 2678 0
4278 3 2088 0
4279 3 1610 0
4280 5 1927 0
4281 5 2902 0
4282 8 522 0
4283 7 1858 0
4284 7 1016 0
4285 3 2140 0
4286 10 3294 0
4287 4 1294 0
4288 5 1796 0
4289 6 2584 0
4290 5 832 0
4291 9 4115 0
4292 6 4172 0
4293 8 4464 0
4294 7 2384 0
4295 7 3997 0
4296 5 4553 0
4297 7 4417 0
4298 5 3223 0
4299 6 3371 0
4300 1 1699 0
4301 3 1240 0
4302 3 2673 0
4303 5 2877 0
4304 4 4765 0
4305 5 1616 0
4306 8 2978 0
4307 4 1930 0
4308 6 3271 0
4309 3 2688 0
4310 4 2369 0
4311 5 922 0
4312 6 1480 0
4313 5 1866 0
4314 3 787 0
4315 5 334 0
4316 4 4139 0
4317 8 3807 0
4318 3 4264 0
4319 5 2944 0
4320 7 3238 0
4321 6 2860 0
4322 3 4229 0
4323 8 4087 0
4324 4 4242 0
4325 6 4484 0
4326 7 4500 0
4327 8 4369 0
4328 6 3865 0
4329 5 1955 0
4330 5 3177 0
4331 9 2794 0
4332 9 1891 0
4333 5 1761 0
4334 6 267 0
4335 0 3870 0
4336 8 2627 0
4337 1 2112 0
4338 5 2619 0
4339 7 185 0
4340 5 3487 0
4341 5 2538 0
4342 5 3020 0
4343 6 1061 0
4344 3 1519 0
4345 5 3156 0
4346 7 4776 0
4347 7 3770 0
4348 5 449 0
4349 7 2253 0
4350 4 2565 0
4351 4 2306 0
4352 9 1525 0
4353 3 2728 0
4354 3 3521 0
4355 4 3218 0
4356 8 4039 0
4357 4 685 0
4358 8 2315 0
4359 5 2660 0
4360 4 941 0
4361 3 178 0
4362 6 2155 0
4363 4 1283 0
4364 4 520 0
4365 4 3522 0
4366 6 2207 0
4367 4 2828 0
4368 9 1905 0
4369 2 3572 0
4370 7 897 0
4371 5 4558 0
4372 8 1842 0
4373 4 2394 0
4374 6 104 0
4375 5 1718 0
4376 5 1132 0
4377 9 4973 0
4378 6 654 0
4379 9 1227 0
4380 7 2163 0
4381 7 485 0
4382 4 477 0
4383 9 1122 0
4384 7 3226 0
4385 4 565 0
4386 4 4871 0
4387 6 2509 0
4388 7 3557 0
4389 4 3889 0
4390 2 427 0
4391 4 3388 0
4392 4 3062 0
4393 6 3741 0
4394 5 3335 0
4395 6 1802 0
4396 6 187 0
4397 7 763 0
4398 8 3199 0
4399 9 600 0
4400 7 1531 0
4401 4 2193 0
4402 6 4685 0
4403 3 4593 0
4404 8 581 0
4405 5 1770 0
4406 6 3333 0
4407 5 2845 0
4408 5 3124 0
4409 6 1872 0
4410 6 1165 0
4411 3 2563 0
4412 6 4289 0
4413 5 1809 0
4414 4 413 0
4415 7 4753 0
4416 1 159 0
4417 7 3020 0
4418 5 567 0
4419 5 3763 0
4420 3 838 0
4421 6 4277 0
4422 5 634 0
4423 5 512 0
4424 7 3375 0
4425 6 1778 0
4426 1 4172 0
4427 7 257 0
4428 6 2266 0
4429 8 400 0
4430 5 3574 0
4431 3 2131 0
4432 5 3393 0
4433 5 2952 0
4434 7 2621 0
4435 7 445 0
4436 5 1420 0
4437 7 3623 0
4438 6 677 0
4439 7 713 0
4440 9 405 0
4441 0 2933 0
4442 8 3193 0
4443 3 486 0
4444 8 2132 0
4445 5 3389 0
4446 4 2605 0
4447 7 3328 0
4448 8 118 0
4449 4 4588 0
4450 6 1200 0
4451 7 1732 0
4452 9 2480 0
4453 5 2257 0
4454 9 299 0
4455 5 1172 0
4456 8 4087 0
4457 7 4720 0
4458 2 2613 0
4459 5 3998 0
4460 4 4512 0
4461 7 3378 0
4462 7 180 0
4463 4 3968 0
4464 3 2719 0
4465 4 4674 0
4466 4 1365 0
4467 5 4373 0
4468 6 4965 0
4469 1 2956 0
4470 4 4666 0
4471 3 645 0
4472 5 4253 0
4473 5 4645 0
4474 7 2351 0
4475 7 1391 0
4476 7 3221 0
4477 7 910 0
4478 5 2129 0
4479 5 2186 0
4480 4 1020 0
4481 6 3083 0
4482 6 3959 0
4483 8 375 0
4484 3 323 0
4485 6 108 0
4486 7 2405 0
4487 5 1282 0
4488 5 3114 0
4489 8 1746 0
4490 6 2861 0
4491 7 3940 0
4492 9 2721 0
4493 4 2347 0
4494 5 1814 0
4495 3 3801 0
4496 7 4996 0
4497 8 4652 0
4498 5 479 0
4499 6 201 0
4500 4 2811 0
4501 5 3650 0
4502 5 3114 0
4503 6 1596 0
4504 8 3356 0
4505 6 504 0
4506 6 3580 0
4507 8 4823 0
4508 7 1478 0
4509 6 1141 0
4510 3 3904 0
4511 9 1549 0
4512 5 1973 0
4513 3 2306 0
4514 3 3118 0
4515 3 4304 0
4516 9 3109 0
4517 6 1595 0
4518 2 1113 0
4519 4 4571 0
4520 9 1640 0
4521 5 4845 0
4522 5 4459 0
4523 4 4577 0
4524 7 2145 0
4525 4 4080 0
4526 4 2482 0
4527 4 2994 0
4528 5 2890 0
4529 9 272 0
4530 1 224 0
4531 5 161 0
4532 7 3593 0
4533 4 4789 0
4534 7 826 0
4535 6 3631 0
4536 2 289 0
4537 2 1233 0
4538 7 4166 0
4539 4 3889 0
4540 4 4170 0
4541 6 4453 0
4542 8 4110 0
4543 4 1386 0
4544 6 1386 0
4545 3 1704 0
4546 6 444 0
4547 6 4037 0
4548 7 2407 0
4549 4 4282 0
4550 4 976 0
4551 3 4484 0
4552 5 2418 0
4553 6 1328 0
4554 2 1793 0
4555 5 3553 0
4556 4 21 0
4557 5 4804 0
4558 4 4175 0
4559 5 482 0
4560 3 3216 0
4561 8 2821 0
4562 5 1359 0
4563 8 798 0
4564 6 2303 0
4565 7 2105 0
4566 9 2102 0
4567 7 3195 0
4568 4 1282 0
4569 4 464 0
4570 3 2735 0
4571 7 3259 0
4572 5 3396 0
4573 4 2857 0
4574 8 372 0
4575 3 368 0
4576 10 4972 0
4577 6 1865 0
4578 8 973 0
4579 5 2403 0
4580 6 1869 0
4581 6 2355 0
4582 8 2950 0
4583 6 3589 0
4584 6 2090 0
4585 8 3135 0
4586 4 1928 0
4587 10 2764 0
4588 6 4599 0
4589 5 1062 0
4590 7 3706 0
4591 6 2054 0
4592 5 3765 0
4593 6 774 0
4594 6 4004 0
4595 4 3402 0
4596 9 162 0
4597 5 2623 0
4598 8 1177 0
4599 6 1720 0
4600 6 42 0
4601 6 493 0
4602 5 3741 0
4603 8 4723 0
4604 5 459 0
4605 5 238 0
4606 6 3010 0
4607 5 3425 0
4608 0 3695 0
4609 3 1755 0
4610 8 768 0
4611 8 1183 0
4612 3 2445 0
4613 4 1852 0
4614 9 912 0
4615 3 3641 0
4616 3 1940 0
4617 8 1543 0
4618 7 2178 0
4619 10 475 0
4620 4 707 0
4621 4 1562 0
4622 9 511 0
4623 3 4712 0
4624 6 4947 0
4625 3 716 0
4626 6 4172 0
4627 6 4439 0
4628 6 4457 0
4629 3 2573 0
4630 5 1201 0
4631 6 3681 0
4632 4 4454 0
4633 11 1523 0
4634 4 776 0
4635 5 4330 0
4636 5 1578 0
4637 4 3639 0
4638 6 930 0
4639 5 2630 0
4640 5 768 0
4641 9 1877 0
4642 4 1367 0
4643 6 3349 0
4644 4 3507 0
4645 2 1291 0
4646 7 928 0
4647 3 1606 0
4648 2 4344 0
4649 8 2551 0
4650 5 1179 0
4651 2 1208 0
4652 5 208 0
4653 7 3970 0
4654 8 4153 0
4655 9 2154 0
4656 8 4949 0
4657 3 591 0
4658 7 1458 0
4659 7 817 0
4660 4 1335 0
4661 8 2209 0
4662 5 1250 0
4663 2 3586 0
4664 4 2265 0
4665 8 1781 0
4666 5 4350 0
4667 3 2155 0
4668 7 467 0
4669 5 2030 0
4670 5 2361 0
4671 6 1405 0
4672 2 2102 0
4673 3 1056 0
4674 7 2261 0
4675 4 2106 0
4676 4 4119 0
4677 5 3658 0
4678 10 943 0
4679 4 788 0
4680 7 854 0
4681 7 4499 0
4682 8 4417 0
4683 12 905 0
4684 7 1762 0
4685 5 875 0
4686 6 3035 0
4687 3 4088 0
4688 7 3477 0
4689 2 1330 0
4690 3 3285 0
4691 7 671 0
4692 5 462 0
4693 5 4425 0
4694 3 2075 0
4695 5 2511 0
4696 8 3036 0
4697 5 3481 0
4698 2 4611 0
4699 4 4701 0
4700 5 2738 0
4701 3 2065 0
4702 4 2589 0
4703 2 1932 0
4704 6 3646 0
4705 8 4669 0
4706 6 294 0
4707 7 1574 0
4708 8 2853 0
4709 8 2971 0
4710 8 3862 0
4711 4 1035 0
4712 6 3736 0
4713 8 2501 0
4714 6 421 0
4715 6 1985 0
4716 3 1534 0
4717 5 134 0
4718 5 4619 0
4719 4 4310 0
4720 5 1430 0
4721 2 36 0
4722 6 3261 0
4723 3 3304 0
4724 3 4167 0
4725 1 3827 0
4726 3 4962 0
4727 7 4216 0
4728 7 772 0
4729 6 3658 0
4730 8 4449 0
4731 10 413 0
4732 3 2901 0
4733 6 3490 0
4734 5 1663 0
4735 6 19 0
4736 3 3093 0
4737 6 1921 0
4738 4 2143 0
4739 7 3699 0
4740 4 4707 0
4741 8 235 0
4742 9 246 0
4743 7 1961 0
4744 8 4306 0
4745 8 2397 0
4746 5 127 0
4747 7 1014 0
4748 4 3952 0
4749 8 2254 0
4750 5 3217 0
4751 5 116 0
4752 3 4823 0
4753 3 1990 0
4754 9 1410 0
4755 5 2771 0
4756 6 1699 0
4757 9 2075 0
4758 5 71 0
4759 6 49 0
4760 5 1558 0
4761 6 2921 0
4762 6 3386 0
4763 7 2355 0
4764 4 1467 0
4765 3 1047 0
4766 3 3856 0
4767 6 2684 0
4768 7 4455 0
4769 4 4703 0
4770 7 2396 0
4771 1 1939 0
4772 8 4243 0
4773 9 1280 0
4774 3 1723 0
4775 5 466 0
4776 5 1160 0
4777 6 2248 0
4778 4 574 0
4779 3 4964 0
4780 4 419 0
4781 8 2410 0
4782 4 4719 0
4783 5 3869 0
4784 3 1604 0
4785 6 4727 0
4786 5 4432 0
4787 4 2756 0
4788 5 2561 0
4789 7 1012 0
4790 4 1010 0
4791 7 829 0
4792 7 2468 0
4793 3 3445 0
4794 5 2039 0
4795 1 9 0
4796 7 909 0
4797 5 4032 0
4798 2 4496 0
4799 5 2767 0
4800 7 99 0
4801 4 4227 0
4802 6 58 0
4803 8 3341 0
4804 3 4246 0
4805 6 4648 0
4806 7 4509 0
4807 6 4768 0
4808 2 317 0
4809 8 3942 0
4810 4 2710 0
4811 6 3664 0
4812 4 1328 0
4813 8 3975 0
4814 6 4603 0
4815 0 4512 0
4816 8 630 0
4817 6 640 0
4818 5 4469 0
4819 5 2189 0
4820 9 4463 0
4821 4 3304 0
4822 7 810 0
4823 7 4917 0
4824 5 3858 0
4825 7 2637 0
4826 6 3441 0
4827 3 1075 0
4828 5 1298 0
4829 7 1620 0
4830 6 2935 0
4831 5 2600 0
4832 9 3050 0
4833 2 1585 0
4834 10 2848 0
4835 5 4 0
4836 8 1158 0
4837 6 3980 0
4838 6 2616 0
4839 1 3612 0
4840 5 4537 0
4841 7 3812 0
4842 7 1596 0
4843 3 4055 0
4844 5 163 0
4845 9 4163 0
4846 5 4762 0
4847 1 1680 0
4848 5 2540 0
4849 4 2414 0
4850 2 2348 0
4851 6 1673 0
4852 4 536 0
4853 7 2946 0
4854 3 4128 0
4855 5 4730 0
4856 5 1849 0
4857 4 3971 0
4858 0 557 0
4859 6 449 0
4860 4 3151 0
4861 10 3995 0
4862 7 1895 0
4863 5 4119 0
4864 6 1427 0
4865 7 4788 0
4866 7 1094 0
4867 2 2767 0
4868 7 1873 0
4869 3 583 0
4870 6 1422 0
4871 5 4843 0
4872 4 4904 0
4873 3 528 0
4874 5 2646 0
4875 5 3964 0
4876 2 4648 0
4877 8 1725 0
4878 7 3970 0
4879 4 912 0
4880 3 3658 0
4881 2 3331 0
4882 5 698 0
4883 5 3318 0
4884 5 2513 0
4885 5 4303 0
4886 5 1425 0
4887 5 4181 0
4888 1 785 0
4889 5 933 0
4890 7 226 0
4891 4 3799 0
4892 7 2878 0
4893 8 3045 0
4894 3 4418 0
4895 4 3747 0
4896 6 794 0
4897 4 3767 0
4898 8 4581 0
4899 2 4478 0
4900 4 4237 0
4901 4 4728 0
4902 3 334 0
4903 4 2801 0
4904 4 1552 0
4905 7 2409 0
4906 9 772 0
4907 7 986 0
4908 7 1025 0
4909 7 1361 0
4910 6 3638 0
4911 6 3032 0
4912 9 4294 0
4913 10 2369 0
4914 3 4861 0
4915 2 2216 0
4916 4 1521 0
4917 4 3868 0
4918 5 3431 0
4919 2 2361 0
4920 7 3646 0
4921 9 3781 0
4922 11 3924 0
4923 9 1421 0
4924 4 1763 0
4925 9 2933 0
4926 2 2818 0
4927 3 4910 0
4928 3 3833 0
4929 6 7 0
4930 4 899 0
4931 8 1399 0
4932 8 931 0
4933 4 3382 0
4934 2 3107 0
4935 6 3562 0
4936 9 93 0
4937 7 4872 0
4938 7 47 0
4939 5 178 0
4940 7 3623 0
4941 8 1126 0
4942 9 1687 0
4943 9 4831 0
4944 3 3772 0
4945 7 2511 0
4946 4 1290 0
4947 7 3637 0
4948 6 1917 0
4949 6 338 0
4950 6 1544 0
4951 6 408 0
4952 6 3360 0
4953 8 4336 0
4954 5 2878 0
4955 7 1488 0
4956 5 4084 0
4957 3 1590 0
4958 8 4535 0
4959 5 4562 0
4960 4 1280 0
4961 5 4354 0
4962 5 239 0
4963 4 668 0
4964 6 4343 0
4965 6 4482 0
4966 8 2722 0
4967 5 2318 0
4968 5 3021 0
4969 8 370 0
4970 4 1323 0
4971 7 4427 0
4972 5 2999 0
4973 7 2563 0
4974 7 4938 0
4975 4 1638 0
4976 8 2965 0
4977 3 1972 0
4978 4 814 0
4979 6 3526 0
4980 3 953 0
4981 5 2730 0
4982 7 994 0
4983 4 2767 0
4984 6 4954 0
4985 5 1058 0
4986 5 2617 0
4987 2 4699 0
4988 5 3145 0
4989 4 4956 0
4990 9 480 0
4991 5 4008 0
4992 6 1967 0
4993 7 3723 0
4994 5 1357 0
4995 8 3929 0
4996 8 818 0
4997 9 721 0
4998 4 1336 0
4999 5 3388 0
5000 9 682 0
