1 7 3475 0
2 4 3652 0
3 7 1310 0
4 3 182 0
5 7 3716 0
6 6 998 0
7 2 3748 0
8 4 3472 0
9 5 4599 0
10 9 4785 0
11 6 4177 0
12 7 3873 0
13 5 3223 0
14 6 943 0
15 7 1450 0
16 6 2451 0
17 4 1727 0
18 8 4233 0
19 9 957 0
20 4 3781 0
21 4 2760 0
22 5 3526 0
23 6 2024 0
24 9 1416 0
25 7 1286 0
26 7 1602 0
27 3 477 0
28 7 4196 0
29 3 4269 0
30 3 4973 0
31 6 1668 0
32 9 3863 0
33 4 2736 0
34 7 2224 0
35 5 2940 0
36 6 340 0
37 8 2402 0
38 5 4653 0
39 5 1326 0
40 8 667 0
41 8 4866 0
42 6 4179 0
43 6 724 0
44 9 4574 0
45 7 2406 0
46 3 3369 0
47 7 656 0
48 3 990 0
49 7 1790 0
50 8 252 0
51 3 1983 0
52 9 4900 0
53 6 3199 0
54 10 3618 0
55 7 4699 0
56 7 788 0
57 4 1694 0
58 4 4304 0
59 6 53 0
60 2 1014 0
61 3 668 0
62 6 4045 0
63 5 1302 0
64 5 4611 0
65 8 3650 0
66 8 3727 0
67 4 4387 0
68 6 3686 0
69 7 1223 0
70 4 1399 0
71 8 4943 0
72 2 3584 0
73 6 3994 0
74 4 2118 0
75 7 4203 0
76 6 1005 0
77 7 1525 0
78 8 1492 0
79 5 1327 0
80 6 1476 0
81 6 4744 0
82 3 3651 0
83 7 1770 0
84 5 4258 0
85 9 1629 0
86 4 219 0
87 7 343 0
88 7 1874 0
89 6 3461 0
90 8 534 0
91 10 656 0
92 8 3299 0
93 7 4260 0
94 6 1592 0
95 8 2034 0
96 4 3480 0
97 8 2035 0
98 5 4743 0
99 3 1387 0
100 3 1872 0
101 7 1077 0
102 4 4906 0
103 7 4557 0
104 5 1496 0
105 7 4772 0
106 4 2602 0
107 3 2968 0
108 6 2368 0
109 5 4350 0
110 5 198 0
111 5 2420 0
112 8 1855 0
113 3 3125 0
114 2 4493 0
115 7 2707 0
116 7 3683 0
117 6 4136 0
118 2 4015 0
119 5 2935 0
120 9 3803 0
121 6 1917 0
122 5 945 0
123 8 3599 0
124 8 2967 0
125 4 3007 0
126 8 1746 0
127 6 2452 0
128 9 850 0
129 7 1230 0
130 5 1417 0
131 6 2678 0
132 7 240 0
133 7 1976 0
134 5 276 0
135 5 1598 0
136 7 1085 0
137 6 4279 0
138 3 1569 0
139 4 3730 0
140 6 245 0
141 8 3829 0
142 6 2132 0
143 5 1819 0
144 6 1220 0
145 3 1714 0
146 7 4826 0
147 8 4059 0
148 5 2097 0
149 6 1273 0
150 12 2838 0
151 7 1035 0
152 7 2844 0
153 4 985 0
154 7 1152 0
155 4 4564 0
156 7 439 0
157 7 1724 0
158 7 3364 0
159 2 4563 0
160 0 3306 0
161 5 442 0
162 5 4793 0
163 7 2774 0
164 4 523 0
165 0 2607 0
166 8 222 0
167 4 4610 0
168 6 2604 0
169 5 4420 0
170 5 4078 0
171 6 2051 0
172 5 2726 0
173 6 493 0
174 6 3288 0
175 4 254 0
176 5 2291 0
177 5 2784 0
178 4 2272 0
179 5 4807 0
180 6 3321 0
181 7 1291 0
182 6 296 0
183 5 3363 0
184 5 4803 0
185 5 3128 0
186 6 63 0
187 8 1353 0
188 8 2418 0
189 6 939 0
190 4 2632 0
191 4 1433 0
192 8 3075 0
193 6 1119 0
194 5 3618 0
195 6 4326 0
196 7 3051 0
197 6 4256 0
198 5 396 0
199 6 2214 0
200 2 2350 0
201 7 543 0
202 0 826 0
203 8 1379 0
204 6 2311 0
205 8 3916 0
206 2 992 0
207 8 541 0
208 6 1810 0
209 5 4200 0
210 3 529 0
211 8 567 0
212 6 1680 0
213 4 1351 0
214 4 1301 0
215 5 4627 0
216 9 1447 0
217 8 1604 0
218 3 1854 0
219 7 4658 0
220 4 2184 0
221 7 4502 0
222 3 3215 0
223 5 2601 0
224 7 4340 0
225 7 1555 0
226 5 4762 0
227 5 4902 0
228 6 3289 0
229 4 1251 0
230 7 3481 0
231 5 4250 0
232 6 945 0
233 6 504 0
234 9 506 0
235 5 1974 0
236 7 389 0
237 2 4349 0
238 5 852 0
239 7 4378 0
240 6 1884 0
241 3 4114 0
242 5 4352 0
243 5 4860 0
244 4 303 0
245 10 4688 0
246 3 642 0
247 8 416 0
248 5 2380 0
249 3 1142 0
250 7 2720 0
251 5 3957 0
252 2 4449 0
253 7 1638 0
254 6 4914 0
255 4 4170 0
256 3 3640 0
257 6 4016 0
258 5 3751 0
259 4 817 0
260 7 412 0
261 4 631 0
262 5 3744 0
263 7 2360 0
264 6 978 0
265 6 4351 0
266 10 4175 0
267 8 4865 0
268 6 3762 0
269 5 4227 0
270 4 3851 0
271 5 4627 0
272 7 4046 0
273 3 847 0
274 4 4362 0
275 5 3346 0
276 3 3331 0
277 6 3508 0
278 4 4945 0
279 7 4232 0
280 8 335 0
281 4 2560 0
282 6 3177 0
283 6 2268 0
284 7 1052 0
285 6 3567 0
286 3 1126 0
287 6 2963 0
288 3 1067 0
289 4 2599 0
290 4 987 0
291 8 4122 0
292 8 1124 0
293 8 3619 0
294 5 4956 0
295 6 340 0
296 7 2163 0
297 5 1464 0
298 4 1424 0
299 7 1672 0
300 4 4110 0
301 4 4717 0
302 6 2984 0
303 8 4222 0
304 4 1166 0
305 5 3392 0
306 4 4187 0
307 5 610 0
308 6 833 0
309 6 2753 0
310 3 2803 0
311 4 446 0
312 5 3706 0
313 5 3735 0
314 2 4407 0
315 5 3079 0
316 6 735 0
317 9 4238 0
318 7 4837 0
319 5 2521 0
320 5 2021 0
321 4 1986 0
322 10 1319 0
323 4 746 0
324 5 1112 0
325 4 4644 0
326 8 1219 0
327 9 1196 0
328 4 3399 0
329 10 2915 0
330 3 1482 0
331 8 361 0
332 6 2554 0
333 7 4601 0
334 5 2809 0
335 2 3039 0
336 2 3648 0
337 3 1216 0
338 6 2210 0
339 6 2327 0
340 2 2826 0
341 3 1489 0
342 2 4450 0
343 3 168 0
344 4 495 0
345 7 2353 0
346 10 2904 0
347 5 4521 0
348 4 3984 0
349 5 3895 0
350 3 4629 0
351 4 1415 0
352 2 2310 0
353 4 1856 0
354 6 229 0
355 5 1696 0
356 5 3343 0
357 3 904 0
358 5 3216 0
359 9 3376 0
360 7 3287 0
361 2 4377 0
362 6 1641 0
363 5 4936 0
364 2 3419 0
365 7 1450 0
366 5 2737 0
367 5 4078 0
368 3 1130 0
369 6 3843 0
370 8 4632 0
371 5 468 0
372 5 2861 0
373 2 4906 0
374 7 3118 0
375 5 4799 0
376 2 1672 0
377 8 166 0
378 4 3526 0
379 6 4910 0
380 4 3846 0
381 3 2888 0
382 5 271 0
383 3 3008 0
384 5 2947 0
385 7 3717 0
386 4 3322 0
387 6 3209 0
388 7 3431 0
389 3 4402 0
390 8 4627 0
391 2 3474 0
392 5 4326 0
393 10 3652 0
394 5 2171 0
395 4 2059 0
396 8 3518 0
397 8 2844 0
398 4 3234 0
399 9 2411 0
400 6 3106 0
401 3 3099 0
402 9 4940 0
403 8 4298 0
404 6 472 0
405 8 4434 0
406 6 4130 0
407 7 106 0
408 5 2420 0
409 4 301 0
410 6 4805 0
411 6 2852 0
412 4 697 0
413 4 3404 0
414 4 852 0
415 7 3373 0
416 6 4407 0
417 7 1902 0
418 7 3898 0
419 7 1181 0
420 7 449 0
421 7 3179 0
422 3 4216 0
423 6 3417 0
424 6 1249 0
425 4 350 0
426 5 3128 0
427 4 4498 0
428 2 3966 0
429 6 3456 0
430 4 2361 0
431 4 1837 0
432 5 4300 0
433 8 1670 0
434 9 4653 0
435 7 1642 0
436 2 1688 0
437 1 4498 0
438 3 3836 0
439 8 826 0
440 7 1224 0
441 4 2399 0
442 3 3245 0
443 8 1814 0
444 4 1511 0
445 5 3945 0
446 7 3550 0
447 8 2086 0
448 6 3443 0
449 6 3668 0
450 6 1402 0
451 9 4269 0
452 5 4193 0
453 5 4916 0
454 3 4969 0
455 3 3771 0
456 10 2797 0
457 8 3037 0
458 4 409 0
459 3 4187 0
460 5 1098 0
461 2 2080 0
462 2 1244 0
463 5 831 0
464 6 4253 0
465 5 3933 0
466 7 405 0
467 4 1569 0
468 5 3321 0
469 6 4507 0
470 4 696 0
471 5 2136 0
472 8 4481 0
473 5 2114 0
474 6 958 0
475 4 3741 0
476 7 2242 0
477 1 1850 0
478 3 1625 0
479 6 1528 0
480 7 487 0
481 3 1605 0
482 5 4726 0
483 7 2281 0
484 9 1361 0
485 2 3284 0
486 5 3992 0
487 7 926 0
488 4 492 0
489 7 3205 0
490 9 1934 0
491 6 24 0
492 9 680 0
493 5 3443 0
494 6 4142 0
495 9 4322 0
496 6 3786 0
497 5 3455 0
498 2 4202 0
499 4 4515 0
500 5 4381 0
501 3 2929 0
502 8 3918 0
503 8 1915 0
504 5 2502 0
505 6 1228 0
506 4 231 0
507 5 2291 0
508 7 937 0
509 9 877 0
510 8 2133 0
511 8 4926 0
512 1 3055 0
513 5 4065 0
514 3 960 0
515 4 4113 0
516 9 4585 0
517 6 739 0
518 6 1073 0
519 3 1183 0
520 7 1407 0
521 8 4432 0
522 10 4841 0
523 2 57 0
524 4 4837 0
525 6 3085 0
526 1 991 0
527 8 321 0
528 10 269 0
529 6 1400 0
530 4 4422 0
531 5 2454 0
532 5 1968 0
533 8 3184 0
534 6 4554 0
535 4 1092 0
536 3 4394 0
537 5 161 0
538 5 2098 0
539 9 988 0
540 3 3410 0
541 7 987 0
542 5 2099 0
543 4 2927 0
544 5 4091 0
545 3 1132 0
546 9 1512 0
547 8 4132 0
548 5 4379 0
549 8 1195 0
550 8 3140 0
551 7 2591 0
552 7 2357 0
553 9 3022 0
554 9 3110 0
555 4 3985 0
556 5 2966 0
557 2 4704 0
558 6 4944 0
559 7 2457 0
560 3 2081 0
561 4 882 0
562 5 427 0
563 4 826 0
564 4 2725 0
565 8 4729 0
566 6 4890 0
567 6 3515 0
568 3 2087 0
569 6 2695 0
570 7 1713 0
571 1 2131 0
572 3 2294 0
573 5 3199 0
574 6 2355 0
575 4 3378 0
576 5 1006 0
577 9 595 0
578 7 3815 0
579 1 1128 0
580 4 1018 0
581 6 199 0
582 6 2981 0
583 3 2453 0
584 6 2260 0
585 8 285 0
586 9 1514 0
587 9 1543 0
588 3 1030 0
589 8 1822 0
590 10 464 0
591 9 2657 0
592 6 4683 0
593 7 2856 0
594 4 1758 0
595 4 1602 0
596 3 2628 0
597 4 4282 0
598 7 925 0
599 3 3613 0
600 9 2998 0
601 8 47 0
602 6 1513 0
603 6 390 0
604 6 303 0
605 8 1136 0
606 4 1374 0
607 1 2895 0
608 6 3621 0
609 4 129 0
610 9 4276 0
611 3 478 0
612 7 1844 0
613 1 3720 0
614 5 4410 0
615 5 4749 0
616 6 2996 0
617 5 1390 0
618 9 2638 0
619 7 1098 0
620 5 205 0
621 6 3034 0
622 7 2185 0
623 4 2402 0
624 7 1701 0
625 9 1991 0
626 8 4343 0
627 6 931 0
628 5 3550 0
629 1 4955 0
630 6 4448 0
631 5 1353 0
632 4 1143 0
633 3 627 0
634 6 3861 0
635 8 1599 0
636 4 3777 0
637 4 3741 0
638 5 1232 0
639 1 3443 0
640 8 3587 0
641 9 1181 0
642 4 1235 0
643 3 2325 0
644 7 3250 0
645 6 293 0
646 4 3264 0
647 6 3562 0
648 4 4000 0
649 5 828 0
650 5 2297 0
651 7 2096 0
652 7 2158 0
653 5 1986 0
654 4 411 0
655 4 4964 0
656 8 3298 0
657 6 4169 0
658 8 295 0
659 7 2068 0
660 7 1503 0
661 6 3922 0
662 8 2001 0
663 8 998 0
664 6 3730 0
665 7 930 0
666 8 3958 0
667 7 2603 0
668 4 4008 0
669 4 4244 0
670 7 3527 0
671 7 2573 0
672 5 3699 0
673 6 1071 0
674 6 2558 0
675 10 4942 0
676 4 2642 0
677 7 3058 0
678 5 4238 0
679 5 4975 0
680 7 2975 0
681 4 3386 0
682 5 3190 0
683 10 3028 0
684 5 2068 0
685 5 4370 0
686 6 3134 0
687 7 2422 0
688 4 4192 0
689 5 4631 0
690 6 3345 0
691 8 4902 0
692 7 3142 0
693 8 279 0
694 6 2298 0
695 9 4038 0
696 7 1104 0
697 5 1706 0
698 6 3240 0
699 3 1456 0
700 3 2138 0
701 2 303 0
702 6 3755 0
703 6 3544 0
704 3 4591 0
705 4 306 0
706 3 4859 0
707 7 3123 0
708 5 624 0
709 5 4091 0
710 5 1597 0
711 4 2689 0
712 5 2434 0
713 4 1006 0
714 8 4851 0
715 4 3263 0
716 5 4248 0
717 0 617 0
718 7 1489 0
719 5 3628 0
720 8 2207 0
721 8 2712 0
722 5 2728 0
723 5 2150 0
724 9 3725 0
725 3 3386 0
726 8 512 0
727 5 153 0
728 8 3288 0
729 6 3483 0
730 6 947 0
731 9 4004 0
732 7 2814 0
733 4 2882 0
734 7 644 0
735 7 4492 0
736 6 428 0
737 9 2751 0
738 5 3402 0
739 5 2988 0
740 7 249 0
741 9 3495 0
742 8 1759 0
743 6 3960 0
744 6 839 0
745 9 2282 0
746 7 17 0
747 8 1506 0
748 7 3280 0
749 5 1883 0
750 4 4794 0
751 3 2663 0
752 5 3582 0
753 6 2242 0
754 2 66 0
755 6 4495 0
756 4 4428 0
757 3 284 0
758 3 701 0
759 5 2646 0
760 9 512 0
761 5 2067 0
762 8 4326 0
763 4 4991 0
764 7 538 0
765 6 660 0
766 8 275 0
767 5 752 0
768 9 4454 0
769 6 4389 0
770 7 1541 0
771 3 4876 0
772 6 2594 0
773 5 4118 0
774 6 3409 0
775 5 1913 0
776 7 2722 0
777 4 2486 0
778 7 4083 0
779 6 4564 0
780 4 1118 0
781 6 4436 0
782 5 4402 0
783 5 709 0
784 4 1808 0
785 6 4961 0
786 5 213 0
787 3 393 0
788 6 2657 0
789 8 257 0
790 6 7 0
791 6 1464 0
792 9 2831 0
793 7 2273 0
794 3 990 0
795 5 3928 0
796 6 2220 0
797 7 2833 0
798 10 3649 0
799 9 1131 0
800 7 395 0
801 5 1697 0
802 5 4215 0
803 6 1713 0
804 6 2613 0
805 6 1486 0
806 1 4995 0
807 4 1798 0
808 8 2448 0
809 1 4969 0
810 6 3025 0
811 5 4901 0
812 3 578 0
813 2 421 0
814 5 3902 0
815 7 445 0
816 5 4760 0
817 5 441 0
818 8 2803 0
819 5 1820 0
820 5 4096 0
821 1 3587 0
822 6 2082 0
823 4 3831 0
824 6 3085 0
825 5 813 0
826 6 698 0
827 8 4610 0
828 3 4405 0
829 6 2819 0
830 6 1050 0
831 5 724 0
832 7 3397 0
833 6 3290 0
834 7 4101 0
835 7 1779 0
836 9 692 0
837 3 487 0
838 5 4297 0
839 4 2018 0
840 5 3687 0
841 8 3953 0
842 8 2347 0
843 6 2300 0
844 6 4484 0
845 4 1305 0
846 6 62 0
847 6 4628 0
848 3 760 0
849 4 1719 0
850 4 1696 0
851 8 807 0
852 7 1846 0
853 4 4354 0
854 1 4626 0
855 6 4514 0
856 6 2234 0
857 7 1902 0
858 7 1007 0
859 7 3253 0
860 7 1418 0
861 3 4203 0
862 5 4928 0
863 4 2434 0
864 6 3466 0
865 10 2120 0
866 5 934 0
867 7 692 0
868 8 3965 0
869 6 4803 0
870 5 3952 0
871 6 3727 0
872 4 3683 0
873 3 1532 0
874 2 65 0
875 1 2461 0
876 6 515 0
877 5 562 0
878 9 1592 0
879 8 4223 0
880 5 3986 0
881 7 878 0
882 9 1921 0
883 2 3337 0
884 5 2848 0
885 3 3588 0
886 8 4999 0
887 8 804 0
888 8 3274 0
889 10 1229 0
890 5 3455 0
891 4 1038 0
892 6 1381 0
893 9 3749 0
894 3 4476 0
895 3 3918 0
896 9 470 0
897 7 1244 0
898 5 764 0
899 6 1014 0
900 5 4465 0
901 6 3110 0
902 4 3202 0
903 5 2760 0
904 5 1672 0
905 6 4405 0
906 3 2319 0
907 4 3642 0
908 1 4842 0
909 8 711 0
910 9 1249 0
911 2 3182 0
912 2 290 0
913 8 4586 0
914 5 663 0
915 4 3295 0
916 5 2531 0
917 4 4970 0
918 8 3439 0
919 7 3188 0
920 5 3659 0
921 9 2035 0
922 8 3853 0
923 4 780 0
924 8 3835 0
925 4 2336 0
926 4 3712 0
927 4 2694 0
928 8 4252 0
929 3 2260 0
930 10 4769 0
931 8 284 0
932 3 650 0
933 6 16 0
934 5 681 0
935 6 4177 0
936 7 3530 0
937 11 3325 0
938 6 4960 0
939 9 1964 0
940 6 2372 0
941 5 2360 0
942 6 1183 0
943 6 3979 0
944 5 1927 0
945 7 1906 0
946 4 1290 0
947 5 4778 0
948 10 2705 0
949 3 2970 0
950 8 169 0
951 5 186 0
952 5 2281 0
953 4 1036 0
954 6 230 0
955 5 4793 0
956 5 3457 0
957 5 1628 0
958 5 2863 0
959 1 4069 0
960 7 3009 0
961 7 3203 0
962 3 2733 0
963 4 829 0
964 4 3389 0
965 6 1032 0
966 3 3272 0
967 8 1204 0
968 6 3969 0
969 5 652 0
970 8 3907 0
971 5 2963 0
972 6 1342 0
973 7 48 0
974 2 197 0
975 3 1736 0
976 3 700 0
977 3 1241 0
978 7 3217 0
979 2 2464 0
980 4 1735 0
981 5 4339 0
982 5 3883 0
983 4 3698 0
984 6 4330 0
985 3 1621 0
986 5 4275 0
987 4 2877 0
988 7 3455 0
989 5 1847 0
990 10 2983 0
991 7 3307 0
992 2 4134 0
993 1 2551 0
994 5 1890 0
995 5 3032 0
996 11 2406 0
997 8 174 0
998 7 715 0
999 6 1656 0
1000 7 346 0
1001 7 376 0
1002 4 2404 0
1003 5 2975 0
1004 4 85 0
1005 7 2532 0
1006 2 127 0
1007 7 4502 0
1008 6 2496 0
1009 6 3912 0
1010 5 709 0
1011 6 3787 0
1012 8 3190 0
1013 5 3954 0
1014 6 4448 0
1015 8 1565 0
1016 7 1266 0
1017 8 1568 0
1018 5 4940 0
1019 7 3838 0
1020 5 2793 0
1021 7 1979 0
1022 4 4156 0
1023 3 2825 0
1024 6 1441 0
1025 8 3659 0
1026 7 3841 0
1027 4 890 0
1028 1 254 0
1029 4 4807 0
1030 7 2524 0
1031 3 3511 0
1032 5 2277 0
1033 5 1995 0
1034 8 1123 0
1035 5 1537 0
1036 8 4139 0
1037 4 561 0
1038 4 1468 0
1039 3 4369 0
1040 7 773 0
1041 5 3689 0
1042 4 3543 0
1043 6 2001 0
1044 6 1476 0
1045 3 4316 0
1046 6 3736 0
1047 1 1019 0
1048 6 2404 0
1049 4 2958 0
1050 6 1436 0
1051 3 404 0
1052 6 3576 0
1053 7 2119 0
1054 4 1085 0
1055 7 3277 0
1056 3 2163 0
1057 5 1747 0
1058 7 730 0
1059 4 3625 0
1060 5 1259 0
1061 3 2570 0
1062 8 2828 0
1063 4 3375 0
1064 5 4014 0
1065 9 507 0
1066 6 2681 0
1067 6 2817 0
1068 6 117 0
1069 6 1153 0
1070 7 1835 0
1071 3 3819 0
1072 8 4014 0
1073 8 4092 0
1074 5 10 0
1075 5 1428 0
1076 7 3743 0
1077 5 2801 0
1078 6 4449 0
1079 10 4059 0
1080 9 4917 0
1081 5 1273 0
1082 4 916 0
1083 7 1877 0
1084 3 541 0
1085 8 4181 0
1086 5 757 0
1087 5 2996 0
1088 3 4977 0
1089 3 987 0
1090 4 4317 0
1091 4 2455 0
1092 2 859 0
1093 4 3791 0
1094 5 1033 0
1095 6 2366 0
1096 2 181 0
1097 3 187 0
1098 6 4305 0
1099 3 4402 0
1100 8 3268 0
1101 4 3426 0
1102 9 1472 0
1103 6 3893 0
1104 3 3913 0
1105 4 475 0
1106 5 4850 0
1107 6 4316 0
1108 9 3750 0
1109 8 915 0
1110 7 2298 0
1111 7 2710 0
1112 6 2203 0
1113 7 2169 0
1114 7 1852 0
1115 10 488 0
1116 3 779 0
1117 8 1244 0
1118 6 3624 0
1119 5 941 0
1120 6 3378 0
1121 7 4574 0
1122 6 1577 0
1123 5 1552 0
1124 9 1135 0
1125 4 2686 0
1126 10 805 0
1127 6 1615 0
1128 8 2619 0
1129 6 1533 0
1130 6 655 0
1131 3 3795 0
1132 10 4476 0
1133 7 4831 0
1134 4 2451 0
1135 8 3670 0
1136 6 3774 0
1137 4 4844 0
1138 8 4287 0
1139 5 1104 0
1140 7 1280 0
1141 5 2904 0
1142 7 1077 0
1143 6 4944 0
1144 5 2762 0
1145 4 2017 0
1146 5 4764 0
1147 2 374 0
1148 10 3910 0
1149 8 4394 0
1150 3 1588 0
1151 9 1460 0
1152 7 1197 0
1153 2 3319 0
1154 3 2053 0
1155 9 4592 0
1156 4 4366 0
1157 6 1901 0
1158 4 1127 0
1159 7 1421 0
1160 4 1862 0
1161 5 3889 0
1162 13 2722 0
1163 7 232 0
1164 1 4552 0
1165 7 2646 0
1166 6 2401 0
1167 8 2677 0
1168 8 2622 0
1169 7 2882 0
1170 6 2545 0
1171 5 3663 0
1172 6 3381 0
1173 6 2828 0
1174 8 1646 0
1175 4 3028 0
1176 8 4800 0
1177 4 292 0
1178 3 2494 0
1179 5 1210 0
1180 8 2490 0
1181 6 988 0
1182 2 446 0
1183 2 447 0
1184 5 3599 0
1185 9 3956 0
1186 6 4285 0
1187 4 1333 0
1188 4 990 0
1189 10 205 0
1190 6 3894 0
1191 8 3768 0
1192 6 1361 0
1193 4 4433 0
1194 3 3250 0
1195 7 2832 0
1196 1 2573 0
1197 9 4673 0
1198 4 2540 0
1199 6 831 0
1200 7 892 0
1201 6 4681 0
1202 5 4568 0
1203 3 77 0
1204 5 2405 0
1205 7 228 0
1206 3 1598 0
1207 8 3506 0
1208 6 2078 0
1209 2 4259 0
1210 7 3656 0
1211 5 2306 0
1212 3 1021 0
1213 5 2611 0
1214 5 133 0
1215 8 2374 0
1216 8 4796 0
1217 3 1222 0
1218 8 182 0
1219 5 252 0
1220 6 4012 0
1221 6 2966 0
1222 6 3116 0
1223 7 1317 0
1224 5 3005 0
1225 4 1933 0
1226 6 773 0
1227 6 446 0
1228 5 2376 0
1229 6 4644 0
1230 4 934 0
1231 8 2546 0
1232 5 4663 0
1233 4 3687 0
1234 7 4830 0
1235 5 457 0
1236 5 208 0
1237 6 1472 0
1238 2 582 0
1239 6 4960 0
1240 5 1027 0
1241 6 1958 0
1242 5 1671 0
1243 6 1081 0
1244 7 4475 0
1245 6 2211 0
1246 4 3922 0
1247 5 4188 0
1248 8 2363 0
1249 6 3723 0
1250 8 1519 0
1251 3 3700 0
1252 4 1951 0
1253 6 1960 0
1254 7 3399 0
1255 7 918 0
1256 6 2184 0
1257 4 3395 0
1258 2 4606 0
1259 6 3176 0
1260 2 4317 0
1261 5 286 0
1262 7 1048 0
1263 8 4212 0
1264 4 2627 0
1265 2 89 0
1266 3 3062 0
1267 4 2137 0
1268 4 1017 0
1269 8 4444 0
1270 6 2235 0
1271 9 2779 0
1272 6 24 0
1273 7 1255 0
1274 3 4576 0
1275 5 3854 0
1276 1 969 0
1277 4 4687 0
1278 7 1961 0
1279 7 3523 0
1280 8 2241 0
1281 4 2476 0
1282 7 532 0
1283 2 4494 0
1284 6 3233 0
1285 9 1634 0
1286 4 3997 0
1287 7 4170 0
1288 5 915 0
1289 4 403 0
1290 3 331 0
1291 7 1359 0
1292 3 565 0
1293 4 1205 0
1294 3 4295 0
1295 5 3827 0
1296 3 2227 0
1297 2 3583 0
1298 5 4198 0
1299 8 2905 0
1300 8 1927 0
1301 5 1979 0
1302 6 1639 0
1303 0 4901 0
1304 7 2210 0
1305 3 290 0
1306 6 3162 0
1307 3 2765 0
1308 5 4964 0
1309 4 4145 0
1310 4 4086 0
1311 6 1511 0
1312 6 3389 0
1313 4 429 0
1314 8 1115 0
1315 6 4611 0
1316 5 1573 0
1317 5 3663 0
1318 4 3330 0
1319 6 3815 0
1320 9 1053 0
1321 4 1368 0
1322 8 1183 0
1323 4 4700 0
1324 4 1535 0
1325 8 1962 0
1326 5 3850 0
1327 6 2271 0
1328 5 4333 0
1329 6 2719 0
1330 8 2462 0
1331 7 225 0
1332 5 880 0
1333 8 1311 0
1334 6 4169 0
1335 7 3211 0
1336 5 4701 0
1337 6 4466 0
1338 2 650 0
1339 5 604 0
1340 8 282 0
1341 9 1689 0
1342 4 69 0
1343 7 3908 0
1344 6 1846 0
1345 7 4870 0
1346 6 1096 0
1347 6 2257 0
1348 5 1661 0
1349 6 142 0
1350 6 4690 0
1351 6 2778 0
1352 6 3487 0
1353 3 3192 0
1354 8 3067 0
1355 8 2544 0
1356 8 4629 0
1357 9 2717 0
1358 6 664 0
1359 3 996 0
1360 7 3471 0
1361 8 2252 0
1362 7 393 0
1363 6 4245 0
1364 7 1699 0
1365 4 1390 0
1366 9 4218 0
1367 5 2617 0
1368 8 3602 0
1369 5 3718 0
1370 6 2777 0
1371 9 4094 0
1372 6 2336 0
1373 6 2473 0
1374 1 3246 0
1375 4 655 0
1376 7 1316 0
1377 5 3085 0
1378 4 2604 0
1379 3 1982 0
1380 5 723 0
1381 7 3957 0
1382 4 3787 0
1383 6 3246 0
1384 0 4282 0
1385 3 2834 0
1386 7 3850 0
1387 3 2908 0
1388 6 76 0
1389 6 4751 0
1390 5 2759 0
1391 4 1660 0
1392 5 2104 0
1393 6 397 0
1394 6 4559 0
1395 6 2852 0
1396 8 2297 0
1397 6 142 0
1398 5 3747 0
1399 4 1112 0
1400 6 3204 0
1401 4 3607 0
1402 7 1170 0
1403 5 4475 0
1404 5 4558 0
1405 3 4621 0
1406 3 2025 0
1407 2 2991 0
1408 2 1363 0
1409 6 493 0
1410 4 3270 0
1411 5 4944 0
1412 7 4329 0
1413 4 4826 0
1414 4 2008 0
1415 5 4975 0
1416 6 4157 0
1417 2 1862 0
1418 5 4068 0
1419 6 1702 0
1420 5 4522 0
1421 3 4854 0
1422 5 4454 0
1423 7 4404 0
1424 6 1408 0
1425 4 2898 0
1426 8 2457 0
1427 7 2451 0
1428 5 136 0
1429 4 2458 0
1430 4 941 0
1431 10 427 0
1432 5 2119 0
1433 2 712 0
1434 7 1337 0
1435 7 1614 0
1436 7 4373 0
1437 3 2784 0
1438 6 1136 0
1439 2 4006 0
1440 4 1543 0
1441 7 274 0
1442 4 3969 0
1443 8 65 0
1444 6 2111 0
1445 6 1 0
1446 9 1594 0
1447 6 1405 0
1448 1 307 0
1449 5 337 0
1450 12 519 0
1451 2 4319 0
1452 5 1634 0
1453 6 1956 0
1454 5 707 0
1455 6 2824 0
1456 5 4047 0
1457 2 686 0
1458 9 3108 0
1459 2 44 0
1460 7 4641 0
1461 9 1801 0
1462 2 1357 0
1463 6 3124 0
1464 5 2275 0
1465 6 420 0
1466 1 3248 0
1467 10 3099 0
1468 7 3734 0
1469 5 4937 0
1470 3 3158 0
1471 6 1579 0
1472 7 2352 0
1473 4 573 0
1474 2 3990 0
1475 6 2153 0
1476 5 4376 0
1477 4 3431 0
1478 7 2417 0
1479 3 2091 0
1480 8 1220 0
1481 6 2982 0
1482 6 2164 0
1483 5 3877 0
1484 6 2848 0
1485 9 3974 0
1486 6 4378 0
1487 7 1081 0
1488 8 441 0
1489 1 3044 0
1490 10 2167 0
1491 3 4073 0
1492 4 3402 0
1493 8 3690 0
1494 7 706 0
1495 7 2719 0
1496 4 5 0
1497 4 4980 0
1498 7 3972 0
1499 7 4700 0
1500 3 1155 0
1501 6 2858 0
1502 8 891 0
1503 6 462 0
1504 6 12 0
1505 3 4270 0
1506 1 4909 0
1507 3 3181 0
1508 6 938 0
1509 2 2644 0
1510 1 2037 0
1511 6 229 0
1512 10 4490 0
1513 8 3633 0
1514 4 2280 0
1515 8 2154 0
1516 5 4559 0
1517 3 4885 0
1518 5 172 0
1519 4 1797 0
1520 4 3366 0
1521 5 3864 0
1522 5 875 0
1523 3 1574 0
1524 7 2596 0
1525 2 3916 0
1526 5 4889 0
1527 4 3969 0
1528 6 4050 0
1529 5 3771 0
1530 2 3677 0
1531 8 4379 0
1532 6 3813 0
1533 8 2314 0
1534 6 2307 0
1535 4 1803 0
1536 3 3572 0
1537 6 1545 0
1538 4 2925 0
1539 10 4326 0
1540 6 3245 0
1541 5 3579 0
1542 7 1394 0
1543 3 540 0
1544 4 3567 0
1545 2 3378 0
1546 4 3138 0
1547 3 4416 0
1548 6 857 0
1549 3 1134 0
1550 5 4526 0
1551 8 2119 0
1552 8 2338 0
1553 3 583 0
1554 5 1055 0
1555 6 715 0
1556 5 2511 0
1557 2 617 0
1558 6 1922 0
1559 7 515 0
1560 3 822 0
1561 6 775 0
1562 5 3837 0
1563 5 2313 0
1564 6 2576 0
1565 2 4731 0
1566 4 3495 0
1567 5 1535 0
1568 10 2028 0
1569 6 3028 0
1570 4 1112 0
1571 4 4749 0
1572 5 60 0
1573 4 680 0
1574 7 1044 0
1575 4 3955 0
1576 4 2284 0
1577 5 201 0
1578 4 2962 0
1579 5 4446 0
1580 5 1663 0
1581 5 162 0
1582 7 2420 0
1583 6 1888 0
1584 7 3099 0
1585 1 4026 0
1586 11 2407 0
1587 4 857 0
1588 5 4544 0
1589 1 3973 0
1590 2 2094 0
1591 6 3971 0
1592 6 2217 0
1593 5 1259 0
1594 5 4480 0
1595 5 1358 0
1596 9 332 0
1597 8 1876 0
1598 6 3450 0
1599 4 92 0
1600 6 2237 0
1601 5 3841 0
1602 9 2744 0
1603 6 1612 0
1604 6 2447 0
1605 4 3473 0
1606 3 3404 0
1607 5 3270 0
1608 4 2895 0
1609 6 3407 0
1610 5 3260 0
1611 6 2815 0
1612 3 3714 0
1613 7 3831 0
1614 3 3470 0
1615 5 4399 0
1616 7 4256 0
1617 6 3896 0
1618 4 2420 0
1619 5 3098 0
1620 3 1560 0
1621 6 659 0
1622 5 4744 0
1623 5 2829 0
1624 2 1900 0
1625 6 3671 0
1626 7 4138 0
1627 5 4766 0
1628 3 4155 0
1629 4 2509 0
1630 3 4252 0
1631 6 3652 0
1632 9 2413 0
1633 7 640 0
1634 4 1248 0
1635 6 3270 0
1636 5 4893 0
1637 3 4030 0
1638 3 3209 0
1639 4 3027 0
1640 7 2297 0
1641 5 779 0
1642 8 3946 0
1643 3 1987 0
1644 8 2347 0
1645 4 3943 0
1646 7 1691 0
1647 7 3491 0
1648 5 2113 0
1649 3 4239 0
1650 6 728 0
1651 5 269 0
1652 4 3942 0
1653 4 1904 0
1654 3 3788 0
1655 5 878 0
1656 6 4083 0
1657 4 2402 0
1658 7 3574 0
1659 7 4086 0
1660 3 700 0
1661 3 3008 0
1662 5 2305 0
1663 6 2323 0
1664 7 1489 0
1665 5 3421 0
1666 6 2401 0
1667 4 512 0
1668 6 1954 0
1669 8 562 0
1670 7 3572 0
1671 5 2148 0
1672 8 2626 0
1673 5 1244 0
1674 5 3360 0
1675 3 3227 0
1676 6 1546 0
1677 2 183 0
1678 4 203 0
1679 7 1241 0
1680 5 1338 0
1681 6 2688 0
1682 6 890 0
1683 9 3497 0
1684 3 4766 0
1685 6 1459 0
1686 6 4860 0
1687 6 294 0
1688 2 442 0
1689 4 2578 0
1690 6 953 0
1691 5 3965 0
1692 6 3425 0
1693 6 913 0
1694 3 1732 0
1695 4 4559 0
1696 4 1162 0
1697 9 2278 0
1698 6 664 0
1699 10 3056 0
1700 6 1515 0
1701 4 2766 0
1702 3 1263 0
1703 4 344 0
1704 3 1843 0
1705 4 1887 0
1706 9 4104 0
1707 7 745 0
1708 5 1366 0
1709 5 2528 0
1710 9 2539 0
1711 6 4998 0
1712 3 1890 0
1713 3 2896 0
1714 7 2190 0
1715 7 4434 0
1716 4 2221 0
1717 6 205 0
1718 5 1149 0
1719 8 1476 0
1720 5 1984 0
1721 7 4128 0
1722 6 162 0
1723 3 3573 0
1724 5 3224 0
1725 4 4072 0
1726 4 1520 0
1727 6 1905 0
1728 5 200 0
1729 1 717 0
1730 5 4612 0
1731 5 176 0
1732 4 3104 0
1733 4 1332 0
1734 4 4572 0
1735 7 833 0
1736 4 3233 0
1737 8 1833 0
1738 7 2804 0
1739 3 1337 0
1740 7 4044 0
1741 5 4091 0
1742 5 4089 0
1743 5 3169 0
1744 7 431 0
1745 6 2396 0
1746 7 600 0
1747 8 3198 0
1748 5 737 0
1749 3 1315 0
1750 9 4280 0
1751 6 4903 0
1752 7 1427 0
1753 5 4127 0
1754 5 3912 0
1755 9 3472 0
1756 8 4878 0
1757 3 3669 0
1758 7 76 0
1759 8 3270 0
1760 4 3113 0
1761 5 1857 0
1762 8 2817 0
1763 2 3046 0
1764 2 694 0
1765 8 3242 0
1766 5 3531 0
1767 5 666 0
1768 6 1708 0
1769 7 4108 0
1770 6 863 0
1771 4 2816 0
1772 4 2586 0
1773 4 1790 0
1774 3 459 0
1775 4 987 0
1776 5 2427 0
1777 6 4283 0
1778 0 3162 0
1779 6 1662 0
1780 5 4915 0
1781 7 2981 0
1782 4 4105 0
1783 7 3495 0
1784 5 3573 0
1785 7 2665 0
1786 7 640 0
1787 9 3161 0
1788 8 4754 0
1789 5 362 0
1790 8 3584 0
1791 4 1584 0
1792 8 1296 0
1793 7 3218 0
1794 6 2741 0
1795 6 1114 0
1796 8 2546 0
1797 7 781 0
1798 4 2568 0
1799 8 144 0
1800 5 954 0
1801 7 2645 0
1802 6 1595 0
1803 9 3077 0
1804 5 159 0
1805 2 219 0
1806 10 3630 0
1807 5 361 0
1808 5 3450 0
1809 4 2619 0
1810 3 3411 0
1811 9 1579 0
1812 5 3380 0
1813 8 1086 0
1814 6 4841 0
1815 2 3412 0
1816 7 3256 0
1817 5 1298 0
1818 4 1797 0
1819 4 3391 0
1820 6 2161 0
1821 7 4011 0
1822 12 3117 0
1823 6 1071 0
1824 7 2444 0
1825 6 727 0
1826 8 2379 0
1827 5 1304 0
1828 4 1944 0
1829 6 2595 0
1830 7 1431 0
1831 2 3071 0
1832 4 4203 0
1833 4 247 0
1834 8 3640 0
1835 5 1021 0
1836 8 831 0
1837 6 524 0
1838 7 4962 0
1839 9 395 0
1840 6 4397 0
1841 7 2159 0
1842 6 3724 0
1843 5 1817 0
1844 7 2318 0
1845 6 2218 0
1846 9 291 0
1847 7 709 0
1848 4 181 0
1849 2 1014 0
1850 6 4848 0
1851 6 3329 0
1852 3 338 0
1853 8 1538 0
1854 3 1474 0
1855 6 3852 0
1856 0 4206 0
1857 0 425 0
1858 4 3089 0
1859 8 482 0
1860 5 1352 0
1861 5 3149 0
1862 5 3266 0
1863 7 687 0
1864 8 4031 0
1865 7 3745 0
1866 6 3686 0
1867 5 2565 0
1868 7 3497 0
1869 5 4874 0
1870 7 4087 0
1871 2 1463 0
1872 4 315 0
1873 6 4491 0
1874 7 1300 0
1875 6 1660 0
1876 5 2569 0
1877 4 2068 0
1878 7 2451 0
1879 5 142 0
1880 8 520 0
1881 8 189 0
1882 3 1261 0
1883 2 3541 0
1884 6 1359 0
1885 3 2797 0
1886 3 3872 0
1887 7 3972 0
1888 6 1221 0
1889 4 882 0
1890 4 3758 0
1891 4 4984 0
1892 8 4787 0
1893 6 2900 0
1894 6 688 0
1895 3 3768 0
1896 5 2516 0
1897 7 3540 0
1898 6 3494 0
1899 4 2933 0
1900 8 877 0
1901 4 4803 0
1902 7 2125 0
1903 7 4812 0
1904 10 4412 0
1905 1 3459 0
1906 4 3146 0
1907 6 1262 0
1908 7 1202 0
1909 7 3485 0
1910 9 3335 0
1911 8 4176 0
1912 7 2467 0
1913 1 4604 0
1914 6 1744 0
1915 5 4356 0
1916 7 2667 0
1917 4 1025 0
1918 5 4085 0
1919 5 2109 0
1920 2 205 0
1921 8 4661 0
1922 7 881 0
1923 8 2963 0
1924 6 4401 0
1925 9 4609 0
1926 3 4839 0
1927 6 777 0
1928 5 3549 0
1929 6 3481 0
1930 9 2868 0
1931 3 1047 0
1932 7 1067 0
1933 6 2709 0
1934 6 1782 0
1935 4 325 0
1936 5 1851 0
1937 6 2331 0
1938 4 3559 0
1939 7 1028 0
1940 9 1727 0
1941 5 2247 0
1942 5 4661 0
1943 7 1843 0
1944 4 3764 0
1945 6 1746 0
1946 5 4032 0
1947 7 4488 0
1948 6 4033 0
1949 4 1153 0
1950 2 3447 0
1951 4 4399 0
1952 3 2507 0
1953 3 4986 0
1954 6 3560 0
1955 7 4114 0
1956 5 809 0
1957 9 3599 0
1958 4 3381 0
1959 4 3698 0
1960 6 363 0
1961 4 4266 0
1962 6 3346 0
1963 8 563 0
1964 7 4275 0
1965 5 564 0
1966 4 2910 0
1967 7 2393 0
1968 5 3070 0
1969 1 3147 0
1970 8 2849 0
1971 3 3141 0
1972 2 3564 0
1973 6 1767 0
1974 5 3330 0
1975 7 2477 0
1976 3 3394 0
1977 9 1836 0
1978 8 3984 0
1979 3 2952 0
1980 5 377 0
1981 5 4777 0
1982 5 4899 0
1983 4 2866 0
1984 6 1031 0
1985 9 4595 0
1986 7 2513 0
1987 5 244 0
1988 6 486 0
1989 4 3593 0
1990 9 3984 0
1991 8 187 0
1992 3 2075 0
1993 6 4862 0
1994 4 2679 0
1995 6 4691 0
1996 7 158 0
1997 8 1657 0
1998 5 1526 0
1999 3 4225 0
2000 5 3848 0
2001 3 1287 0
2002 3 3229 0
2003 5 1104 0
2004 5 1847 0
2005 7 103 0
2006 3 1811 0
2007 6 3296 0
2008 6 433 0
2009 2 674 0
2010 4 3258 0
2011 7 1773 0
2012 6 260 0
2013 5 2127 0
2014 6 1692 0
2015 5 4418 0
2016 4 2562 0
2017 8 3867 0
2018 5 3799 0
2019 4 3465 0
2020 4 1385 0
2021 5 1733 0
2022 4 568 0
2023 5 2811 0
2024 2 3090 0
2025 5 2710 0
2026 4 3462 0
2027 4 420 0
2028 8 1203 0
2029 3 3286 0
2030 7 1855 0
2031 2 1165 0
2032 6 657 0
2033 4 3384 0
2034 6 4885 0
2035 8 1551 0
2036 4 100 0
2037 6 543 0
2038 7 2967 0
2039 6 2991 0
2040 9 955 0
2041 5 1337 0
2042 7 1178 0
2043 5 3648 0
2044 8 3474 0
2045 5 4210 0
2046 8 397 0
2047 4 2680 0
2048 6 3133 0
2049 5 570 0
2050 3 728 0
2051 5 4914 0
2052 5 2293 0
2053 6 2397 0
2054 8 992 0
2055 5 1367 0
2056 6 4183 0
2057 7 3207 0
2058 6 4596 0
2059 7 1590 0
2060 7 3034 0
2061 6 4160 0
2062 6 3714 0
2063 8 4396 0
2064 2 1985 0
2065 4 2709 0
2066 10 3916 0
2067 6 902 0
2068 5 2279 0
2069 8 1978 0
2070 6 189 0
2071 5 1724 0
2072 4 138 0
2073 8 2836 0
2074 6 1304 0
2075 8 1804 0
2076 8 1931 0
2077 6 1544 0
2078 10 817 0
2079 5 3324 0
2080 6 4740 0
2081 4 2954 0
2082 1 4268 0
2083 8 1054 0
2084 4 1865 0
2085 5 2414 0
2086 2 3971 0
2087 9 4408 0
2088 6 596 0
2089 8 622 0
2090 5 322 0
2091 4 443 0
2092 7 4537 0
2093 5 1619 0
2094 12 3583 0
2095 3 815 0
2096 5 4413 0
2097 5 3631 0
2098 6 895 0
2099 5 1117 0
2100 9 1615 0
2101 5 1248 0
2102 8 2861 0
2103 5 2661 0
2104 1 3513 0
2105 5 4745 0
2106 5 1477 0
2107 5 479 0
2108 4 4569 0
2109 5 19 0
2110 5 1862 0
2111 5 3056 0
2112 6 2796 0
2113 8 587 0
2114 5 3327 0
2115 7 3230 0
2116 5 4324 0
2117 3 4197 0
2118 5 4537 0
2119 6 3679 0
2120 1 3389 0
2121 7 4369 0
2122 6 2095 0
2123 6 142 0
2124 7 1415 0
2125 5 1419 0
2126 6 2971 0
2127 5 2535 0
2128 3 243 0
2129 5 4256 0
2130 5 3084 0
2131 4 996 0
2132 5 3395 0
2133 2 1018 0
2134 6 161 0
2135 5 4933 0
2136 5 2167 0
2137 5 828 0
2138 6 3654 0
2139 5 394 0
2140 8 1856 0
2141 8 4968 0
2142 7 1724 0
2143 4 2260 0
2144 6 55 0
2145 8 3105 0
2146 3 1414 0
2147 7 1805 0
2148 9 1907 0
2149 7 612 0
2150 4 1371 0
2151 6 1967 0
2152 3 2352 0
2153 6 2237 0
2154 1 3673 0
2155 3 4986 0
2156 4 4803 0
2157 8 2542 0
2158 9 922 0
2159 6 4630 0
2160 6 1054 0
2161 7 2448 0
2162 4 2241 0
2163 4 631 0
2164 3 1955 0
2165 7 217 0
2166 5 1050 0
2167 5 4040 0
2168 6 3854 0
2169 5 1457 0
2170 6 1073 0
2171 3 4916 0
2172 1 4292 0
2173 3 4604 0
2174 3 3308 0
2175 2 672 0
2176 1 1321 0
2177 7 1646 0
2178 6 4183 0
2179 8 426 0
2180 5 3975 0
2181 3 927 0
2182 5 3586 0
2183 8 4003 0
2184 7 771 0
2185 6 3562 0
2186 7 3841 0
2187 3 1587 0
2188 5 3900 0
2189 5 2386 0
2190 6 231 0
2191 8 3147 0
2192 6 1134 0
2193 6 880 0
2194 6 4296 0
2195 7 2159 0
2196 2 2956 0
2197 9 963 0
2198 6 2617 0
2199 4 1411 0
2200 4 4976 0
2201 5 768 0
2202 6 4349 0
2203 5 2357 0
2204 6 12 0
2205 8 2717 0
2206 5 3855 0
2207 5 2975 0
2208 4 3017 0
2209 3 2908 0
2210 8 2021 0
2211 6 585 0
2212 3 3467 0
2213 5 270 0
2214 10 800 0
2215 5 3050 0
2216 7 4479 0
2217 4 375 0
2218 8 3799 0
2219 4 735 0
2220 7 3566 0
2221 6 2553 0
2222 6 1118 0
2223 8 3750 0
2224 9 330 0
2225 3 4016 0
2226 4 1988 0
2227 6 580 0
2228 4 4328 0
2229 3 3112 0
2230 4 1704 0
2231 5 71 0
2232 7 876 0
2233 5 53 0
2234 3 4285 0
2235 3 3738 0
2236 6 1679 0
2237 7 3993 0
2238 5 2808 0
2239 6 3407 0
2240 6 1182 0
2241 7 4521 0
2242 7 4417 0
2243 5 4082 0
2244 6 565 0
2245 2 943 0
2246 6 2825 0
2247 5 1975 0
2248 4 3298 0
2249 8 1585 0
2250 6 2512 0
2251 5 394 0
2252 5 79 0
2253 6 4013 0
2254 4 1293 0
2255 6 282 0
2256 7 133 0
2257 5 393 0
2258 5 922 0
2259 6 4565 0
2260 8 2239 0
2261 6 2126 0
2262 7 3503 0
2263 1 1935 0
2264 6 1604 0
2265 10 1721 0
2266 4 4838 0
2267 7 3650 0
2268 3 3757 0
2269 5 1991 0
2270 8 493 0
2271 7 3255 0
2272 5 2538 0
2273 7 2035 0
2274 4 2375 0
2275 4 3891 0
2276 7 2532 0
2277 8 1250 0
2278 5 2955 0
2279 5 3951 0
2280 3 4233 0
2281 6 899 0
2282 7 2402 0
2283 6 2646 0
2284 5 490 0
2285 5 1772 0
2286 11 2381 0
2287 4 1961 0
2288 6 1841 0
2289 6 2720 0
2290 5 3502 0
2291 4 1225 0
2292 3 4422 0
2293 7 3081 0
2294 5 193 0
2295 6 4620 0
2296 6 1344 0
2297 4 1416 0
2298 9 1658 0
2299 5 141 0
2300 7 3677 0
2301 6 2185 0
2302 9 1771 0
2303 5 685 0
2304 1 2750 0
2305 3 1080 0
2306 7 4665 0
2307 5 1052 0
2308 3 3266 0
2309 6 3772 0
2310 5 4117 0
2311 2 682 0
2312 7 3543 0
2313 5 3170 0
2314 8 3629 0
2315 2 3770 0
2316 5 327 0
2317 4 650 0
2318 8 3529 0
2319 6 3938 0
2320 6 1741 0
2321 6 3105 0
2322 3 3981 0
2323 7 4283 0
2324 10 2109 0
2325 2 386 0
2326 3 4355 0
2327 4 2387 0
2328 5 3227 0
2329 6 3119 0
2330 7 2416 0
2331 3 3248 0
2332 5 719 0
2333 8 3253 0
2334 4 2557 0
2335 4 4698 0
2336 7 3412 0
2337 6 1558 0
2338 6 4411 0
2339 8 2365 0
2340 6 1143 0
2341 3 4580 0
2342 3 4412 0
2343 5 1758 0
2344 5 2623 0
2345 2 2115 0
2346 6 3183 0
2347 8 4481 0
2348 6 3067 0
2349 4 1736 0
2350 6 329 0
2351 9 436 0
2352 7 707 0
2353 5 3122 0
2354 4 2305 0
2355 1 1230 0
2356 6 4840 0
2357 8 2358 0
2358 3 440 0
2359 7 3049 0
2360 9 3218 0
2361 6 28 0
2362 8 253 0
2363 7 4103 0
2364 7 1530 0
2365 9 1841 0
2366 5 491 0
2367 4 2535 0
2368 3 789 0
2369 5 329 0
2370 7 2497 0
2371 6 1654 0
2372 7 750 0
2373 5 2909 0
2374 3 362 0
2375 9 4414 0
2376 6 1956 0
2377 9 733 0
2378 8 29 0
2379 2 3495 0
2380 6 2041 0
2381 4 4015 0
2382 4 3871 0
2383 3 765 0
2384 3 1954 0
2385 5 13 0
2386 8 4747 0
2387 4 854 0
2388 4 2792 0
2389 5 2324 0
2390 7 993 0
2391 4 2324 0
2392 8 2518 0
2393 5 3034 0
2394 6 2425 0
2395 4 3768 0
2396 4 3528 0
2397 7 3208 0
2398 4 940 0
2399 7 166 0
2400 6 1424 0
2401 5 4006 0
2402 6 2428 0
2403 7 2128 0
2404 10 3241 0
2405 6 1404 0
2406 8 3179 0
2407 6 2232 0
2408 11 923 0
2409 5 3898 0
2410 6 193 0
2411 5 2650 0
2412 5 15 0
2413 2 706 0
2414 7 2591 0
2415 5 3541 0
2416 7 3896 0
2417 8 3017 0
2418 4 1563 0
2419 3 414 0
2420 7 655 0
2421 5 2596 0
2422 5 2977 0
2423 5 2351 0
2424 8 2559 0
2425 5 845 0
2426 11 3407 0
2427 5 2866 0
2428 4 1704 0
2429 4 4954 0
2430 9 1054 0
2431 2 413 0
2432 4 126 0
2433 2 3848 0
2434 6 498 0
2435 3 3671 0
2436 5 1142 0
2437 2 4897 0
2438 3 4681 0
2439 5 2917 0
2440 9 1129 0
2441 4 1283 0
2442 9 4187 0
2443 4 66 0
2444 6 2266 0
2445 6 4210 0
2446 5 4720 0
2447 4 289 0
2448 5 4871 0
2449 4 2799 0
2450 6 247 0
2451 7 3230 0
2452 8 2569 0
2453 7 2596 0
2454 6 3638 0
2455 5 3317 0
2456 0 2748 0
2457 6 3138 0
2458 5 4242 0
2459 7 941 0
2460 2 1087 0
2461 6 4429 0
2462 1 1475 0
2463 8 3833 0
2464 3 1796 0
2465 2 4904 0
2466 10 1894 0
2467 3 715 0
2468 7 3369 0
2469 4 531 0
2470 6 4077 0
2471 8 435 0
2472 3 3658 0
2473 3 2668 0
2474 3 3172 0
2475 6 1321 0
2476 13 514 0
2477 6 3591 0
2478 7 1195 0
2479 7 4326 0
2480 4 2788 0
2481 9 4170 0
2482 3 3593 0
2483 8 48 0
2484 9 4995 0
2485 3 3072 0
2486 5 2446 0
2487 7 1561 0
2488 4 2519 0
2489 6 4330 0
2490 3 1101 0
2491 5 1774 0
2492 3 399 0
2493 9 1487 0
2494 2 178 0
2495 7 4421 0
2496 5 849 0
2497 6 2036 0
2498 4 4277 0
2499 0 3939 0
2500 4 565 0
2501 4 1742 0
2502 3 1600 0
2503 9 4538 0
2504 7 1089 0
2505 1 531 0
2506 2 2056 0
2507 6 4422 0
2508 9 2590 0
2509 4 335 0
2510 7 3731 0
2511 7 1374 0
2512 7 668 0
2513 8 2053 0
2514 6 727 0
2515 6 3099 0
2516 4 4614 0
2517 7 3202 0
2518 8 4700 0
2519 3 1577 0
2520 2 3255 0
2521 7 3122 0
2522 8 324 0
2523 4 482 0
2524 10 651 0
2525 1 3856 0
2526 5 3141 0
2527 10 4863 0
2528 4 2332 0
2529 5 4389 0
2530 6 2795 0
2531 5 4442 0
2532 2 2798 0
2533 6 4892 0
2534 6 690 0
2535 3 725 0
2536 7 4292 0
2537 9 1543 0
2538 2 501 0
2539 4 2710 0
2540 4 84 0
2541 4 657 0
2542 3 3521 0
2543 6 3949 0
2544 6 553 0
2545 4 2067 0
2546 5 698 0
2547 5 3903 0
2548 0 366 0
2549 7 4192 0
2550 5 2727 0
2551 7 2965 0
2552 8 3289 0
2553 4 3192 0
2554 4 3335 0
2555 4 1056 0
2556 6 4191 0
2557 3 2772 0
2558 8 3321 0
2559 6 3777 0
2560 9 780 0
2561 5 2754 0
2562 4 1611 0
2563 9 4759 0
2564 3 4491 0
2565 3 1121 0
2566 6 1656 0
2567 4 1538 0
2568 6 2513 0
2569 8 2139 0
2570 5 2957 0
2571 8 1535 0
2572 6 1569 0
2573 6 3408 0
2574 4 4247 0
2575 6 2978 0
2576 5 2640 0
2577 5 2518 0
2578 3 3603 0
2579 7 2384 0
2580 7 1226 0
2581 3 343 0
2582 6 4812 0
2583 5 2853 0
2584 1 3044 0
2585 4 3986 0
2586 4 1903 0
2587 7 1075 0
2588 4 4776 0
2589 4 2308 0
2590 6 1844 0
2591 3 290 0
2592 8 998 0
2593 5 3553 0
2594 6 1481 0
2595 3 2631 0
2596 6 1733 0
2597 3 174 0
2598 7 1493 0
2599 6 3533 0
2600 3 4356 0
2601 4 4321 0
2602 4 1150 0
2603 6 3931 0
2604 7 1991 0
2605 3 3562 0
2606 6 1337 0
2607 4 913 0
2608 4 3934 0
2609 10 236 0
2610 6 1199 0
2611 8 3357 0
2612 6 713 0
2613 5 4089 0
2614 9 715 0
2615 5 330 0
2616 8 4499 0
2617 8 363 0
2618 7 2389 0
2619 7 1885 0
2620 5 3850 0
2621 4 574 0
2622 7 2654 0
2623 7 4946 0
2624 5 3824 0
2625 5 1184 0
2626 6 149 0
2627 3 3962 0
2628 4 4742 0
2629 4 3127 0
2630 10 2243 0
2631 6 2554 0
2632 7 4640 0
2633 8 1215 0
2634 3 1414 0
2635 4 4865 0
2636 5 3527 0
2637 2 1150 0
2638 8 184 0
2639 5 4329 0
2640 5 3019 0
2641 7 1156 0
2642 9 481 0
2643 4 4627 0
2644 5 3816 0
2645 4 4826 0
2646 6 1607 0
2647 4 2718 0
2648 4 1375 0
2649 2 3783 0
2650 6 4687 0
2651 4 480 0
2652 8 3875 0
2653 2 1638 0
2654 8 2343 0
2655 3 3109 0
2656 5 2320 0
2657 5 4426 0
2658 7 3004 0
2659 7 2359 0
2660 8 4282 0
2661 12 1838 0
2662 2 4260 0
2663 6 1151 0
2664 5 420 0
2665 1 3174 0
2666 3 508 0
2667 4 83 0
2668 5 1798 0
2669 4 2134 0
2670 6 2079 0
2671 4 1406 0
2672 8 3009 0
2673 1 1073 0
2674 4 591 0
2675 4 3916 0
2676 9 738 0
2677 3 41 0
2678 2 2920 0
2679 3 275 0
2680 7 3052 0
2681 3 3150 0
2682 3 4325 0
2683 7 2536 0
2684 6 261 0
2685 4 2722 0
2686 1 4569 0
2687 4 4234 0
2688 7 758 0
2689 4 1567 0
2690 5 723 0
2691 8 588 0
2692 6 3921 0
2693 6 1078 0
2694 8 3161 0
2695 0 4432 0
2696 6 1601 0
2697 6 2966 0
2698 4 3321 0
2699 6 2730 0
2700 6 1313 0
2701 7 704 0
2702 3 69 0
2703 4 2331 0
2704 6 4543 0
2705 2 790 0
2706 6 4962 0
2707 4 710 0
2708 4 2552 0
2709 8 2155 0
2710 8 4958 0
2711 5 4462 0
2712 5 2789 0
2713 4 2147 0
2714 4 314 0
2715 7 1123 0
2716 3 1969 0
2717 6 4654 0
2718 7 3062 0
2719 5 2319 0
2720 8 4103 0
2721 8 1322 0
2722 6 1323 0
2723 4 1436 0
2724 6 2586 0
2725 8 3119 0
2726 7 2670 0
2727 9 4021 0
2728 3 156 0
2729 7 3260 0
2730 6 2758 0
2731 9 4369 0
2732 6 1519 0
2733 4 496 0
2734 5 766 0
2735 5 483 0
2736 7 4519 0
2737 5 22 0
2738 6 3924 0
2739 5 3901 0
2740 5 1781 0
2741 1 2507 0
2742 6 776 0
2743 5 1442 0
2744 8 1941 0
2745 3 3233 0
2746 2 2125 0
2747 7 2673 0
2748 7 3832 0
2749 5 1220 0
2750 3 4331 0
2751 6 3517 0
2752 4 215 0
2753 3 4231 0
2754 5 4260 0
2755 10 3579 0
2756 6 4371 0
2757 4 3458 0
2758 7 626 0
2759 7 1343 0
2760 5 3304 0
2761 6 1051 0
2762 4 1193 0
2763 5 669 0
2764 4 2681 0
2765 5 4547 0
2766 6 4183 0
2767 5 3617 0
2768 9 3870 0
2769 5 2192 0
2770 8 3002 0
2771 7 868 0
2772 5 4894 0
2773 6 3433 0
2774 7 1493 0
2775 5 4693 0
2776 6 2891 0
2777 2 4604 0
2778 4 3553 0
2779 5 3324 0
2780 8 2717 0
2781 8 1051 0
2782 4 3925 0
2783 7 1367 0
2784 6 3354 0
2785 9 1014 0
2786 6 1876 0
2787 3 4201 0
2788 5 4973 0
2789 0 119 0
2790 6 590 0
2791 9 2971 0
2792 8 4302 0
2793 5 3482 0
2794 5 1472 0
2795 7 1233 0
2796 5 4302 0
2797 7 4353 0
2798 5 2479 0
2799 4 4893 0
2800 9 2992 0
2801 7 3551 0
2802 6 3636 0
2803 6 3443 0
2804 7 982 0
2805 8 2022 0
2806 4 1185 0
2807 6 269 0
2808 3 4913 0
2809 5 2655 0
2810 3 497 0
2811 4 3342 0
2812 5 1303 0
2813 4 1011 0
2814 2 2851 0
2815 6 2648 0
2816 6 1464 0
2817 7 3200 0
2818 5 1732 0
2819 7 3651 0
2820 2 4731 0
2821 7 4697 0
2822 9 3105 0
2823 9 3856 0
2824 6 3783 0
2825 5 1050 0
2826 6 2992 0
2827 7 4303 0
2828 6 688 0
2829 9 3696 0
2830 1 2977 0
2831 8 3980 0
2832 3 2716 0
2833 8 2791 0
2834 8 847 0
2835 3 681 0
2836 4 4956 0
2837 4 2259 0
2838 2 2049 0
2839 5 1245 0
2840 7 4403 0
2841 3 1127 0
2842 5 737 0
2843 4 2589 0
2844 1 4847 0
2845 9 2989 0
2846 7 4971 0
2847 7 1642 0
2848 4 4427 0
2849 3 4810 0
2850 6 3161 0
2851 6 2760 0
2852 10 3998 0
2853 5 4719 0
2854 4 3946 0
2855 6 3549 0
2856 7 4982 0
2857 7 2181 0
2858 3 1931 0
2859 5 1322 0
2860 5 1249 0
2861 9 697 0
2862 2 4089 0
2863 5 1720 0
2864 7 551 0
2865 8 3784 0
2866 4 3961 0
2867 7 997 0
2868 2 1908 0
2869 5 800 0
2870 5 782 0
2871 4 2032 0
2872 8 2768 0
2873 6 814 0
2874 6 1573 0
2875 9 1123 0
2876 5 1370 0
2877 4 2055 0
2878 4 2563 0
2879 8 3402 0
2880 6 4291 0
2881 5 2288 0
2882 6 2175 0
2883 5 336 0
2884 6 460 0
2885 6 410 0
2886 8 126 0
2887 6 3235 0
2888 10 901 0
2889 6 3257 0
2890 5 1849 0
2891 5 4206 0
2892 6 608 0
2893 6 1258 0
2894 7 4934 0
2895 6 2809 0
2896 3 3909 0
2897 6 2630 0
2898 9 1644 0
2899 4 2285 0
2900 5 2177 0
2901 9 931 0
2902 7 944 0
2903 6 3938 0
2904 6 3210 0
2905 6 4316 0
2906 4 2359 0
2907 6 3109 0
2908 6 705 0
2909 6 1436 0
2910 6 4424 0
2911 4 3421 0
2912 7 2583 0
2913 7 556 0
2914 5 2869 0
2915 7 3941 0
2916 3 3651 0
2917 3 4021 0
2918 7 4418 0
2919 4 4267 0
2920 6 3435 0
2921 4 1131 0
2922 4 4475 0
2923 8 4135 0
2924 5 1068 0
2925 3 2835 0
2926 6 242 0
2927 6 4777 0
2928 7 4469 0
2929 6 4911 0
2930 5 2450 0
2931 10 483 0
2932 8 1158 0
2933 2 4631 0
2934 3 3315 0
2935 10 1112 0
2936 3 4857 0
2937 4 8 0
2938 4 1710 0
2939 6 4169 0
2940 3 1660 0
2941 7 2064 0
2942 5 719 0
2943 5 493 0
2944 5 2598 0
2945 4 1588 0
2946 8 366 0
2947 9 96 0
2948 6 2789 0
2949 4 2000 0
2950 10 4050 0
2951 4 4592 0
2952 7 4594 0
2953 6 4088 0
2954 4 2792 0
2955 8 673 0
2956 7 2446 0
2957 9 3624 0
2958 3 1140 0
2959 4 4015 0
2960 7 3523 0
2961 8 203 0
2962 7 3557 0
2963 2 4414 0
2964 8 121 0
2965 7 1725 0
2966 4 4817 0
2967 9 1689 0
2968 6 814 0
2969 8 4280 0
2970 6 1444 0
2971 6 3198 0
2972 4 252 0
2973 7 4315 0
2974 6 1437 0
2975 3 3788 0
2976 7 2832 0
2977 10 4917 0
2978 6 2760 0
2979 8 24 0
2980 7 4109 0
2981 7 3120 0
2982 6 924 0
2983 7 115 0
2984 5 3907 0
2985 7 4310 0
2986 6 3356 0
2987 2 4773 0
2988 5 3471 0
2989 8 3531 0
2990 5 3486 0
2991 6 868 0
2992 5 1512 0
2993 7 2263 0
2994 8 2400 0
2995 0 3606 0
2996 5 4592 0
2997 5 3808 0
2998 8 3879 0
2999 1 3433 0
3000 9 1538 0
3001 9 3679 0
3002 6 2088 0
3003 5 611 0
3004 3 3236 0
3005 4 1064 0
3006 7 1863 0
3007 8 1720 0
3008 7 4220 0
3009 7 2135 0
3010 8 438 0
3011 3 3431 0
3012 8 4517 0
3013 8 2949 0
3014 7 3484 0
3015 3 3531 0
3016 2 2097 0
3017 7 2104 0
3018 4 2076 0
3019 5 4483 0
3020 4 325 0
3021 5 607 0
3022 4 1679 0
3023 9 4209 0
3024 8 1809 0
3025 7 4020 0
3026 6 2735 0
3027 5 4569 0
3028 4 3863 0
3029 6 2096 0
3030 5 650 0
3031 8 2762 0
3032 4 3612 0
3033 5 4154 0
3034 8 2178 0
3035 5 1896 0
3036 6 3217 0
3037 5 981 0
3038 1 2133 0
3039 6 3461 0
3040 7 3283 0
3041 4 2630 0
3042 3 3075 0
3043 8 2930 0
3044 4 29 0
3045 3 677 0
3046 4 1175 0
3047 7 3964 0
3048 5 627 0
3049 5 2066 0
3050 7 1803 0
3051 5 1132 0
3052 2 1227 0
3053 7 3666 0
3054 3 239 0
3055 8 2424 0
3056 7 24 0
3057 5 4770 0
3058 5 4034 0
3059 3 1506 0
3060 6 4252 0
3061 4 1335 0
3062 7 2736 0
3063 9 3313 0
3064 4 1633 0
3065 6 3829 0
3066 7 550 0
3067 5 719 0
3068 7 709 0
3069 9 3025 0
3070 4 2030 0
3071 2 262 0
3072 5 2698 0
3073 5 2349 0
3074 8 1161 0
3075 6 3638 0
3076 7 1716 0
3077 4 1991 0
3078 1 322 0
3079 3 594 0
3080 5 547 0
3081 2 4748 0
3082 5 3920 0
3083 5 4347 0
3084 7 4618 0
3085 8 1510 0
3086 7 4682 0
3087 5 2263 0
3088 4 959 0
3089 1 2607 0
3090 6 4728 0
3091 7 3228 0
3092 4 2092 0
3093 6 4332 0
3094 7 1785 0
3095 9 536 0
3096 4 1426 0
3097 4 631 0
3098 6 2315 0
3099 6 3443 0
3100 5 998 0
3101 6 923 0
3102 7 4613 0
3103 4 3862 0
3104 5 3355 0
3105 10 4420 0
3106 5 4343 0
3107 5 3487 0
3108 4 3763 0
3109 1 2557 0
3110 5 2607 0
3111 4 788 0
3112 3 652 0
3113 5 1404 0
3114 5 2121 0
3115 8 3044 0
3116 3 445 0
3117 3 538 0
3118 5 810 0
3119 6 3568 0
3120 5 1884 0
3121 8 3841 0
3122 4 540 0
3123 8 4851 0
3124 4 3019 0
3125 8 4188 0
3126 5 711 0
3127 5 1015 0
3128 5 1090 0
3129 3 3861 0
3130 3 985 0
3131 8 38 0
3132 5 3947 0
3133 6 1330 0
3134 3 671 0
3135 6 4359 0
3136 8 63 0
3137 7 2056 0
3138 4 1743 0
3139 8 2009 0
3140 5 3940 0
3141 3 4454 0
3142 11 3771 0
3143 5 3675 0
3144 0 3111 0
3145 8 907 0
3146 4 4137 0
3147 4 2553 0
3148 5 3519 0
3149 9 3216 0
3150 4 3907 0
3151 4 1592 0
3152 3 2480 0
3153 4 2614 0
3154 5 125 0
3155 8 4174 0
3156 4 2487 0
3157 6 841 0
3158 9 2032 0
3159 4 4920 0
3160 6 2383 0
3161 3 4686 0
3162 8 4524 0
3163 7 4237 0
3164 4 706 0
3165 4 4602 0
3166 6 2748 0
3167 7 624 0
3168 6 357 0
3169 1 1615 0
3170 4 2227 0
3171 3 590 0
3172 3 1077 0
3173 6 3019 0
3174 5 4939 0
3175 6 506 0
3176 4 384 0
3177 5 1677 0
3178 8 1564 0
3179 7 680 0
3180 7 2463 0
3181 5 2540 0
3182 6 2483 0
3183 3 4060 0
3184 5 3934 0
3185 5 553 0
3186 7 1191 0
3187 6 3358 0
3188 6 1545 0
3189 6 4152 0
3190 8 2061 0
3191 4 2655 0
3192 7 3771 0
3193 4 1846 0
3194 5 3367 0
3195 2 3551 0
3196 6 4065 0
3197 5 4630 0
3198 5 105 0
3199 4 3770 0
3200 4 2783 0
3201 7 3491 0
3202 6 1617 0
3203 8 3292 0
3204 7 1617 0
3205 7 1209 0
3206 5 1144 0
3207 6 3377 0
3208 5 1994 0
3209 3 3903 0
3210 7 340 0
3211 7 4144 0
3212 6 70 0
3213 10 2613 0
3214 7 1342 0
3215 6 1146 0
3216 9 3724 0
3217 1 1392 0
3218 4 608 0
3219 6 3596 0
3220 7 1192 0
3221 2 593 0
3222 9 3038 0
3223 6 3141 0
3224 9 1299 0
3225 5 3808 0
3226 8 2258 0
3227 7 3546 0
3228 8 2548 0
3229 2 2747 0
3230 5 4932 0
3231 7 322 0
3232 5 3049 0
3233 3 4718 0
3234 2 2509 0
3235 3 3431 0
3236 8 3525 0
3237 7 4240 0
3238 5 877 0
3239 7 3244 0
3240 8 4779 0
3241 5 2846 0
3242 5 2655 0
3243 2 4459 0
3244 3 2605 0
3245 8 2747 0
3246 9 3569 0
3247 5 2057 0
3248 6 3175 0
3249 7 3125 0
3250 5 1855 0
3251 10 1796 0
3252 6 1588 0
3253 8 4946 0
3254 4 4878 0
3255 5 2348 0
3256 6 477 0
3257 4 2101 0
3258 6 4127 0
3259 3 321 0
3260 3 1226 0
3261 7 3417 0
3262 11 4181 0
3263 4 3853 0
3264 4 4362 0
3265 4 4860 0
3266 4 1245 0
3267 6 4681 0
3268 5 3462 0
3269 7 1682 0
3270 5 4707 0
3271 3 1110 0
3272 7 4013 0
3273 5 341 0
3274 9 503 0
3275 6 1464 0
3276 5 1570 0
3277 5 3615 0
3278 6 251 0
3279 5 404 0
3280 7 635 0
3281 3 4433 0
3282 3 1851 0
3283 6 660 0
3284 8 4614 0
3285 8 3692 0
3286 6 1745 0
3287 2 1910 0
3288 4 4885 0
3289 7 953 0
3290 4 2104 0
3291 6 4444 0
3292 4 4581 0
3293 2 2332 0
3294 3 4376 0
3295 8 684 0
3296 6 3649 0
3297 10 2173 0
3298 4 2481 0
3299 6 3884 0
3300 2 983 0
3301 5 1250 0
3302 3 799 0
3303 5 3085 0
3304 3 1665 0
3305 4 1411 0
3306 5 2298 0
3307 5 2760 0
3308 7 230 0
3309 5 2583 0
3310 6 812 0
3311 7 2429 0
3312 10 3735 0
3313 4 3841 0
3314 6 2330 0
3315 4 2907 0
3316 4 3748 0
3317 6 4601 0
3318 5 2868 0
3319 3 3553 0
3320 6 583 0
3321 7 3081 0
3322 5 4658 0
3323 5 3090 0
3324 6 4284 0
3325 4 1653 0
3326 5 2191 0
3327 7 719 0
3328 5 1006 0
3329 0 41 0
3330 2 4538 0
3331 4 2186 0
3332 6 1548 0
3333 4 4171 0
3334 6 4016 0
3335 7 2872 0
3336 4 2962 0
3337 5 241 0
3338 7 1621 0
3339 7 1432 0
3340 5 664 0
3341 11 3721 0
3342 9 2002 0
3343 5 94 0
3344 9 4824 0
3345 4 3587 0
3346 4 1829 0
3347 6 3953 0
3348 4 3495 0
3349 6 3526 0
3350 6 4802 0
3351 7 2039 0
3352 2 743 0
3353 7 780 0
3354 6 2031 0
3355 8 3491 0
3356 3 1326 0
3357 11 4843 0
3358 6 3245 0
3359 6 3975 0
3360 7 2195 0
3361 6 4965 0
3362 7 3763 0
3363 4 1738 0
3364 5 2866 0
3365 7 3157 0
3366 2 3282 0
3367 6 103 0
3368 5 1468 0
3369 6 2729 0
3370 7 798 0
3371 6 1037 0
3372 7 1451 0
3373 5 1956 0
3374 1 426 0
3375 7 2822 0
3376 4 202 0
3377 7 2550 0
3378 10 816 0
3379 4 4078 0
3380 7 2250 0
3381 4 1303 0
3382 8 3695 0
3383 4 194 0
3384 5 4905 0
3385 4 1169 0
3386 10 3941 0
3387 7 2701 0
3388 10 2950 0
3389 4 1539 0
3390 4 4869 0
3391 7 1218 0
3392 3 3535 0
3393 5 3226 0
3394 5 4066 0
3395 4 4322 0
3396 9 227 0
3397 2 681 0
3398 6 1318 0
3399 6 2632 0
3400 7 4678 0
3401 3 3424 0
3402 7 1128 0
3403 6 4400 0
3404 7 348 0
3405 4 432 0
3406 6 855 0
3407 3 1869 0
3408 7 4010 0
3409 5 3403 0
3410 6 3414 0
3411 10 3971 0
3412 6 4455 0
3413 3 4918 0
3414 3 3115 0
3415 5 3676 0
3416 2 2961 0
3417 3 215 0
3418 4 3419 0
3419 7 1609 0
3420 6 3258 0
3421 3 2862 0
3422 6 3864 0
3423 4 1702 0
3424 5 3346 0
3425 4 2707 0
3426 9 28 0
3427 7 1693 0
3428 6 3887 0
3429 6 260 0
3430 4 1471 0
3431 5 1907 0
3432 9 2536 0
3433 2 584 0
3434 2 4623 0
3435 2 566 0
3436 2 946 0
3437 6 1987 0
3438 4 4976 0
3439 3 3307 0
3440 4 2968 0
3441 6 2835 0
3442 6 1155 0
3443 5 3969 0
3444 3 4422 0
3445 5 3205 0
3446 0 3528 0
3447 5 2739 0
3448 3 3451 0
3449 6 1798 0
3450 6 2285 0
3451 7 4396 0
3452 9 4711 0
3453 4 2968 0
3454 6 2884 0
3455 2 441 0
3456 3 2008 0
3457 6 2364 0
3458 7 2356 0
3459 5 3204 0
3460 9 4375 0
3461 2 1520 0
3462 5 1455 0
3463 4 4972 0
3464 1 3561 0
3465 6 2116 0
3466 5 1489 0
3467 2 3727 0
3468 4 1317 0
3469 6 4459 0
3470 4 2971 0
3471 7 2963 0
3472 7 4604 0
3473 7 1002 0
3474 7 3443 0
3475 7 1310 0
3476 4 3571 0
3477 2 3541 0
3478 8 4346 0
3479 4 2904 0
3480 8 4856 0
3481 9 1060 0
3482 6 1882 0
3483 5 439 0
3484 6 2916 0
3485 5 4286 0
3486 5 914 0
3487 7 158 0
3488 5 768 0
3489 5 1987 0
3490 6 4563 0
3491 7 3689 0
3492 7 2654 0
3493 3 4850 0
3494 4 2656 0
3495 8 483 0
3496 7 4186 0
3497 5 1147 0
3498 5 4190 0
3499 9 2111 0
3500 4 4885 0
3501 5 3359 0
3502 8 1019 0
3503 5 1576 0
3504 4 2020 0
3505 5 2712 0
3506 7 2100 0
3507 8 2681 0
3508 3 849 0
3509 4 3201 0
3510 3 252 0
3511 7 2272 0
3512 1 969 0
3513 2 3289 0
3514 8 1189 0
3515 4 3834 0
3516 4 1847 0
3517 3 4667 0
3518 4 1767 0
3519 4 1210 0
3520 6 3333 0
3521 8 1042 0
3522 5 1539 0
3523 6 3789 0
3524 6 3943 0
3525 5 1617 0
3526 3 1264 0
3527 7 4237 0
3528 7 3554 0
3529 5 1840 0
3530 4 169 0
3531 6 2771 0
3532 9 4240 0
3533 5 3879 0
3534 6 1154 0
3535 7 3890 0
3536 5 3391 0
3537 5 498 0
3538 1 3768 0
3539 4 1717 0
3540 5 1527 0
3541 7 1855 0
3542 10 4280 0
3543 10 2568 0
3544 5 652 0
3545 4 4440 0
3546 5 4693 0
3547 5 4200 0
3548 6 4766 0
3549 3 4185 0
3550 5 1555 0
3551 5 3898 0
3552 5 1185 0
3553 3 3829 0
3554 3 212 0
3555 6 111 0
3556 4 1497 0
3557 4 4092 0
3558 7 4821 0
3559 8 3095 0
3560 4 4070 0
3561 7 3315 0
3562 3 4565 0
3563 1 4105 0
3564 4 4259 0
3565 9 306 0
3566 6 392 0
3567 6 2064 0
3568 6 3095 0
3569 8 790 0
3570 7 1846 0
3571 5 1183 0
3572 5 3954 0
3573 7 2437 0
3574 3 3740 0
3575 3 3384 0
3576 11 4864 0
3577 4 4867 0
3578 6 3650 0
3579 4 2480 0
3580 7 4415 0
3581 5 2979 0
3582 6 1355 0
3583 1 3189 0
3584 8 1375 0
3585 5 381 0
3586 8 528 0
3587 6 4493 0
3588 5 1079 0
3589 5 192 0
3590 5 644 0
3591 6 2793 0
3592 6 183 0
3593 7 1687 0
3594 8 4345 0
3595 1 2140 0
3596 6 3510 0
3597 3 2829 0
3598 3 4470 0
3599 9 56 0
3600 5 1530 0
3601 8 3941 0
3602 2 1982 0
3603 4 734 0
3604 5 4697 0
3605 9 1751 0
3606 6 1511 0
3607 7 1179 0
3608 7 805 0
3609 6 3288 0
3610 10 1141 0
3611 7 3680 0
3612 7 4351 0
3613 5 4521 0
3614 6 1704 0
3615 8 2739 0
3616 7 4021 0
3617 7 4698 0
3618 7 3984 0
3619 3 434 0
3620 6 500 0
3621 6 1791 0
3622 7 2869 0
3623 4 249 0
3624 5 3578 0
3625 2 2638 0
3626 6 3112 0
3627 5 3601 0
3628 4 3747 0
3629 2 2673 0
3630 4 2482 0
3631 7 1519 0
3632 7 4142 0
3633 4 2385 0
3634 8 2047 0
3635 9 3201 0
3636 3 3786 0
3637 5 480 0
3638 2 539 0
3639 4 3548 0
3640 4 2490 0
3641 2 2021 0
3642 7 2821 0
3643 3 1800 0
3644 7 211 0
3645 5 4059 0
3646 4 2377 0
3647 7 4486 0
3648 5 912 0
3649 7 426 0
3650 7 4016 0
3651 5 3626 0
3652 6 2827 0
3653 8 3238 0
3654 6 3882 0
3655 6 812 0
3656 2 1522 0
3657 7 2354 0
3658 4 3850 0
3659 4 2721 0
3660 3 397 0
3661 4 2638 0
3662 9 2928 0
3663 5 3691 0
3664 2 889 0
3665 6 2960 0
3666 4 2890 0
3667 6 1952 0
3668 3 368 0
3669 8 2938 0
3670 6 2717 0
3671 6 3749 0
3672 6 2327 0
3673 6 458 0
3674 9 1716 0
3675 5 4467 0
3676 0 418 0
3677 6 2342 0
3678 5 872 0
3679 8 1379 0
3680 3 3406 0
3681 1 220 0
3682 7 4894 0
3683 7 4549 0
3684 5 3420 0
3685 10 1622 0
3686 6 4199 0
3687 2 1128 0
3688 5 2822 0
3689 3 210 0
3690 3 4546 0
3691 5 3343 0
3692 9 292 0
3693 7 1740 0
3694 4 2132 0
3695 7 4873 0
3696 6 2734 0
3697 7 3599 0
3698 8 1137 0
3699 9 3006 0
3700 5 3524 0
3701 2 4814 0
3702 1 185 0
3703 6 1610 0
3704 6 2728 0
3705 7 2909 0
3706 4 3537 0
3707 2 4802 0
3708 6 2673 0
3709 5 1124 0
3710 7 1027 0
3711 6 4202 0
3712 7 3018 0
3713 6 1 0
3714 3 2960 0
3715 5 945 0
3716 6 952 0
3717 3 3627 0
3718 3 1685 0
3719 6 3172 0
3720 4 2085 0
3721 6 1791 0
3722 4 218 0
3723 4 4008 0
3724 7 95 0
3725 2 686 0
3726 7 1114 0
3727 5 4866 0
3728 6 1689 0
3729 4 2238 0
3730 4 1883 0
3731 6 534 0
3732 3 2624 0
3733 6 966 0
3734 5 804 0
3735 2 1112 0
3736 5 3948 0
3737 3 3519 0
3738 5 3327 0
3739 8 2645 0
3740 1 1672 0
3741 5 399 0
3742 5 671 0
3743 4 4084 0
3744 9 3697 0
3745 5 4183 0
3746 3 973 0
3747 6 4898 0
3748 6 4776 0
3749 5 3025 0
3750 4 2799 0
3751 7 2664 0
3752 7 2133 0
3753 6 2326 0
3754 6 3114 0
3755 4 1408 0
3756 3 3215 0
3757 4 1915 0
3758 7 4663 0
3759 7 1255 0
3760 5 2644 0
3761 3 2046 0
3762 4 3595 0
3763 4 128 0
3764 7 505 0
3765 6 4118 0
3766 3 4338 0
3767 5 2799 0
3768 6 3883 0
3769 3 953 0
3770 5 2007 0
3771 5 1286 0
3772 5 789 0
3773 3 924 0
3774 5 1732 0
3775 6 3373 0
3776 7 88 0
3777 7 2170 0
3778 8 936 0
3779 3 600 0
3780 4 4377 0
3781 6 4487 0
3782 7 3157 0
3783 7 3982 0
3784 5 3237 0
3785 5 3539 0
3786 10 639 0
3787 4 4771 0
3788 5 29 0
3789 5 2909 0
3790 6 4358 0
3791 5 1236 0
3792 5 247 0
3793 9 2 0
3794 6 3025 0
3795 5 507 0
3796 5 2453 0
3797 5 2263 0
3798 4 1816 0
3799 8 4632 0
3800 8 2703 0
3801 10 4549 0
3802 4 4829 0
3803 7 2533 0
3804 5 3076 0
3805 5 3549 0
3806 4 3526 0
3807 4 2194 0
3808 7 3184 0
3809 7 181 0
3810 3 2101 0
3811 5 3157 0
3812 5 1845 0
3813 10 3127 0
3814 4 1786 0
3815 3 3368 0
3816 8 3668 0
3817 9 454 0
3818 8 3983 0
3819 5 2333 0
3820 5 2208 0
3821 5 944 0
3822 6 3895 0
3823 9 2057 0
3824 5 4598 0
3825 6 3477 0
3826 7 3723 0
3827 6 4487 0
3828 7 3838 0
3829 4 4338 0
3830 8 2628 0
3831 5 4368 0
3832 6 71 0
3833 4 3469 0
3834 7 367 0
3835 3 2631 0
3836 5 2309 0
3837 3 4348 0
3838 7 420 0
3839 7 4026 0
3840 2 4301 0
3841 5 2112 0
3842 7 1308 0
3843 6 4897 0
3844 6 1972 0
3845 4 4734 0
3846 4 2777 0
3847 6 766 0
3848 4 1695 0
3849 7 1795 0
3850 6 3417 0
3851 6 1588 0
3852 6 3127 0
3853 3 319 0
3854 4 134 0
3855 6 1807 0
3856 4 3699 0
3857 5 1969 0
3858 7 487 0
3859 6 357 0
3860 6 580 0
3861 5 4105 0
3862 3 3042 0
3863 6 4921 0
3864 6 430 0
3865 9 91 0
3866 1 1491 0
3867 4 2705 0
3868 5 2891 0
3869 7 605 0
3870 6 3857 0
3871 5 650 0
3872 5 4761 0
3873 11 4950 0
3874 7 2235 0
3875 5 1414 0
3876 7 909 0
3877 7 2473 0
3878 2 4926 0
3879 4 3421 0
3880 6 4474 0
3881 4 2719 0
3882 7 2545 0
3883 8 127 0
3884 3 3891 0
3885 8 4899 0
3886 7 3486 0
3887 8 2043 0
3888 5 4064 0
3889 8 2529 0
3890 7 1998 0
3891 9 4673 0
3892 8 2853 0
3893 6 4451 0
3894 7 69 0
3895 7 2050 0
3896 5 1135 0
3897 6 2919 0
3898 4 4408 0
3899 2 3738 0
3900 5 1930 0
3901 3 3970 0
3902 3 562 0
3903 4 2035 0
3904 7 2792 0
3905 4 1192 0
3906 8 848 0
3907 5 674 0
3908 10 4461 0
3909 6 4566 0
3910 8 3286 0
3911 5 352 0
3912 5 392 0
3913 3 225 0
3914 6 2769 0
3915 6 4299 0
3916 8 4232 0
3917 5 3381 0
3918 4 3848 0
3919 5 1249 0
3920 4 927 0
3921 4 4736 0
3922 5 1724 0
3923 5 2502 0
3924 6 329 0
3925 4 3441 0
3926 6 2926 0
3927 4 1603 0
3928 8 964 0
3929 5 4505 0
3930 8 1587 0
3931 6 3362 0
3932 4 3360 0
3933 7 244 0
3934 9 3362 0
3935 4 4347 0
3936 3 4097 0
3937 5 438 0
3938 8 4045 0
3939 3 3226 0
3940 6 2879 0
3941 4 1886 0
3942 2 3549 0
3943 8 3670 0
3944 4 587 0
3945 6 3641 0
3946 7 4275 0
3947 7 131 0
3948 5 1256 0
3949 2 2249 0
3950 6 707 0
3951 5 2576 0
3952 7 536 0
3953 7 4453 0
3954 4 1527 0
3955 7 3258 0
3956 4 4539 0
3957 7 3380 0
3958 3 896 0
3959 2 694 0
3960 5 3484 0
3961 4 113 0
3962 5 1832 0
3963 2 1002 0
3964 6 2113 0
3965 6 3729 0
3966 6 1029 0
3967 4 3588 0
3968 6 3462 0
3969 5 2811 0
3970 7 3557 0
3971 6 2794 0
3972 2 2470 0
3973 5 1045 0
3974 5 126 0
3975 6 2445 0
3976 8 168 0
3977 3 4956 0
3978 2 4544 0
3979 6 4453 0
3980 4 849 0
3981 3 1839 0
3982 2 4567 0
3983 6 4220 0
3984 3 1603 0
3985 2 2547 0
3986 5 851 0
3987 4 2473 0
3988 5 1516 0
3989 2 3757 0
3990 11 4089 0
3991 2 307 0
3992 6 1383 0
3993 4 2779 0
3994 6 1634 0
3995 6 1626 0
3996 5 3325 0
3997 6 1232 0
3998 5 4275 0
3999 7 3089 0
4000 6 4192 0
4001 8 1227 0
4002 4 4032 0
4003 6 1862 0
4004 6 4325 0
4005 3 4274 0
4006 5 4804 0
4007 4 2076 0
4008 2 856 0
4009 5 1746 0
4010 1 2733 0
4011 5 1928 0
4012 3 1227 0
4013 5 4760 0
4014 4 2267 0
4015 3 3275 0
4016 4 988 0
4017 8 503 0
4018 2 4269 0
4019 4 3161 0
4020 8 4763 0
4021 5 2526 0
4022 7 2124 0
4023 8 3037 0
4024 4 2758 0
4025 8 4312 0
4026 4 4484 0
4027 8 2768 0
4028 8 2089 0
4029 7 4131 0
4030 4 4610 0
4031 5 8 0
4032 6 272 0
4033 4 888 0
4034 5 4017 0
4035 5 4054 0
4036 7 4022 0
4037 2 4129 0
4038 8 60 0
4039 4 4299 0
4040 5 1482 0
4041 9 3156 0
4042 6 3725 0
4043 3 3319 0
4044 6 3864 0
4045 5 2857 0
4046 5 101 0
4047 5 2524 0
4048 6 2565 0
4049 11 3042 0
4050 5 4660 0
4051 3 4818 0
4052 3 2226 0
4053 8 2125 0
4054 4 4458 0
4055 4 933 0
4056 3 722 0
4057 6 2958 0
4058 5 841 0
4059 1 285 0
4060 9 829 0
4061 4 3966 0
4062 8 2921 0
4063 6 2088 0
4064 5 2745 0
4065 5 2303 0
4066 11 4560 0
4067 6 1989 0
4068 6 568 0
4069 7 3696 0
4070 4 166 0
4071 6 1873 0
4072 12 4825 0
4073 7 4881 0
4074 7 1064 0
4075 4 1632 0
4076 4 3695 0
4077 6 4147 0
4078 6 1035 0
4079 4 4138 0
4080 5 2932 0
4081 4 1320 0
4082 11 3224 0
4083 5 3192 0
4084 6 1759 0
4085 6 3426 0
4086 5 4045 0
4087 6 1703 0
4088 6 1967 0
4089 2 4322 0
4090 4 1303 0
4091 3 1909 0
4092 7 3082 0
4093 4 4178 0
4094 3 2532 0
4095 6 4552 0
4096 3 1230 0
4097 6 4605 0
4098 6 3218 0
4099 4 546 0
4100 8 3826 0
4101 3 3893 0
4102 8 2512 0
4103 5 4697 0
4104 3 4586 0
4105 9 4271 0
4106 5 3300 0
4107 6 621 0
4108 7 311 0
4109 6 592 0
4110 9 2598 0
4111 5 2337 0
4112 6 791 0
4113 5 4070 0
4114 5 381 0
4115 7 2263 0
4116 8 1561 0
4117 4 2692 0
4118 6 1512 0
4119 5 3006 0
4120 6 522 0
4121 7 545 0
4122 2 2081 0
4123 4 2962 0
4124 7 3356 0
4125 5 1619 0
4126 3 2972 0
4127 7 2575 0
4128 3 603 0
4129 0 4416 0
4130 6 3958 0
4131 8 1067 0
4132 6 2159 0
4133 5 40 0
4134 6 952 0
4135 3 4121 0
4136 4 4156 0
4137 8 1350 0
4138 2 445 0
4139 3 4344 0
4140 5 1912 0
4141 2 19 0
4142 9 2620 0
4143 3 2601 0
4144 8 2937 0
4145 5 1388 0
4146 3 27 0
4147 7 2242 0
4148 8 3345 0
4149 3 2605 0
4150 8 2647 0
4151 6 2821 0
4152 8 3887 0
4153 7 849 0
4154 8 4899 0
4155 7 468 0
4156 4 3667 0
4157 4 2471 0
4158 10 861 0
4159 6 2720 0
4160 5 694 0
4161 8 715 0
4162 4 2665 0
4163 6 1830 0
4164 5 4460 0
4165 8 4827 0
4166 6 1366 0
4167 4 1738 0
4168 6 344 0
4169 3 1667 0
4170 4 2956 0
4171 5 2524 0
4172 6 691 0
4173 6 3923 0
4174 3 620 0
4175 4 3965 0
4176 4 3251 0
4177 5 335 0
4178 8 4994 0
4179 3 478 0
4180 5 2077 0
4181 7 410 0
4182 8 4967 0
4183 6 383 0
4184 6 270 0
4185 6 1439 0
4186 6 4640 0
4187 9 1835 0
4188 4 2753 0
4189 8 4705 0
4190 6 1779 0
4191 6 3181 0
4192 7 959 0
4193 5 1367 0
4194 5 3816 0
4195 6 1696 0
4196 4 4383 0
4197 4 1267 0
4198 5 4407 0
4199 5 3218 0
4200 11 396 0
4201 5 491 0
4202 7 164 0
4203 5 2415 0
4204 4 3849 0
4205 6 1316 0
4206 7 3583 0
4207 6 3187 0
4208 8 2080 0
4209 2 241 0
4210 5 1379 0
4211 3 1566 0
4212 9 1096 0
4213 7 808 0
4214 8 4239 0
4215 7 2733 0
4216 3 1378 0
4217 7 2975 0
4218 6 4837 0
4219 5 1430 0
4220 6 771 0
4221 4 4814 0
4222 2 1342 0
4223 7 1358 0
4224 6 2263 0
4225 11 4981 0
4226 5 2303 0
4227 5 1473 0
4228 7 3284 0
4229 6 2347 0
4230 8 2898 0
4231 8 4827 0
4232 8 4005 0
4233 1 3784 0
4234 7 702 0
4235 4 2924 0
4236 8 1720 0
4237 5 4443 0
4238 7 3482 0
4239 3 1743 0
4240 5 731 0
4241 8 1628 0
4242 8 4526 0
4243 5 4913 0
4244 3 3603 0
4245 7 110 0
4246 6 143 0
4247 4 4775 0
4248 4 2166 0
4249 6 4255 0
4250 5 2505 0
4251 3 2649 0
4252 9 4568 0
4253 4 1728 0
4254 7 4141 0
4255 3 2191 0
4256 3 218 0
4257 7 2269 0
4258 1 1532 0
4259 5 4153 0
4260 7 1682 0
4261 7 3382 0
4262 2 2858 0
4263 7 1275 0
4264 8 1746 0
4265 7 3139 0
4266 5 4842 0
4267 5 223 0
4268 8 2958 0
4269 8 4649 0
4270 9 372 0
4271 4 2135 0
4272 5 4878 0
4273 7 1625 0
4274 8 2438 0
4275 6 1005 0
4276 3 305 0
4277 9 1269 0
4278 3 939 0
4279 1 573 0
4280 4 1112 0
4281 5 4296 0
4282 6 4491 0
4283 11 2327 0
4284 7 1797 0
4285 2 4785 0
4286 0 1357 0
4287 6 4358 0
4288 9 809 0
4289 7 4382 0
4290 5 4196 0
4291 7 1881 0
4292 2 1682 0
4293 8 4401 0
4294 6 508 0
4295 5 4468 0
4296 0 1659 0
4297 3 2740 0
4298 4 834 0
4299 4 4654 0
4300 5 1071 0
4301 9 3888 0
4302 7 4815 0
4303 5 2229 0
4304 5 2964 0
4305 8 4810 0
4306 5 1490 0
4307 6 1699 0
4308 4 3441 0
4309 8 3800 0
4310 9 2408 0
4311 7 4757 0
4312 5 636 0
4313 7 3412 0
4314 4 3340 0
4315 8 783 0
4316 8 4478 0
4317 7 2787 0
4318 9 2861 0
4319 6 1457 0
4320 5 3709 0
4321 5 4572 0
4322 7 3648 0
4323 7 377 0
4324 4 662 0
4325 5 3448 0
4326 5 4692 0
4327 0 3982 0
4328 8 1862 0
4329 9 3752 0
4330 5 1363 0
4331 5 3210 0
4332 7 3857 0
4333 9 3162 0
4334 8 3844 0
4335 5 2495 0
4336 2 379 0
4337 4 2592 0
4338 4 4694 0
4339 3 1513 0
4340 7 4498 0
4341 3 2400 0
4342 8 4768 0
4343 10 2467 0
4344 6 678 0
4345 8 484 0
4346 5 247 0
4347 6 61 0
4348 5 3450 0
4349 6 3257 0
4350 6 1592 0
4351 4 4121 0
4352 9 2148 0
4353 10 3575 0
4354 3 1982 0
4355 3 1416 0
4356 5 1716 0
4357 7 4915 0
4358 9 1850 0
4359 6 4293 0
4360 6 2036 0
4361 4 1526 0
4362 4 2005 0
4363 6 401 0
4364 5 179 0
4365 6 2371 0
4366 7 4722 0
4367 10 1611 0
4368 4 1125 0
4369 5 3818 0
4370 5 816 0
4371 4 4192 0
4372 10 2737 0
4373 5 2772 0
4374 2 1448 0
4375 6 1343 0
4376 5 3603 0
4377 6 2756 0
4378 5 2232 0
4379 5 1018 0
4380 6 1349 0
4381 9 2110 0
4382 4 2093 0
4383 6 720 0
4384 5 3628 0
4385 6 1703 0
4386 4 3706 0
4387 6 3439 0
4388 4 319 0
4389 3 2105 0
4390 7 1913 0
4391 7 1705 0
4392 7 3302 0
4393 5 1898 0
4394 5 2631 0
4395 6 4227 0
4396 1 4125 0
4397 4 112 0
4398 4 3740 0
4399 7 813 0
4400 5 4042 0
4401 5 1061 0
4402 4 1173 0
4403 3 3424 0
4404 7 2387 0
4405 6 3095 0
4406 5 2609 0
4407 5 2733 0
4408 5 1203 0
4409 7 1847 0
4410 3 2109 0
4411 7 81 0
4412 5 3132 0
4413 8 1011 0
4414 8 781 0
4415 5 3883 0
4416 9 1367 0
4417 8 1713 0
4418 7 4287 0
4419 8 701 0
4420 4 1740 0
4421 6 3678 0
4422 2 2553 0
4423 7 4345 0
4424 7 3419 0
4425 5 24 0
4426 9 3845 0
4427 0 1948 0
4428 5 1197 0
4429 5 51 0
4430 6 3606 0
4431 10 7 0
4432 3 2701 0
4433 9 2923 0
4434 6 4342 0
4435 6 1831 0
4436 9 2487 0
4437 8 4499 0
4438 3 1194 0
4439 6 2440 0
4440 6 2892 0
4441 4 2991 0
4442 3 3368 0
4443 5 4998 0
4444 3 1445 0
4445 6 1727 0
4446 7 2599 0
4447 6 3124 0
4448 5 3336 0
4449 8 2631 0
4450 2 902 0
4451 7 3633 0
4452 5 4503 0
4453 5 4582 0
4454 2 3000 0
4455 6 3913 0
4456 5 4632 0
4457 6 3210 0
4458 8 1196 0
4459 7 1171 0
4460 7 271 0
4461 5 1988 0
4462 7 3639 0
4463 5 4812 0
4464 9 4633 0
4465 5 3605 0
4466 4 3153 0
4467 9 3214 0
4468 5 4860 0
4469 6 3501 0
4470 4 4701 0
4471 6 387 0
4472 3 2775 0
4473 9 1922 0
4474 6 1145 0
4475 8 1432 0
4476 4 4111 0
4477 5 2070 0
4478 5 4836 0
4479 3 3589 0
4480 6 2661 0
4481 6 4657 0
4482 3 3814 0
4483 8 83 0
4484 1 584 0
4485 9 4825 0
4486 7 985 0
4487 7 2126 0
4488 5 1505 0
4489 5 75 0
4490 5 167 0
4491 10 2741 0
4492 4 3841 0
4493 7 2087 0
4494 5 4177 0
4495 7 2759 0
4496 7 992 0
4497 6 1454 0
4498 9 769 0
4499 5 3236 0
4500 7 547 0
4501 8 4958 0
4502 6 2194 0
4503 3 2514 0
4504 7 3969 0
4505 8 3194 0
4506 8 4364 0
4507 8 1372 0
4508 5 3933 0
4509 8 1405 0
4510 1 986 0
4511 6 3907 0
4512 8 3235 0
4513 4 2077 0
4514 2 3068 0
4515 7 8 0
4516 8 1675 0
4517 7 4462 0
4518 4 3925 0
4519 9 4956 0
4520 3 1842 0
4521 7 1678 0
4522 3 1301 0
4523 6 2323 0
4524 1 3599 0
4525 8 2699 0
4526 8 39 0
4527 2 273 0
4528 4 3119 0
4529 6 4342 0
4530 4 612 0
4531 8 1608 0
4532 2 3066 0
4533 5 4120 0
4534 5 4662 0
4535 6 4416 0
4536 4 2355 0
4537 6 2077 0
4538 8 4155 0
4539 4 3806 0
4540 6 4441 0
4541 4 930 0
4542 6 3913 0
4543 7 1696 0
4544 3 4620 0
4545 4 91 0
4546 5 987 0
4547 6 2407 0
4548 5 4374 0
4549 8 2491 0
4550 2 952 0
4551 3 2633 0
4552 10 454 0
4553 4 2873 0
4554 4 913 0
4555 8 886 0
4556 8 4970 0
4557 4 3456 0
4558 4 3007 0
4559 8 3899 0
4560 6 447 0
4561 7 1434 0
4562 3 3631 0
4563 5 2980 0
4564 0 199 0
4565 6 3002 0
4566 4 4602 0
4567 3 2609 0
4568 7 1712 0
4569 5 3342 0
4570 5 4301 0
4571 7 1791 0
4572 8 3031 0
4573 6 3241 0
4574 4 650 0
4575 5 685 0
4576 5 2727 0
4577 5 1203 0
4578 5 4477 0
4579 4 1673 0
4580 4 3390 0
4581 4 3986 0
4582 3 4447 0
4583 4 4080 0
4584 4 1510 0
4585 7 2793 0
4586 3 2634 0
4587 7 1215 0
4588 3 3658 0
4589 3 3243 0
4590 6 1065 0
4591 5 1266 0
4592 5 4223 0
4593 5 2179 0
4594 5 2550 0
4595 4 832 0
4596 7 3682 0
4597 9 242 0
4598 6 2722 0
4599 6 3590 0
4600 6 3917 0
4601 6 4011 0
4602 6 4691 0
4603 5 999 0
4604 6 3887 0
4605 5 3731 0
4606 3 58 0
4607 3 3112 0
4608 5 3298 0
4609 7 1653 0
4610 6 4069 0
4611 6 2723 0
4612 7 1561 0
4613 4 3686 0
4614 3 1366 0
4615 3 4351 0
4616 5 4113 0
4617 5 1591 0
4618 8 2691 0
4619 3 609 0
4620 7 3062 0
4621 5 2144 0
4622 5 3102 0
4623 6 4621 0
4624 6 4414 0
4625 5 2130 0
4626 4 4411 0
4627 8 3568 0
4628 6 1216 0
4629 2 4511 0
4630 2 4118 0
4631 6 2529 0
4632 2 2696 0
4633 7 1271 0
4634 11 1544 0
4635 5 166 0
4636 6 2016 0
4637 3 189 0
4638 5 3376 0
4639 8 3377 0
4640 7 1677 0
4641 3 4084 0
4642 6 3562 0
4643 7 2927 0
4644 5 3424 0
4645 2 2560 0
4646 8 3522 0
4647 7 1941 0
4648 3 1632 0
4649 5 4315 0
4650 4 916 0
4651 6 691 0
4652 7 320 0
4653 6 2475 0
4654 5 347 0
4655 2 232 0
4656 4 1512 0
4657 8 4781 0
4658 7 1923 0
4659 11 4050 0
4660 3 418 0
4661 6 629 0
4662 1 2812 0
4663 4 2907 0
4664 5 2790 0
4665 4 4647 0
4666 3 855 0
4667 4 2842 0
4668 5 106 0
4669 8 3868 0
4670 7 4842 0
4671 6 3684 0
4672 6 4215 0
4673 8 3928 0
4674 3 2415 0
4675 5 4728 0
4676 4 1723 0
4677 6 2464 0
4678 1 529 0
4679 3 1396 0
4680 5 2518 0
4681 2 578 0
4682 9 3251 0
4683 4 795 0
4684 5 3071 0
4685 4 2499 0
4686 4 11 0
4687 3 4826 0
4688 8 4686 0
4689 7 394 0
4690 3 4675 0
4691 3 803 0
4692 6 490 0
4693 7 3110 0
4694 3 974 0
4695 1 2903 0
4696 6 4989 0
4697 3 1444 0
4698 3 2394 0
4699 3 2087 0
4700 6 2279 0
4701 6 3108 0
4702 4 1361 0
4703 6 2800 0
4704 7 4902 0
4705 1 183 0
4706 4 4693 0
4707 3 3885 0
4708 6 2085 0
4709 8 1141 0
4710 5 3835 0
4711 6 1144 0
4712 7 2444 0
4713 5 807 0
4714 4 4626 0
4715 5 3523 0
4716 7 3982 0
4717 3 4785 0
4718 8 4261 0
4719 7 1588 0
4720 6 702 0
4721 7 4944 0
4722 4 738 0
4723 4 4295 0
4724 6 252 0
4725 5 4896 0
4726 5 1269 0
4727 6 1123 0
4728 1 2747 0
4729 3 3472 0
4730 3 1451 0
4731 6 3534 0
4732 5 1026 0
4733 8 1103 0
4734 5 3042 0
4735 6 1963 0
4736 6 4054 0
4737 7 1303 0
4738 8 553 0
4739 3 4880 0
4740 7 4645 0
4741 7 3256 0
4742 9 3578 0
4743 7 446 0
4744 5 2956 0
4745 8 4399 0
4746 4 922 0
4747 5 966 0
4748 7 3625 0
4749 4 284 0
4750 5 17 0
4751 5 2143 0
4752 8 384 0
4753 5 674 0
4754 6 3908 0
4755 4 3909 0
4756 5 2976 0
4757 7 768 0
4758 12 3320 0
4759 4 670 0
4760 4 1479 0
4761 7 2781 0
4762 4 425 0
4763 4 1769 0
4764 5 4525 0
4765 6 4830 0
4766 4 2512 0
4767 4 718 0
4768 6 4784 0
4769 5 4710 0
4770 5 2765 0
4771 7 1738 0
4772 8 3449 0
4773 8 431 0
4774 5 1108 0
4775 6 380 0
4776 5 652 0
4777 3 4026 0
4778 7 399 0
4779 8 982 0
4780 4 1542 0
4781 0 3565 0
4782 5 2031 0
4783 4 772 0
4784 6 3459 0
4785 7 3479 0
4786 8 148 0
4787 6 4628 0
4788 8 1930 0
4789 5 2543 0
4790 0 2064 0
4791 5 2857 0
4792 3 2007 0
4793 4 447 0
4794 5 3495 0
4795 8 3777 0
4796 5 1663 0
4797 3 647 0
4798 6 2375 0
4799 8 1532 0
4800 2 4960 0
4801 2 4325 0
4802 3 1509 0
4803 7 4300 0
4804 9 1229 0
4805 2 2601 0
4806 4 2219 0
4807 9 3594 0
4808 5 3092 0
4809 3 3195 0
4810 7 2493 0
4811 7 844 0
4812 4 4101 0
4813 9 1255 0
4814 6 1493 0
4815 9 1590 0
4816 7 2673 0
4817 9 2844 0
4818 6 1801 0
4819 5 1711 0
4820 7 4200 0
4821 6 2326 0
4822 4 1829 0
4823 4 3675 0
4824 2 1252 0
4825 3 555 0
4826 5 3255 0
4827 8 4937 0
4828 6 51 0
4829 3 1693 0
4830 2 3571 0
4831 6 2955 0
4832 7 2979 0
4833 0 2087 0
4834 8 1452 0
4835 4 4226 0
4836 3 943 0
4837 6 4327 0
4838 5 4008 0
4839 9 1483 0
4840 4 964 0
4841 3 2284 0
4842 4 1539 0
4843 6 909 0
4844 6 1416 0
4845 5 1144 0
4846 7 2383 0
4847 7 2715 0
4848 6 482 0
4849 10 796 0
4850 8 404 0
4851 8 3788 0
4852 5 336 0
4853 5 3086 0
4854 5 2850 0
4855 3 3738 0
4856 4 2289 0
4857 4 2834 0
4858 6 3633 0
4859 3 3244 0
4860 7 688 0
4861 8 2122 0
4862 2 3277 0
4863 7 1821 0
4864 5 2935 0
4865 7 3842 0
4866 6 2220 0
4867 2 180 0
4868 4 3837 0
4869 6 1978 0
4870 3 17 0
4871 6 4430 0
4872 7 3861 0
4873 9 4068 0
4874 3 2323 0
4875 7 3648 0
4876 5 1067 0
4877 6 3472 0
4878 3 93 0
4879 6 2403 0
4880 4 947 0
4881 5 4455 0
4882 4 290 0
4883 6 312 0
4884 6 1590 0
4885 6 4807 0
4886 8 2706 0
4887 1 2259 0
4888 7 867 0
4889 6 4615 0
4890 4 808 0
4891 6 1241 0
4892 5 2059 0
4893 4 2474 0
4894 5 1682 0
4895 8 917 0
4896 4 2603 0
4897 7 3886 0
4898 7 4870 0
4899 3 518 0
4900 9 2316 0
4901 7 4458 0
4902 5 1267 0
4903 4 411 0
4904 6 3688 0
4905 4 2677 0
4906 6 3819 0
4907 6 1544 0
4908 6 4641 0
4909 4 599 0
4910 5 1055 0
4911 6 3803 0
4912 4 456 0
4913 7 2057 0
4914 8 3705 0
4915 3 3334 0
4916 6 4282 0
4917 7 2244 0
4918 7 1949 0
4919 9 2265 0
4920 1 129 0
4921 8 1058 0
4922 3 2672 0
4923 6 3392 0
4924 3 1274 0
4925 4 2588 0
4926 4 615 0
4927 9 135 0
4928 4 1152 0
4929 7 4616 0
4930 5 864 0
4931 8 2645 0
4932 5 1158 0
4933 6 1752 0
4934 4 2324 0
4935 4 3249 0
4936 8 2543 0
4937 7 4141 0
4938 6 2003 0
4939 5 3729 0
4940 8 4621 0
4941 4 4088 0
4942 3 4859 0
4943 4 2062 0
4944 6 2624 0
4945 6 3293 0
4946 8 4486 0
4947 7 2338 0
4948 5 2057 0
4949 4 853 0
4950 5 3786 0
4951 5 182 0
4952 6 2804 0
4953 6 764 0
4954 6 2090 0
4955 7 478 0
4956 5 4815 0
4957 5 498 0
4958 8 3920 0
4959 5 2565 0
4960 7 2323 0
4961 5 292 0
4962 7 917 0
4963 9 1139 0
4964 6 1730 0
4965 9 3441 0
4966 1 306 0
4967 8 4635 0
4968 7 2606 0
4969 3 2608 0
4970 10 1415 0
4971 7 3463 0
4972 10 1399 0
4973 5 3107 0
4974 5 404 0
4975 4 1402 0
4976 4 1036 0
4977 9 3601 0
4978 6 1104 0
4979 6 1806 0
4980 5 1476 0
4981 6 4367 0
4982 4 2382 0
4983 4 4550 0
4984 5 2582 0
4985 5 4646 0
4986 6 3729 0
4987 3 2666 0
4988 6 208 0
4989 7 4654 0
4990 6 1958 0
4991 8 2571 0
4992 3 29 0
4993 5 3860 0
4994 6 1904 0
4995 6 4577 0
4996 8 2796 0
4997 3 3138 0
4998 6 63 0
4999 9 378 0
5000 7 3983 0
