1 6 3838 0
2 6 90 0
3 5 2414 0
4 5 3086 0
5 1 1957 0
6 6 4573 0
7 8 159 0
8 4 1474 0
9 8 247 0
10 2 3092 0
11 1 2700 0
12 3 3306 0
13 3 3670 0
14 4 1197 0
15 8 4333 0
16 4 2519 0
17 5 4462 0
18 6 2084 0
19 5 3348 0
20 4 1743 0
21 4 2333 0
22 7 1744 0
23 6 1737 0
24 3 3091 0
25 8 2198 0
26 4 1168 0
27 8 2932 0
28 6 3137 0
29 7 86 0
30 3 1379 0
31 7 4472 0
32 7 4364 0
33 4 605 0
34 8 207 0
35 8 1325 0
36 8 4583 0
37 13 2143 0
38 6 4795 0
39 4 496 0
40 4 2852 0
41 6 2639 0
42 6 2843 0
43 1 302 0
44 5 3574 0
45 4 4450 0
46 6 903 0
47 6 1745 0
48 6 902 0
49 4 3618 0
50 6 4301 0
51 9 1962 0
52 6 2549 0
53 4 4257 0
54 8 1820 0
55 2 1429 0
56 5 4549 0
57 8 3223 0
58 9 838 0
59 6 4587 0
60 6 3953 0
61 4 4 0
62 6 2572 0
63 6 191 0
64 5 2127 0
65 7 4687 0
66 4 3235 0
67 4 38 0
68 6 3916 0
69 5 3753 0
70 7 4417 0
71 6 3791 0
72 9 4737 0
73 10 2624 0
74 6 4984 0
75 6 4005 0
76 8 1882 0
77 5 747 0
78 8 1811 0
79 1 1679 0
80 2 2423 0
81 3 1245 0
82 7 1567 0
83 6 1723 0
84 6 3493 0
85 6 1407 0
86 5 4712 0
87 5 2459 0
88 8 292 0
89 7 1673 0
90 7 771 0
91 7 3301 0
92 5 913 0
93 9 928 0
94 6 4699 0
95 6 1479 0
96 7 2834 0
97 5 3373 0
98 6 3847 0
99 5 4257 0
100 7 4295 0
101 7 1079 0
102 6 1647 0
103 7 3962 0
104 10 460 0
105 7 3919 0
106 4 3185 0
107 5 2426 0
108 6 659 0
109 7 1437 0
110 7 3958 0
111 3 2805 0
112 6 1551 0
113 8 3956 0
114 5 2329 0
115 8 2785 0
116 4 509 0
117 6 3906 0
118 6 97 0
119 4 1868 0
120 6 3757 0
121 5 4201 0
122 4 24 0
123 4 4031 0
124 3 4557 0
125 4 2763 0
126 5 4324 0
127 8 1891 0
128 5 4414 0
129 6 4781 0
130 7 4997 0
131 6 4782 0
132 6 699 0
133 6 3812 0
134 8 4633 0
135 7 4455 0
136 3 1112 0
137 9 3072 0
138 5 4862 0
139 1 3564 0
140 1 4075 0
141 6 1202 0
142 8 2886 0
143 6 125 0
144 5 694 0
145 2 2358 0
146 6 496 0
147 5 1790 0
148 11 470 0
149 5 1757 0
150 6 1650 0
151 4 734 0
152 4 4853 0
153 6 1431 0
154 4 4220 0
155 5 4446 0
156 4 4382 0
157 5 597 0
158 6 2763 0
159 2 1426 0
160 6 4208 0
161 7 1650 0
162 5 2523 0
163 5 2447 0
164 5 4613 0
165 2 2466 0
166 3 4422 0
167 4 2090 0
168 8 4160 0
169 6 758 0
170 4 898 0
171 4 4428 0
172 3 2713 0
173 5 2103 0
174 5 4632 0
175 6 369 0
176 2 1935 0
177 8 597 0
178 0 2926 0
179 4 2894 0
180 6 358 0
181 6 1135 0
182 8 1737 0
183 8 2254 0
184 3 2725 0
185 5 4705 0
186 8 2408 0
187 7 1602 0
188 6 864 0
189 2 436 0
190 6 2395 0
191 7 34 0
192 4 2841 0
193 4 238 0
194 4 1630 0
195 5 3122 0
196 6 2134 0
197 4 3056 0
198 5 3498 0
199 5 2078 0
200 7 886 0
201 6 1764 0
202 7 2598 0
203 6 317 0
204 6 1818 0
205 2 2920 0
206 5 4273 0
207 5 933 0
208 5 4655 0
209 2 37 0
210 4 4605 0
211 6 2748 0
212 8 10 0
213 5 869 0
214 2 4496 0
215 7 3027 0
216 4 2544 0
217 4 2033 0
218 6 4153 0
219 8 152 0
220 6 636 0
221 7 2702 0
222 5 187 0
223 4 185 0
224 8 1757 0
225 7 4419 0
226 5 915 0
227 4 993 0
228 6 330 0
229 5 673 0
230 7 4622 0
231 6 1984 0
232 8 2791 0
233 6 660 0
234 5 2322 0
235 5 516 0
236 6 3636 0
237 7 1421 0
238 7 1261 0
239 6 990 0
240 9 4034 0
241 8 4364 0
242 7 4141 0
243 5 4991 0
244 4 4122 0
245 4 145 0
246 6 3763 0
247 5 168 0
248 4 3954 0
249 5 25 0
250 6 532 0
251 9 1995 0
252 2 526 0
253 9 4677 0
254 6 3219 0
255 10 4019 0
256 6 1637 0
257 6 3822 0
258 7 2667 0
259 6 2823 0
260 6 2275 0
261 5 411 0
262 5 3260 0
263 4 1110 0
264 7 4111 0
265 6 3199 0
266 1 2146 0
267 9 1209 0
268 6 879 0
269 10 928 0
270 9 327 0
271 7 3729 0
272 3 3820 0
273 7 2597 0
274 2 4899 0
275 8 4544 0
276 7 3990 0
277 8 4557 0
278 5 248 0
279 8 1300 0
280 8 3640 0
281 4 1909 0
282 9 4989 0
283 5 4062 0
284 8 2357 0
285 6 1515 0
286 5 2352 0
287 2 3895 0
288 4 4325 0
289 4 747 0
290 5 1867 0
291 4 1573 0
292 5 1840 0
293 6 3926 0
294 5 2954 0
295 6 3802 0
296 9 2755 0
297 3 3017 0
298 4 1319 0
299 7 2541 0
300 7 3712 0
301 4 2414 0
302 6 1700 0
303 9 2926 0
304 7 4204 0
305 7 4851 0
306 6 4185 0
307 3 3683 0
308 6 2552 0
309 6 1561 0
310 7 375 0
311 7 2218 0
312 6 1442 0
313 6 3813 0
314 5 1386 0
315 8 3440 0
316 7 855 0
317 6 1238 0
318 7 1096 0
319 7 4138 0
320 5 1725 0
321 10 3993 0
322 6 954 0
323 5 1471 0
324 5 1321 0
325 7 3030 0
326 3 4108 0
327 5 4073 0
328 5 4922 0
329 4 4466 0
330 5 2896 0
331 4 2876 0
332 5 171 0
333 6 4148 0
334 2 1987 0
335 8 2529 0
336 4 1649 0
337 4 3869 0
338 5 3985 0
339 5 1054 0
340 4 909 0
341 2 2961 0
342 6 4606 0
343 5 3913 0
344 7 386 0
345 5 2900 0
346 6 377 0
347 4 15 0
348 2 3000 0
349 5 3135 0
350 7 914 0
351 3 2912 0
352 3 4824 0
353 5 1795 0
354 4 3738 0
355 5 3565 0
356 7 1375 0
357 10 1126 0
358 8 3712 0
359 7 4202 0
360 6 167 0
361 7 4589 0
362 6 4892 0
363 6 4877 0
364 4 2539 0
365 7 2792 0
366 7 2570 0
367 6 1100 0
368 7 2641 0
369 5 642 0
370 6 4407 0
371 6 3081 0
372 5 1873 0
373 4 731 0
374 6 2269 0
375 2 400 0
376 6 1559 0
377 9 1213 0
378 5 3299 0
379 6 3742 0
380 6 1438 0
381 3 376 0
382 3 1394 0
383 4 2521 0
384 3 3999 0
385 6 2776 0
386 5 3276 0
387 8 4810 0
388 7 1460 0
389 4 691 0
390 6 4509 0
391 5 2060 0
392 4 622 0
393 8 2099 0
394 9 268 0
395 5 3938 0
396 7 248 0
397 5 1365 0
398 6 3977 0
399 7 237 0
400 5 2436 0
401 4 2741 0
402 7 1947 0
403 5 2507 0
404 6 2536 0
405 4 2977 0
406 5 1594 0
407 3 2704 0
408 0 3764 0
409 4 1818 0
410 4 1849 0
411 8 2643 0
412 7 2208 0
413 5 1911 0
414 11 427 0
415 6 4495 0
416 7 3728 0
417 10 2929 0
418 2 1884 0
419 7 3352 0
420 5 3564 0
421 6 3714 0
422 5 3971 0
423 5 1611 0
424 3 956 0
425 11 3873 0
426 2 1212 0
427 8 1548 0
428 12 492 0
429 8 2741 0
430 7 2443 0
431 3 1994 0
432 8 4229 0
433 6 1569 0
434 3 4588 0
435 5 650 0
436 5 904 0
437 6 3030 0
438 9 3073 0
439 3 3177 0
440 3 921 0
441 6 4097 0
442 9 1670 0
443 6 3595 0
444 4 662 0
445 7 2275 0
446 6 1965 0
447 7 4985 0
448 5 4360 0
449 7 439 0
450 4 1453 0
451 9 129 0
452 5 2635 0
453 5 4528 0
454 8 849 0
455 6 168 0
456 4 3674 0
457 4 1283 0
458 4 1814 0
459 10 3671 0
460 7 860 0
461 8 789 0
462 8 4808 0
463 10 395 0
464 8 950 0
465 4 3461 0
466 8 4941 0
467 4 494 0
468 9 2985 0
469 4 2604 0
470 4 1305 0
471 9 3311 0
472 5 2463 0
473 7 798 0
474 6 1842 0
475 3 373 0
476 6 3883 0
477 5 130 0
478 4 665 0
479 3 3147 0
480 7 1110 0
481 7 4284 0
482 6 1740 0
483 2 2119 0
484 5 2884 0
485 8 2411 0
486 5 4923 0
487 3 887 0
488 5 2476 0
489 4 1949 0
490 5 3752 0
491 5 3006 0
492 5 1244 0
493 5 3848 0
494 4 4945 0
495 3 665 0
496 5 269 0
497 5 3873 0
498 4 1144 0
499 5 3335 0
500 7 1040 0
501 8 4562 0
502 6 2105 0
503 5 3895 0
504 6 1694 0
505 9 1676 0
506 6 2886 0
507 2 2483 0
508 10 1250 0
509 3 146 0
510 7 2550 0
511 5 4088 0
512 3 4747 0
513 6 3270 0
514 6 2050 0
515 5 1137 0
516 5 2759 0
517 10 4765 0
518 4 2420 0
519 7 2498 0
520 7 3535 0
521 4 92 0
522 2 1540 0
523 8 2005 0
524 10 669 0
525 7 1094 0
526 5 699 0
527 4 1522 0
528 6 919 0
529 7 1225 0
530 5 774 0
531 4 4248 0
532 7 2769 0
533 4 1356 0
534 7 1483 0
535 5 4107 0
536 5 1379 0
537 5 4548 0
538 5 290 0
539 9 3589 0
540 4 3647 0
541 4 4418 0
542 8 2467 0
543 3 1664 0
544 6 4823 0
545 4 4337 0
546 9 278 0
547 7 3997 0
548 4 3014 0
549 5 793 0
550 4 3861 0
551 5 3050 0
552 6 371 0
553 4 4161 0
554 6 397 0
555 8 3067 0
556 4 3093 0
557 5 2352 0
558 7 2 0
559 2 4785 0
560 3 3478 0
561 2 1723 0
562 4 3419 0
563 6 3570 0
564 4 1155 0
565 3 4822 0
566 0 1059 0
567 8 2069 0
568 6 2828 0
569 6 428 0
570 8 2800 0
571 5 2557 0
572 9 244 0
573 2 3756 0
574 8 1173 0
575 2 4567 0
576 5 4677 0
577 4 1632 0
578 2 2697 0
579 3 3861 0
580 4 2979 0
581 5 2663 0
582 7 368 0
583 5 801 0
584 6 1963 0
585 5 1118 0
586 7 4739 0
587 4 783 0
588 6 1327 0
589 7 3168 0
590 7 4145 0
591 7 4111 0
592 7 1840 0
593 8 2253 0
594 4 2781 0
595 4 3296 0
596 5 4313 0
597 5 3483 0
598 5 3424 0
599 5 107 0
600 9 3482 0
601 5 3618 0
602 8 1470 0
603 4 3557 0
604 8 1476 0
605 2 4842 0
606 4 558 0
607 5 2032 0
608 4 1260 0
609 9 4590 0
610 5 4630 0
611 1 4244 0
612 7 6 0
613 5 3133 0
614 3 2326 0
615 3 1120 0
616 8 1930 0
617 5 467 0
618 7 1431 0
619 8 4424 0
620 9 595 0
621 10 597 0
622 7 1052 0
623 5 1994 0
624 6 2302 0
625 3 296 0
626 4 817 0
627 2 4690 0
628 4 3095 0
629 6 3905 0
630 1 3616 0
631 5 2491 0
632 5 3973 0
633 9 2042 0
634 11 1271 0
635 4 1400 0
636 8 3594 0
637 7 1097 0
638 8 643 0
639 7 3683 0
640 8 3883 0
641 4 4292 0
642 8 963 0
643 6 4454 0
644 4 1172 0
645 9 3256 0
646 5 3169 0
647 3 1977 0
648 3 3503 0
649 8 366 0
650 5 4880 0
651 8 75 0
652 7 908 0
653 6 1198 0
654 5 4416 0
655 7 428 0
656 6 618 0
657 6 1746 0
658 6 3519 0
659 5 2383 0
660 7 146 0
661 8 1057 0
662 7 3854 0
663 7 89 0
664 6 426 0
665 7 435 0
666 5 2444 0
667 4 2629 0
668 6 3795 0
669 3 2230 0
670 4 18 0
671 5 1415 0
672 7 4726 0
673 5 997 0
674 5 1875 0
675 6 1109 0
676 2 1935 0
677 7 4291 0
678 8 775 0
679 5 2164 0
680 6 11 0
681 8 1895 0
682 6 4748 0
683 5 2289 0
684 9 4605 0
685 7 3075 0
686 7 2995 0
687 5 3601 0
688 8 2741 0
689 5 4818 0
690 8 1266 0
691 7 1269 0
692 3 3448 0
693 3 4890 0
694 6 963 0
695 3 293 0
696 6 1959 0
697 8 1046 0
698 9 2291 0
699 4 453 0
700 5 138 0
701 6 250 0
702 3 3723 0
703 4 2681 0
704 6 4549 0
705 9 4333 0
706 6 4090 0
707 6 490 0
708 5 605 0
709 4 3442 0
710 1 4170 0
711 7 3068 0
712 6 1357 0
713 6 2169 0
714 6 1670 0
715 7 136 0
716 1 1584 0
717 6 3923 0
718 9 2690 0
719 5 1415 0
720 10 2529 0
721 5 77 0
722 3 1349 0
723 6 462 0
724 6 1890 0
725 6 3646 0
726 5 4890 0
727 5 4113 0
728 9 3948 0
729 4 2399 0
730 5 401 0
731 6 2155 0
732 7 2025 0
733 4 4232 0
734 4 1652 0
735 5 2857 0
736 7 2855 0
737 9 2227 0
738 8 2283 0
739 5 808 0
740 8 180 0
741 3 4818 0
742 7 545 0
743 7 3628 0
744 5 3128 0
745 7 1424 0
746 7 1688 0
747 6 212 0
748 4 3140 0
749 7 2350 0
750 2 2458 0
751 5 3296 0
752 5 1660 0
753 6 101 0
754 4 846 0
755 4 1679 0
756 3 347 0
757 3 2976 0
758 3 212 0
759 1 4984 0
760 9 894 0
761 6 966 0
762 5 4929 0
763 7 3162 0
764 4 1490 0
765 4 4595 0
766 5 4247 0
767 5 1277 0
768 9 3654 0
769 6 990 0
770 2 2768 0
771 7 3235 0
772 9 749 0
773 6 1992 0
774 4 3422 0
775 4 4119 0
776 3 4051 0
777 6 266 0
778 6 1897 0
779 4 1022 0
780 5 2463 0
781 10 3935 0
782 2 344 0
783 6 2966 0
784 5 4287 0
785 4 4835 0
786 4 1579 0
787 3 1438 0
788 5 2092 0
789 3 2621 0
790 7 2771 0
791 9 30 0
792 6 4559 0
793 6 2880 0
794 7 1595 0
795 4 4523 0
796 6 3729 0
797 4 2696 0
798 6 2587 0
799 5 16 0
800 8 3016 0
801 2 4691 0
802 8 3537 0
803 5 349 0
804 5 4768 0
805 1 2843 0
806 2 4886 0
807 5 3103 0
808 5 2305 0
809 6 4711 0
810 4 2242 0
811 6 124 0
812 7 1642 0
813 7 2224 0
814 4 1510 0
815 5 2816 0
816 5 2717 0
817 3 3659 0
818 6 1558 0
819 3 4350 0
820 7 262 0
821 5 1684 0
822 6 3092 0
823 5 4341 0
824 5 879 0
825 2 4018 0
826 9 1850 0
827 7 2523 0
828 4 4600 0
829 4 690 0
830 6 1078 0
831 3 4920 0
832 5 3590 0
833 4 4673 0
834 7 1750 0
835 10 4949 0
836 7 3300 0
837 7 647 0
838 3 2077 0
839 6 1763 0
840 2 4948 0
841 10 3813 0
842 3 2928 0
843 7 542 0
844 5 3070 0
845 5 392 0
846 5 2921 0
847 5 1277 0
848 5 4728 0
849 4 4918 0
850 7 2752 0
851 6 4270 0
852 7 3784 0
853 2 3531 0
854 9 2182 0
855 7 4140 0
856 3 177 0
857 4 2913 0
858 3 2849 0
859 3 1530 0
860 7 3188 0
861 3 960 0
862 5 3518 0
863 8 411 0
864 8 2655 0
865 5 821 0
866 2 2627 0
867 6 627 0
868 5 3607 0
869 5 3032 0
870 2 1754 0
871 4 3639 0
872 7 2004 0
873 6 2594 0
874 4 1698 0
875 11 2266 0
876 4 3206 0
877 5 2531 0
878 4 2570 0
879 8 4716 0
880 6 1100 0
881 5 4419 0
882 8 4838 0
883 8 3966 0
884 6 1528 0
885 5 2876 0
886 3 429 0
887 6 1983 0
888 5 1961 0
889 7 413 0
890 3 18 0
891 3 3470 0
892 7 4520 0
893 7 3419 0
894 5 980 0
895 8 186 0
896 6 1836 0
897 5 641 0
898 5 1237 0
899 6 2067 0
900 8 541 0
901 8 1101 0
902 8 674 0
903 8 4757 0
904 4 2715 0
905 5 1491 0
906 5 2418 0
907 3 2060 0
908 4 1307 0
909 5 2492 0
910 7 774 0
911 7 2178 0
912 8 189 0
913 5 3854 0
914 4 2931 0
915 5 2857 0
916 7 361 0
917 7 2280 0
918 5 1746 0
919 5 3216 0
920 6 855 0
921 8 1424 0
922 9 1054 0
923 3 244 0
924 7 2730 0
925 7 396 0
926 6 4217 0
927 2 4159 0
928 8 4256 0
929 5 2348 0
930 3 1967 0
931 7 2498 0
932 4 212 0
933 6 1475 0
934 6 4633 0
935 6 1701 0
936 8 3236 0
937 5 2041 0
938 6 1763 0
939 7 566 0
940 7 4427 0
941 9 1408 0
942 6 3972 0
943 4 1977 0
944 8 2382 0
945 8 3767 0
946 6 3885 0
947 7 846 0
948 3 69 0
949 5 1000 0
950 5 3712 0
951 5 747 0
952 5 3869 0
953 4 1112 0
954 6 2793 0
955 2 76 0
956 6 1932 0
957 8 3282 0
958 6 2582 0
959 7 1458 0
960 8 4617 0
961 5 1030 0
962 6 3041 0
963 7 2102 0
964 6 4045 0
965 4 2612 0
966 7 3581 0
967 4 1373 0
968 4 4401 0
969 2 4461 0
970 4 1152 0
971 10 2307 0
972 3 4903 0
973 7 1761 0
974 4 2117 0
975 6 2295 0
976 5 191 0
977 9 3427 0
978 6 1950 0
979 2 3971 0
980 6 1873 0
981 6 948 0
982 6 4905 0
983 7 2219 0
984 7 615 0
985 4 4408 0
986 6 342 0
987 5 689 0
988 3 4663 0
989 8 4439 0
990 8 125 0
991 5 1281 0
992 6 989 0
993 6 713 0
994 9 3397 0
995 5 301 0
996 6 1125 0
997 4 2774 0
998 7 753 0
999 6 4512 0
1000 10 4998 0
1001 9 1225 0
1002 4 3083 0
1003 6 3894 0
1004 5 4798 0
1005 5 3397 0
1006 5 1739 0
1007 7 3411 0
1008 6 3272 0
1009 4 2237 0
1010 7 4778 0
1011 4 2440 0
1012 2 1322 0
1013 3 1666 0
1014 4 4240 0
1015 5 4455 0
1016 5 4163 0
1017 7 2698 0
1018 4 1877 0
1019 3 1859 0
1020 3 756 0
1021 3 3664 0
1022 4 375 0
1023 8 4376 0
1024 7 853 0
1025 4 2541 0
1026 7 2699 0
1027 4 4678 0
1028 5 910 0
1029 5 4919 0
1030 7 4944 0
1031 3 3109 0
1032 4 1235 0
1033 4 2791 0
1034 3 3386 0
1035 5 1374 0
1036 3 663 0
1037 5 909 0
1038 4 606 0
1039 9 3689 0
1040 8 3799 0
1041 5 1041 0
1042 8 4407 0
1043 2 912 0
1044 7 2078 0
1045 3 2267 0
1046 7 4866 0
1047 2 2808 0
1048 6 2209 0
1049 6 4721 0
1050 4 4814 0
1051 8 3664 0
1052 7 1288 0
1053 7 2704 0
1054 6 2678 0
1055 4 923 0
1056 6 4005 0
1057 4 4668 0
1058 3 2992 0
1059 3 1210 0
1060 5 735 0
1061 4 3158 0
1062 6 300 0
1063 3 2426 0
1064 5 264 0
1065 8 209 0
1066 3 3745 0
1067 3 18 0
1068 8 1530 0
1069 5 4818 0
1070 4 4139 0
1071 2 16 0
1072 5 3061 0
1073 6 948 0
1074 2 4827 0
1075 5 2714 0
1076 7 4517 0
1077 5 3315 0
1078 5 1269 0
1079 6 1855 0
1080 4 3497 0
1081 6 2278 0
1082 4 3030 0
1083 2 4372 0
1084 7 2616 0
1085 5 4852 0
1086 6 76 0
1087 2 1220 0
1088 6 1568 0
1089 5 3422 0
1090 6 2546 0
1091 8 2021 0
1092 7 1834 0
1093 6 1782 0
1094 4 1437 0
1095 6 4460 0
1096 3 1052 0
1097 7 618 0
1098 7 3524 0
1099 4 277 0
1100 3 3449 0
1101 6 1489 0
1102 8 1204 0
1103 8 4102 0
1104 4 1179 0
1105 9 2038 0
1106 2 2219 0
1107 9 1780 0
1108 11 1746 0
1109 8 479 0
1110 5 1577 0
1111 5 4180 0
1112 4 2307 0
1113 8 2155 0
1114 5 2983 0
1115 4 4656 0
1116 3 4025 0
1117 9 4467 0
1118 5 4908 0
1119 4 939 0
1120 8 2304 0
1121 8 654 0
1122 7 361 0
1123 6 2685 0
1124 4 2438 0
1125 5 135 0
1126 8 3571 0
1127 7 2434 0
1128 4 1086 0
1129 4 3233 0
1130 5 2082 0
1131 4 4540 0
1132 7 2146 0
1133 7 2719 0
1134 6 1351 0
1135 4 3374 0
1136 5 847 0
1137 8 4811 0
1138 4 164 0
1139 7 3551 0
1140 6 3056 0
1141 6 4639 0
1142 5 4528 0
1143 7 1030 0
1144 4 1075 0
1145 6 4841 0
1146 1 1537 0
1147 4 2929 0
1148 3 2337 0
1149 8 2110 0
1150 5 4579 0
1151 4 389 0
1152 4 287 0
1153 1 1751 0
1154 6 183 0
1155 4 3104 0
1156 5 975 0
1157 3 4717 0
1158 6 1513 0
1159 5 959 0
1160 7 2426 0
1161 6 1770 0
1162 7 1810 0
1163 4 2946 0
1164 6 4187 0
1165 4 1801 0
1166 5 4125 0
1167 7 10 0
1168 3 849 0
1169 5 641 0
1170 6 3919 0
1171 3 1651 0
1172 10 2413 0
1173 5 4210 0
1174 4 3440 0
1175 9 2806 0
1176 6 2434 0
1177 2 3883 0
1178 5 2294 0
1179 5 1899 0
1180 8 4535 0
1181 2 3984 0
1182 8 278 0
1183 4 3560 0
1184 6 3356 0
1185 1 2741 0
1186 6 762 0
1187 7 2150 0
1188 2 2551 0
1189 10 751 0
1190 1 4910 0
1191 4 414 0
1192 5 2531 0
1193 6 736 0
1194 10 1701 0
1195 8 1923 0
1196 6 3646 0
1197 5 4494 0
1198 2 399 0
1199 3 888 0
1200 7 1924 0
1201 8 2613 0
1202 12 3702 0
1203 4 4444 0
1204 2 4263 0
1205 6 783 0
1206 6 4436 0
1207 5 332 0
1208 6 2706 0
1209 5 1636 0
1210 7 4506 0
1211 3 2102 0
1212 6 1372 0
1213 8 4749 0
1214 6 2288 0
1215 7 1489 0
1216 0 3786 0
1217 5 1482 0
1218 3 4270 0
1219 3 221 0
1220 7 3457 0
1221 4 2819 0
1222 6 2924 0
1223 4 131 0
1224 7 3380 0
1225 5 949 0
1226 8 2422 0
1227 3 155 0
1228 5 3751 0
1229 5 1042 0
1230 5 642 0
1231 6 3997 0
1232 7 2979 0
1233 4 210 0
1234 5 3666 0
1235 4 3539 0
1236 5 1958 0
1237 2 2251 0
1238 10 2476 0
1239 3 1710 0
1240 5 2746 0
1241 2 1266 0
1242 3 368 0
1243 3 2655 0
1244 7 763 0
1245 2 3777 0
1246 6 2596 0
1247 4 2300 0
1248 7 4934 0
1249 9 4174 0
1250 4 4382 0
1251 5 1012 0
1252 4 605 0
1253 5 1865 0
1254 8 4315 0
1255 9 441 0
1256 3 3162 0
1257 4 3204 0
1258 5 4673 0
1259 3 3182 0
1260 8 1471 0
1261 2 4361 0
1262 7 1200 0
1263 5 1944 0
1264 7 4904 0
1265 4 4089 0
1266 4 4235 0
1267 5 965 0
1268 4 825 0
1269 7 1635 0
1270 7 4778 0
1271 4 1018 0
1272 8 2150 0
1273 6 4410 0
1274 3 4298 0
1275 7 4453 0
1276 7 4652 0
1277 3 2365 0
1278 4 327 0
1279 7 218 0
1280 8 4309 0
1281 7 952 0
1282 6 4247 0
1283 7 3721 0
1284 5 4981 0
1285 5 4850 0
1286 6 4557 0
1287 9 888 0
1288 6 3498 0
1289 8 847 0
1290 6 303 0
1291 6 2376 0
1292 9 3113 0
1293 5 4099 0
1294 6 467 0
1295 5 3738 0
1296 3 3187 0
1297 6 92 0
1298 7 461 0
1299 7 2252 0
1300 8 4685 0
1301 2 2344 0
1302 5 395 0
1303 4 3950 0
1304 5 1511 0
1305 6 2990 0
1306 5 1198 0
1307 5 1446 0
1308 6 566 0
1309 7 2085 0
1310 7 3404 0
1311 5 4090 0
1312 4 2785 0
1313 2 2751 0
1314 6 4523 0
1315 7 1025 0
1316 3 4544 0
1317 5 4916 0
1318 5 181 0
1319 5 300 0
1320 6 4917 0
1321 5 3345 0
1322 6 1262 0
1323 5 4110 0
1324 6 1924 0
1325 5 3848 0
1326 7 1382 0
1327 6 3207 0
1328 6 1025 0
1329 6 3219 0
1330 6 2586 0
1331 4 4878 0
1332 4 506 0
1333 8 3511 0
1334 7 2988 0
1335 5 4378 0
1336 5 1022 0
1337 4 488 0
1338 5 3328 0
1339 5 4006 0
1340 6 4595 0
1341 5 1623 0
1342 5 1543 0
1343 6 38 0
1344 4 3937 0
1345 8 3916 0
1346 6 2558 0
1347 4 2764 0
1348 6 3498 0
1349 5 3909 0
1350 7 2217 0
1351 6 2762 0
1352 9 1272 0
1353 3 4654 0
1354 2 2397 0
1355 6 4682 0
1356 4 2806 0
1357 5 1874 0
1358 9 3446 0
1359 3 1943 0
1360 3 1565 0
1361 8 3393 0
1362 2 4716 0
1363 7 2516 0
1364 7 4845 0
1365 3 1908 0
1366 3 2546 0
1367 7 3040 0
1368 8 2982 0
1369 7 3574 0
1370 8 4597 0
1371 4 4726 0
1372 8 2006 0
1373 8 1606 0
1374 5 907 0
1375 10 1428 0
1376 1 4961 0
1377 6 2256 0
1378 2 1849 0
1379 6 1433 0
1380 7 2796 0
1381 7 4006 0
1382 3 345 0
1383 6 724 0
1384 7 3958 0
1385 6 2206 0
1386 3 2767 0
1387 3 1869 0
1388 5 836 0
1389 3 894 0
1390 4 528 0
1391 5 524 0
1392 6 1130 0
1393 8 3664 0
1394 4 903 0
1395 6 3975 0
1396 7 469 0
1397 6 1524 0
1398 6 2178 0
1399 4 1451 0
1400 5 407 0
1401 5 1459 0
1402 4 1082 0
1403 4 3510 0
1404 4 3780 0
1405 6 4699 0
1406 7 1267 0
1407 6 2995 0
1408 4 2500 0
1409 3 1169 0
1410 7 3576 0
1411 5 3243 0
1412 6 3312 0
1413 7 3471 0
1414 6 1057 0
1415 6 3595 0
1416 8 220 0
1417 11 3871 0
1418 6 3602 0
1419 3 2750 0
1420 7 1086 0
1421 3 1403 0
1422 9 2254 0
1423 6 1201 0
1424 3 3421 0
1425 5 616 0
1426 5 1892 0
1427 7 3616 0
1428 5 814 0
1429 2 4819 0
1430 5 2139 0
1431 4 1855 0
1432 8 705 0
1433 5 4347 0
1434 3 1013 0
1435 3 4987 0
1436 6 4037 0
1437 7 3292 0
1438 3 655 0
1439 2 3477 0
1440 6 4272 0
1441 6 4099 0
1442 6 2034 0
1443 5 3018 0
1444 5 2977 0
1445 5 3402 0
1446 7 3057 0
1447 5 43 0
1448 5 4109 0
1449 7 2370 0
1450 4 866 0
1451 6 331 0
1452 5 3261 0
1453 7 3743 0
1454 4 3861 0
1455 7 2228 0
1456 5 2711 0
1457 4 4530 0
1458 4 918 0
1459 8 3296 0
1460 3 295 0
1461 4 3947 0
1462 8 175 0
1463 6 4804 0
1464 8 1388 0
1465 3 1947 0
1466 3 1949 0
1467 2 3383 0
1468 6 4650 0
1469 9 1539 0
1470 7 3268 0
1471 5 155 0
1472 5 2055 0
1473 3 1176 0
1474 4 3118 0
1475 4 2349 0
1476 6 1024 0
1477 5 2741 0
1478 5 2723 0
1479 4 1266 0
1480 4 1992 0
1481 4 3067 0
1482 3 2362 0
1483 6 459 0
1484 8 1219 0
1485 6 4715 0
1486 4 3423 0
1487 4 2732 0
1488 6 1802 0
1489 3 4982 0
1490 4 3951 0
1491 7 4786 0
1492 5 972 0
1493 5 2774 0
1494 3 1254 0
1495 5 233 0
1496 6 2397 0
1497 6 366 0
1498 1 2594 0
1499 5 3550 0
1500 2 4686 0
1501 7 3606 0
1502 6 4298 0
1503 4 999 0
1504 3 2792 0
1505 6 3725 0
1506 9 4252 0
1507 6 4022 0
1508 6 1770 0
1509 11 3310 0
1510 2 2143 0
1511 5 2938 0
1512 3 4653 0
1513 2 3467 0
1514 5 2649 0
1515 6 3620 0
1516 6 4563 0
1517 5 347 0
1518 7 2196 0
1519 6 2325 0
1520 6 3199 0
1521 9 3353 0
1522 5 1612 0
1523 5 3672 0
1524 4 614 0
1525 5 3149 0
1526 6 4841 0
1527 7 1156 0
1528 4 3260 0
1529 5 1205 0
1530 6 387 0
1531 5 511 0
1532 5 4925 0
1533 7 649 0
1534 9 876 0
1535 3 2523 0
1536 3 1545 0
1537 4 1258 0
1538 5 1540 0
1539 4 2202 0
1540 7 963 0
1541 5 4212 0
1542 6 1911 0
1543 7 2270 0
1544 7 197 0
1545 7 3206 0
1546 9 2109 0
1547 7 1823 0
1548 5 1743 0
1549 5 784 0
1550 2 1893 0
1551 4 4510 0
1552 4 1972 0
1553 8 4549 0
1554 7 2162 0
1555 5 4224 0
1556 7 2885 0
1557 9 655 0
1558 4 3738 0
1559 8 2421 0
1560 9 2564 0
1561 5 4741 0
1562 5 2663 0
1563 8 3659 0
1564 5 1888 0
1565 5 3740 0
1566 4 4586 0
1567 3 2033 0
1568 6 305 0
1569 4 3144 0
1570 4 3714 0
1571 5 2504 0
1572 5 553 0
1573 5 2540 0
1574 4 4915 0
1575 5 3537 0
1576 9 768 0
1577 7 340 0
1578 4 1042 0
1579 4 4779 0
1580 8 2140 0
1581 9 4756 0
1582 6 4131 0
1583 6 955 0
1584 8 1310 0
1585 5 3940 0
1586 4 1308 0
1587 5 980 0
1588 7 571 0
1589 7 2263 0
1590 9 871 0
1591 2 714 0
1592 5 4607 0
1593 8 4939 0
1594 3 3997 0
1595 5 1400 0
1596 7 3153 0
1597 3 2207 0
1598 6 2393 0
1599 7 4381 0
1600 5 1050 0
1601 8 3603 0
1602 5 808 0
1603 4 1233 0
1604 9 2437 0
1605 6 3221 0
1606 7 4510 0
1607 2 939 0
1608 5 3067 0
1609 6 224 0
1610 3 467 0
1611 10 58 0
1612 5 4484 0
1613 4 3756 0
1614 5 769 0
1615 7 352 0
1616 6 1660 0
1617 7 1743 0
1618 3 4227 0
1619 5 230 0
1620 3 2032 0
1621 7 2085 0
1622 6 1483 0
1623 7 2251 0
1624 5 2602 0
1625 7 2496 0
1626 4 2820 0
1627 6 3384 0
1628 8 336 0
1629 6 2100 0
1630 6 438 0
1631 3 4793 0
1632 5 710 0
1633 6 1554 0
1634 3 2718 0
1635 1 2547 0
1636 8 248 0
1637 4 4498 0
1638 4 3827 0
1639 6 1710 0
1640 3 3585 0
1641 5 4863 0
1642 2 6 0
1643 5 2961 0
1644 5 4046 0
1645 5 27 0
1646 5 2217 0
1647 3 2777 0
1648 7 3823 0
1649 4 3974 0
1650 4 521 0
1651 7 3782 0
1652 7 1738 0
1653 7 420 0
1654 5 741 0
1655 5 3813 0
1656 5 1588 0
1657 5 1173 0
1658 5 3413 0
1659 6 4906 0
1660 6 7 0
1661 6 2697 0
1662 3 2598 0
1663 4 3977 0
1664 7 3803 0
1665 7 2624 0
1666 7 35 0
1667 4 3124 0
1668 10 4088 0
1669 5 216 0
1670 7 1390 0
1671 7 3473 0
1672 8 1932 0
1673 4 4990 0
1674 6 1333 0
1675 7 3031 0
1676 5 321 0
1677 2 3730 0
1678 8 4123 0
1679 5 840 0
1680 7 411 0
1681 1 4033 0
1682 3 1932 0
1683 10 2678 0
1684 5 74 0
1685 3 171 0
1686 1 4125 0
1687 7 4625 0
1688 4 1341 0
1689 7 3867 0
1690 5 806 0
1691 8 468 0
1692 7 3691 0
1693 8 4041 0
1694 7 2814 0
1695 8 3727 0
1696 6 2171 0
1697 4 3208 0
1698 8 1543 0
1699 5 3592 0
1700 8 2296 0
1701 7 4729 0
1702 8 880 0
1703 8 3658 0
1704 4 2417 0
1705 7 1922 0
1706 3 4692 0
1707 3 2149 0
1708 5 2141 0
1709 6 3544 0
1710 7 4920 0
1711 7 4180 0
1712 8 3323 0
1713 4 2229 0
1714 7 69 0
1715 6 2928 0
1716 5 886 0
1717 7 2566 0
1718 7 1981 0
1719 8 2660 0
1720 5 2400 0
1721 7 742 0
1722 6 4336 0
1723 10 4248 0
1724 2 522 0
1725 4 3386 0
1726 4 135 0
1727 11 3680 0
1728 6 1347 0
1729 8 2185 0
1730 5 2470 0
1731 6 4425 0
1732 4 3646 0
1733 6 388 0
1734 3 4633 0
1735 4 438 0
1736 7 4543 0
1737 7 4931 0
1738 10 4654 0
1739 2 1495 0
1740 4 3573 0
1741 3 3740 0
1742 5 1567 0
1743 10 1272 0
1744 3 4657 0
1745 9 2894 0
1746 6 3757 0
1747 3 2686 0
1748 5 515 0
1749 10 61 0
1750 5 2268 0
1751 3 2823 0
1752 2 2150 0
1753 6 3864 0
1754 3 2910 0
1755 7 4962 0
1756 4 2583 0
1757 5 4884 0
1758 7 295 0
1759 7 4234 0
1760 8 1498 0
1761 8 1942 0
1762 5 3654 0
1763 8 1950 0
1764 6 2037 0
1765 3 2687 0
1766 4 2900 0
1767 6 685 0
1768 5 744 0
1769 4 4160 0
1770 0 4941 0
1771 9 3646 0
1772 4 3966 0
1773 2 4668 0
1774 6 721 0
1775 8 4665 0
1776 10 1893 0
1777 5 1882 0
1778 3 2949 0
1779 3 1474 0
1780 6 4182 0
1781 4 1410 0
1782 5 2237 0
1783 6 2279 0
1784 6 1561 0
1785 5 1701 0
1786 5 4619 0
1787 7 2758 0
1788 5 1163 0
1789 6 1993 0
1790 7 4433 0
1791 1 1449 0
1792 9 4743 0
1793 3 3204 0
1794 5 3570 0
1795 7 1150 0
1796 4 2357 0
1797 5 1927 0
1798 7 4776 0
1799 5 1850 0
1800 5 888 0
1801 3 3845 0
1802 5 1780 0
1803 6 701 0
1804 6 4979 0
1805 4 4681 0
1806 5 1499 0
1807 7 3560 0
1808 7 3821 0
1809 7 2731 0
1810 6 204 0
1811 8 108 0
1812 5 4207 0
1813 5 1501 0
1814 7 4380 0
1815 9 2309 0
1816 2 1999 0
1817 4 1654 0
1818 6 264 0
1819 4 107 0
1820 8 577 0
1821 6 1928 0
1822 6 739 0
1823 2 1974 0
1824 8 4803 0
1825 4 2259 0
1826 3 302 0
1827 6 2954 0
1828 6 2856 0
1829 8 3048 0
1830 8 981 0
1831 5 1948 0
1832 4 844 0
1833 2 4173 0
1834 5 1418 0
1835 5 3264 0
1836 3 135 0
1837 4 3503 0
1838 6 2853 0
1839 7 241 0
1840 4 3064 0
1841 5 328 0
1842 5 2054 0
1843 4 4967 0
1844 5 3060 0
1845 3 560 0
1846 4 4683 0
1847 6 755 0
1848 0 3655 0
1849 5 2072 0
1850 8 218 0
1851 7 80 0
1852 7 1285 0
1853 4 707 0
1854 3 916 0
1855 4 2281 0
1856 7 2184 0
1857 10 2387 0
1858 8 3216 0
1859 4 1898 0
1860 7 2357 0
1861 6 2026 0
1862 3 3731 0
1863 5 4710 0
1864 6 1988 0
1865 5 2618 0
1866 5 1610 0
1867 6 1726 0
1868 4 1538 0
1869 4 4113 0
1870 4 3152 0
1871 8 2791 0
1872 1 1452 0
1873 5 2687 0
1874 6 3665 0
1875 10 4982 0
1876 3 2606 0
1877 4 4272 0
1878 7 379 0
1879 4 2422 0
1880 2 3306 0
1881 3 2774 0
1882 4 1312 0
1883 8 486 0
1884 6 2945 0
1885 3 3412 0
1886 4 2286 0
1887 5 2122 0
1888 2 2557 0
1889 6 1772 0
1890 4 3340 0
1891 5 4882 0
1892 3 4486 0
1893 0 1081 0
1894 7 1243 0
1895 8 3681 0
1896 6 2427 0
1897 3 3074 0
1898 9 4242 0
1899 7 1098 0
1900 7 3607 0
1901 7 1150 0
1902 6 2840 0
1903 6 1342 0
1904 3 1936 0
1905 4 708 0
1906 7 2008 0
1907 5 1643 0
1908 6 4046 0
1909 8 420 0
1910 4 2496 0
1911 9 2822 0
1912 6 1775 0
1913 9 4641 0
1914 6 4626 0
1915 6 3697 0
1916 5 3412 0
1917 5 4928 0
1918 8 3558 0
1919 4 4826 0
1920 5 3481 0
1921 3 1918 0
1922 8 852 0
1923 2 3636 0
1924 7 82 0
1925 3 4593 0
1926 8 888 0
1927 3 627 0
1928 6 1907 0
1929 6 2711 0
1930 5 900 0
1931 5 3176 0
1932 8 3119 0
1933 7 1705 0
1934 8 1224 0
1935 7 3539 0
1936 7 1856 0
1937 6 2650 0
1938 4 587 0
1939 2 3987 0
1940 5 4669 0
1941 7 2408 0
1942 6 3514 0
1943 5 862 0
1944 8 2991 0
1945 9 441 0
1946 5 3837 0
1947 6 2496 0
1948 6 4986 0
1949 7 1717 0
1950 5 354 0
1951 4 1806 0
1952 5 2429 0
1953 3 2755 0
1954 4 3246 0
1955 2 3154 0
1956 7 3661 0
1957 6 2143 0
1958 8 4862 0
1959 3 4483 0
1960 5 3704 0
1961 3 656 0
1962 9 22 0
1963 5 1829 0
1964 3 2452 0
1965 3 1798 0
1966 6 4401 0
1967 6 618 0
1968 3 2930 0
1969 6 3565 0
1970 3 1841 0
1971 8 4564 0
1972 6 3376 0
1973 7 4308 0
1974 5 1353 0
1975 8 2427 0
1976 6 3663 0
1977 5 459 0
1978 6 4685 0
1979 5 4064 0
1980 6 1407 0
1981 5 3757 0
1982 3 540 0
1983 5 3266 0
1984 6 4074 0
1985 6 3072 0
1986 9 1117 0
1987 7 220 0
1988 8 1602 0
1989 4 3578 0
1990 5 3692 0
1991 6 926 0
1992 6 4198 0
1993 6 2589 0
1994 4 1891 0
1995 8 4548 0
1996 7 2966 0
1997 4 4836 0
1998 6 1268 0
1999 4 1311 0
2000 6 1220 0
2001 8 871 0
2002 7 2209 0
2003 7 3109 0
2004 7 2873 0
2005 5 589 0
2006 5 1320 0
2007 7 2873 0
2008 3 2287 0
2009 7 4370 0
2010 7 2896 0
2011 4 650 0
2012 4 4948 0
2013 6 4901 0
2014 5 3582 0
2015 6 2876 0
2016 6 1591 0
2017 5 1952 0
2018 5 40 0
2019 4 2528 0
2020 7 2800 0
2021 8 1781 0
2022 7 3427 0
2023 4 3627 0
2024 6 1758 0
2025 7 3941 0
2026 7 4706 0
2027 4 2948 0
2028 7 469 0
2029 8 3768 0
2030 4 1199 0
2031 13 3692 0
2032 6 962 0
2033 6 1197 0
2034 7 1427 0
2035 7 101 0
2036 5 3494 0
2037 5 4652 0
2038 7 4860 0
2039 3 403 0
2040 8 4348 0
2041 5 1187 0
2042 3 1244 0
2043 3 1082 0
2044 4 599 0
2045 5 431 0
2046 10 2676 0
2047 3 472 0
2048 4 3247 0
2049 3 2193 0
2050 2 4360 0
2051 4 1867 0
2052 9 899 0
2053 8 1698 0
2054 2 3593 0
2055 7 907 0
2056 1 4350 0
2057 7 609 0
2058 3 2512 0
2059 5 3984 0
2060 2 4331 0
2061 6 3807 0
2062 6 1212 0
2063 3 3863 0
2064 4 4244 0
2065 7 3086 0
2066 4 4494 0
2067 4 634 0
2068 7 1764 0
2069 5 3260 0
2070 6 602 0
2071 6 701 0
2072 7 4699 0
2073 8 1392 0
2074 7 3128 0
2075 6 1547 0
2076 5 556 0
2077 6 1209 0
2078 4 4417 0
2079 7 910 0
2080 8 656 0
2081 5 1600 0
2082 7 702 0
2083 4 905 0
2084 6 3217 0
2085 4 4724 0
2086 9 3813 0
2087 6 3000 0
2088 4 4795 0
2089 3 1390 0
2090 4 2875 0
2091 6 2382 0
2092 8 2948 0
2093 5 1749 0
2094 4 4262 0
2095 3 1699 0
2096 7 3203 0
2097 8 1453 0
2098 10 4129 0
2099 9 1209 0
2100 9 4551 0
2101 7 622 0
2102 6 254 0
2103 4 1040 0
2104 6 3410 0
2105 6 1858 0
2106 6 379 0
2107 6 2687 0
2108 4 978 0
2109 5 3573 0
2110 7 2718 0
2111 3 3384 0
2112 4 2182 0
2113 6 966 0
2114 6 392 0
2115 6 4641 0
2116 5 4473 0
2117 5 960 0
2118 5 2550 0
2119 1 3424 0
2120 3 3819 0
2121 10 4658 0
2122 5 2875 0
2123 6 1524 0
2124 2 2183 0
2125 4 4205 0
2126 3 648 0
2127 8 4402 0
2128 7 875 0
2129 5 4486 0
2130 7 3937 0
2131 5 3682 0
2132 7 2336 0
2133 6 3347 0
2134 3 4544 0
2135 3 4288 0
2136 5 2635 0
2137 5 872 0
2138 9 4360 0
2139 8 1759 0
2140 9 4507 0
2141 1 3488 0
2142 6 1792 0
2143 10 2718 0
2144 10 4343 0
2145 5 4776 0
2146 5 4292 0
2147 8 3889 0
2148 6 2360 0
2149 7 83 0
2150 3 2672 0
2151 7 147 0
2152 8 4587 0
2153 7 2386 0
2154 7 4472 0
2155 7 3912 0
2156 5 3800 0
2157 5 1653 0
2158 6 2625 0
2159 5 1835 0
2160 4 4458 0
2161 6 1845 0
2162 2 4494 0
2163 5 1321 0
2164 5 2186 0
2165 4 3714 0
2166 5 2310 0
2167 5 3633 0
2168 4 4006 0
2169 3 524 0
2170 7 2550 0
2171 2 4130 0
2172 10 2839 0
2173 5 1319 0
2174 6 4896 0
2175 7 2585 0
2176 3 3811 0
2177 5 1156 0
2178 5 4431 0
2179 6 906 0
2180 4 2047 0
2181 7 3781 0
2182 6 3523 0
2183 6 3969 0
2184 5 353 0
2185 3 2876 0
2186 6 1298 0
2187 6 706 0
2188 0 3342 0
2189 5 361 0
2190 7 2026 0
2191 5 1164 0
2192 5 583 0
2193 6 228 0
2194 3 3451 0
2195 3 3449 0
2196 5 1629 0
2197 9 655 0
2198 5 4610 0
2199 3 1817 0
2200 3 2312 0
2201 8 2166 0
2202 6 3270 0
2203 7 1528 0
2204 6 582 0
2205 4 4911 0
2206 9 4980 0
2207 8 4043 0
2208 3 4220 0
2209 3 3050 0
2210 5 4667 0
2211 2 4092 0
2212 7 3962 0
2213 4 1163 0
2214 9 2515 0
2215 8 609 0
2216 4 1910 0
2217 4 365 0
2218 5 4471 0
2219 3 687 0
2220 4 2915 0
2221 2 1848 0
2222 6 4648 0
2223 9 4337 0
2224 0 1356 0
2225 5 878 0
2226 8 176 0
2227 5 2098 0
2228 5 2662 0
2229 4 4832 0
2230 1 1511 0
2231 6 3976 0
2232 3 390 0
2233 2 371 0
2234 6 1724 0
2235 3 3264 0
2236 5 1411 0
2237 7 4204 0
2238 3 3511 0
2239 3 3485 0
2240 1 1902 0
2241 7 4241 0
2242 7 3154 0
2243 5 2730 0
2244 7 3941 0
2245 7 768 0
2246 4 2880 0
2247 9 1011 0
2248 3 155 0
2249 4 1977 0
2250 5 3386 0
2251 6 4367 0
2252 5 1211 0
2253 7 2740 0
2254 5 202 0
2255 7 30 0
2256 4 4292 0
2257 7 2620 0
2258 4 4654 0
2259 9 4193 0
2260 7 371 0
2261 4 4894 0
2262 4 1277 0
2263 4 901 0
2264 6 504 0
2265 4 4717 0
2266 6 1504 0
2267 7 108 0
2268 6 2964 0
2269 6 550 0
2270 7 4317 0
2271 4 2635 0
2272 7 571 0
2273 6 1607 0
2274 3 3315 0
2275 6 2752 0
2276 5 3880 0
2277 4 1963 0
2278 1 310 0
2279 4 1694 0
2280 5 1783 0
2281 0 4046 0
2282 3 746 0
2283 8 1633 0
2284 7 4087 0
2285 5 3422 0
2286 4 466 0
2287 5 2454 0
2288 6 2463 0
2289 6 1330 0
2290 4 955 0
2291 4 3339 0
2292 3 3732 0
2293 3 4467 0
2294 2 2826 0
2295 3 3198 0
2296 7 432 0
2297 7 304 0
2298 6 3812 0
2299 5 340 0
2300 5 916 0
2301 9 130 0
2302 4 4493 0
2303 2 2864 0
2304 3 1647 0
2305 4 0 0
2306 5 4819 0
2307 6 4700 0
2308 9 4283 0
2309 3 937 0
2310 6 3829 0
2311 6 1528 0
2312 5 2078 0
2313 5 973 0
2314 4 3609 0
2315 3 3472 0
2316 8 2802 0
2317 4 4213 0
2318 2 75 0
2319 7 150 0
2320 7 3889 0
2321 7 1757 0
2322 6 401 0
2323 4 1305 0
2324 5 4940 0
2325 5 1976 0
2326 6 3534 0
2327 3 3981 0
2328 4 3595 0
2329 6 4420 0
2330 5 3795 0
2331 6 2440 0
2332 4 2498 0
2333 8 4766 0
2334 2 4854 0
2335 4 3798 0
2336 7 1028 0
2337 6 83 0
2338 7 1599 0
2339 4 295 0
2340 6 4473 0
2341 10 1185 0
2342 6 4727 0
2343 7 2536 0
2344 6 1226 0
2345 7 3192 0
2346 7 3436 0
2347 6 1041 0
2348 6 374 0
2349 5 1545 0
2350 6 2692 0
2351 5 4821 0
2352 6 2091 0
2353 6 4934 0
2354 9 4234 0
2355 6 4917 0
2356 5 4594 0
2357 3 1129 0
2358 6 4259 0
2359 2 3153 0
2360 6 4139 0
2361 2 806 0
2362 5 1278 0
2363 5 4480 0
2364 4 4873 0
2365 5 348 0
2366 7 4643 0
2367 7 1198 0
2368 8 385 0
2369 8 3308 0
2370 7 3418 0
2371 6 1261 0
2372 2 2941 0
2373 4 227 0
2374 2 884 0
2375 6 1298 0
2376 5 3378 0
2377 6 4508 0
2378 6 1847 0
2379 6 3347 0
2380 8 4322 0
2381 4 4737 0
2382 5 3527 0
2383 9 2453 0
2384 3 3547 0
2385 2 2983 0
2386 6 4442 0
2387 3 1642 0
2388 5 4264 0
2389 7 2073 0
2390 4 3882 0
2391 8 4035 0
2392 3 27 0
2393 0 2954 0
2394 5 4639 0
2395 7 3693 0
2396 8 2353 0
2397 5 161 0
2398 4 3318 0
2399 4 35 0
2400 3 2358 0
2401 4 4253 0
2402 3 2147 0
2403 5 1214 0
2404 7 4319 0
2405 6 1827 0
2406 6 1047 0
2407 9 886 0
2408 7 2078 0
2409 5 2066 0
2410 6 3186 0
2411 7 3242 0
2412 4 1840 0
2413 4 792 0
2414 5 4690 0
2415 4 3698 0
2416 8 3706 0
2417 7 1959 0
2418 4 2621 0
2419 3 855 0
2420 8 354 0
2421 4 3351 0
2422 4 1402 0
2423 7 3339 0
2424 3 3656 0
2425 9 1144 0
2426 6 1778 0
2427 7 3980 0
2428 4 1268 0
2429 4 1823 0
2430 4 1725 0
2431 5 2416 0
2432 2 4643 0
2433 4 3553 0
2434 6 1676 0
2435 6 2576 0
2436 4 4311 0
2437 3 1877 0
2438 6 3966 0
2439 4 3812 0
2440 3 3958 0
2441 8 1221 0
2442 8 477 0
2443 6 2545 0
2444 6 4067 0
2445 3 2818 0
2446 0 505 0
2447 5 2212 0
2448 1 3905 0
2449 8 1034 0
2450 4 765 0
2451 6 4103 0
2452 7 2662 0
2453 6 2696 0
2454 7 782 0
2455 0 864 0
2456 9 4853 0
2457 6 1189 0
2458 8 4367 0
2459 3 2226 0
2460 7 753 0
2461 3 4966 0
2462 9 2476 0
2463 6 1099 0
2464 5 193 0
2465 8 3434 0
2466 5 3259 0
2467 5 1917 0
2468 5 2532 0
2469 5 2245 0
2470 4 3993 0
2471 7 641 0
2472 3 2695 0
2473 3 3574 0
2474 3 4775 0
2475 2 3137 0
2476 6 3836 0
2477 5 3013 0
2478 2 1262 0
2479 8 1844 0
2480 8 1475 0
2481 5 3921 0
2482 9 2493 0
2483 8 4320 0
2484 4 3897 0
2485 4 4797 0
2486 6 1864 0
2487 7 4279 0
2488 5 2907 0
2489 5 4535 0
2490 6 1532 0
2491 6 1819 0
2492 4 4638 0
2493 6 3186 0
2494 2 1773 0
2495 6 2675 0
2496 3 1550 0
2497 6 925 0
2498 5 4211 0
2499 2 3126 0
2500 5 4222 0
2501 6 1897 0
2502 4 4356 0
2503 7 4160 0
2504 2 1432 0
2505 4 2457 0
2506 9 4881 0
2507 4 2562 0
2508 5 396 0
2509 5 2232 0
2510 5 4855 0
2511 4 3471 0
2512 6 4258 0
2513 5 221 0
2514 6 2482 0
2515 8 31 0
2516 10 2297 0
2517 4 1646 0
2518 7 4391 0
2519 0 4398 0
2520 6 4514 0
2521 3 4778 0
2522 6 3555 0
2523 5 4276 0
2524 8 1666 0
2525 5 550 0
2526 7 2355 0
2527 7 3761 0
2528 5 245 0
2529 7 4121 0
2530 7 4477 0
2531 5 4284 0
2532 6 751 0
2533 8 2771 0
2534 5 822 0
2535 5 3049 0
2536 7 3218 0
2537 4 4546 0
2538 6 1529 0
2539 4 3965 0
2540 5 2411 0
2541 8 3915 0
2542 6 1874 0
2543 5 655 0
2544 4 4050 0
2545 3 2980 0
2546 3 1904 0
2547 3 1722 0
2548 5 2139 0
2549 5 1090 0
2550 6 1104 0
2551 9 1449 0
2552 7 3220 0
2553 5 3510 0
2554 7 1452 0
2555 6 3284 0
2556 6 4322 0
2557 4 1220 0
2558 6 4231 0
2559 7 3611 0
2560 2 1487 0
2561 5 3835 0
2562 5 2102 0
2563 4 995 0
2564 7 1597 0
2565 9 167 0
2566 7 2776 0
2567 4 3801 0
2568 8 3317 0
2569 5 3828 0
2570 3 4945 0
2571 5 4852 0
2572 5 29 0
2573 5 1903 0
2574 7 4320 0
2575 8 610 0
2576 6 3910 0
2577 6 24 0
2578 9 3680 0
2579 8 86 0
2580 5 2992 0
2581 6 2341 0
2582 7 989 0
2583 5 1086 0
2584 5 3485 0
2585 8 1882 0
2586 5 1716 0
2587 5 1751 0
2588 5 1249 0
2589 1 2101 0
2590 6 2571 0
2591 3 2552 0
2592 4 1359 0
2593 8 1211 0
2594 10 3344 0
2595 5 3306 0
2596 6 3925 0
2597 11 2643 0
2598 6 4659 0
2599 8 1055 0
2600 11 1578 0
2601 6 2748 0
2602 6 2351 0
2603 1 2912 0
2604 6 2656 0
2605 4 765 0
2606 6 1026 0
2607 4 821 0
2608 9 263 0
2609 4 1323 0
2610 4 3760 0
2611 4 4277 0
2612 6 4071 0
2613 1 1628 0
2614 5 3908 0
2615 6 3138 0
2616 5 261 0
2617 5 4520 0
2618 4 107 0
2619 8 903 0
2620 7 2801 0
2621 8 1590 0
2622 6 1324 0
2623 8 3826 0
2624 7 2692 0
2625 5 2086 0
2626 7 2115 0
2627 5 4355 0
2628 5 3269 0
2629 4 1639 0
2630 3 3402 0
2631 4 3989 0
2632 5 4213 0
2633 5 3599 0
2634 5 1479 0
2635 7 369 0
2636 3 3292 0
2637 8 352 0
2638 9 3976 0
2639 5 670 0
2640 6 232 0
2641 7 1370 0
2642 8 3440 0
2643 5 642 0
2644 5 4349 0
2645 2 814 0
2646 6 295 0
2647 7 3465 0
2648 6 793 0
2649 7 434 0
2650 6 1030 0
2651 6 229 0
2652 7 4901 0
2653 6 2565 0
2654 5 927 0
2655 2 1506 0
2656 7 4980 0
2657 9 2257 0
2658 5 3470 0
2659 4 4017 0
2660 5 2974 0
2661 6 1337 0
2662 2 2523 0
2663 4 2520 0
2664 4 3878 0
2665 5 2566 0
2666 4 4081 0
2667 7 3667 0
2668 6 4657 0
2669 9 476 0
2670 4 2705 0
2671 5 2930 0
2672 6 4241 0
2673 6 78 0
2674 5 3746 0
2675 4 1546 0
2676 7 3047 0
2677 6 1664 0
2678 4 2436 0
2679 8 1549 0
2680 6 2269 0
2681 7 100 0
2682 3 952 0
2683 5 2635 0
2684 7 1574 0
2685 3 1571 0
2686 6 3671 0
2687 7 1463 0
2688 7 1230 0
2689 2 4683 0
2690 6 2452 0
2691 3 1415 0
2692 6 2524 0
2693 7 4067 0
2694 2 4160 0
2695 6 2488 0
2696 6 2467 0
2697 5 3643 0
2698 7 259 0
2699 8 1222 0
2700 8 2589 0
2701 4 331 0
2702 5 4817 0
2703 4 2706 0
2704 6 238 0
2705 6 4260 0
2706 7 2683 0
2707 6 1446 0
2708 6 4843 0
2709 12 2729 0
2710 3 2234 0
2711 9 1510 0
2712 5 1578 0
2713 7 1504 0
2714 11 1092 0
2715 4 4654 0
2716 0 1874 0
2717 7 3869 0
2718 5 337 0
2719 2 495 0
2720 5 228 0
2721 0 4880 0
2722 7 2091 0
2723 8 2291 0
2724 6 2643 0
2725 6 4431 0
2726 5 4256 0
2727 7 4727 0
2728 6 2633 0
2729 4 4898 0
2730 4 1812 0
2731 5 3490 0
2732 7 3703 0
2733 4 4225 0
2734 8 4082 0
2735 3 2364 0
2736 8 4816 0
2737 4 2494 0
2738 7 1918 0
2739 4 2105 0
2740 8 3768 0
2741 5 2922 0
2742 3 469 0
2743 4 519 0
2744 9 159 0
2745 4 4465 0
2746 6 487 0
2747 3 4131 0
2748 4 4773 0
2749 5 2345 0
2750 3 1670 0
2751 9 2222 0
2752 7 738 0
2753 8 3612 0
2754 5 3676 0
2755 3 4635 0
2756 7 4542 0
2757 5 539 0
2758 7 383 0
2759 6 4234 0
2760 7 3900 0
2761 8 3425 0
2762 3 3743 0
2763 8 3712 0
2764 5 814 0
2765 2 4957 0
2766 5 3596 0
2767 4 248 0
2768 5 3144 0
2769 5 3010 0
2770 5 132 0
2771 4 1021 0
2772 6 4870 0
2773 2 3368 0
2774 1 4073 0
2775 5 3861 0
2776 9 3604 0
2777 7 120 0
2778 6 3407 0
2779 4 3832 0
2780 4 501 0
2781 2 547 0
2782 5 3978 0
2783 5 2863 0
2784 9 4234 0
2785 5 1723 0
2786 4 3724 0
2787 6 333 0
2788 5 1970 0
2789 9 406 0
2790 7 2924 0
2791 5 3947 0
2792 1 1589 0
2793 1 4266 0
2794 7 1892 0
2795 3 3870 0
2796 7 2487 0
2797 8 2507 0
2798 5 1100 0
2799 2 3788 0
2800 8 4748 0
2801 5 284 0
2802 7 1175 0
2803 3 4828 0
2804 6 205 0
2805 5 1470 0
2806 5 1354 0
2807 5 2190 0
2808 5 3888 0
2809 4 601 0
2810 5 3639 0
2811 5 3801 0
2812 7 3519 0
2813 4 844 0
2814 4 475 0
2815 5 1711 0
2816 8 1355 0
2817 4 1613 0
2818 7 204 0
2819 8 4492 0
2820 3 2120 0
2821 6 1738 0
2822 5 2174 0
2823 7 332 0
2824 3 4665 0
2825 4 1291 0
2826 4 129 0
2827 3 1200 0
2828 4 594 0
2829 6 24 0
2830 5 181 0
2831 4 4965 0
2832 6 4507 0
2833 7 2015 0
2834 6 4749 0
2835 7 2683 0
2836 6 1600 0
2837 2 1712 0
2838 3 4808 0
2839 7 4622 0
2840 3 525 0
2841 6 2642 0
2842 7 1045 0
2843 6 4704 0
2844 5 4502 0
2845 3 1562 0
2846 7 4270 0
2847 3 157 0
2848 5 1474 0
2849 5 4520 0
2850 8 3937 0
2851 6 4424 0
2852 4 1823 0
2853 7 3964 0
2854 6 2872 0
2855 8 2001 0
2856 6 2803 0
2857 5 2929 0
2858 9 517 0
2859 6 4601 0
2860 8 4994 0
2861 4 3345 0
2862 4 4891 0
2863 6 4780 0
2864 4 3296 0
2865 6 670 0
2866 5 2831 0
2867 5 3843 0
2868 6 3551 0
2869 7 2786 0
2870 5 4040 0
2871 4 1204 0
2872 4 1406 0
2873 4 12 0
2874 3 628 0
2875 3 3777 0
2876 4 1546 0
2877 1 802 0
2878 4 922 0
2879 3 3728 0
2880 7 561 0
2881 8 4181 0
2882 8 4311 0
2883 9 4227 0
2884 6 672 0
2885 7 3478 0
2886 5 529 0
2887 7 595 0
2888 10 385 0
2889 6 3298 0
2890 8 3317 0
2891 8 2814 0
2892 4 794 0
2893 7 1210 0
2894 5 882 0
2895 5 1748 0
2896 7 665 0
2897 2 3855 0
2898 8 2699 0
2899 8 2961 0
2900 4 1495 0
2901 10 3051 0
2902 7 3526 0
2903 5 1182 0
2904 7 3002 0
2905 4 3517 0
2906 6 2086 0
2907 7 2755 0
2908 3 1189 0
2909 7 3882 0
2910 8 2380 0
2911 8 4473 0
2912 9 273 0
2913 6 1901 0
2914 3 1069 0
2915 7 2159 0
2916 1 3962 0
2917 9 4650 0
2918 6 4204 0
2919 4 1609 0
2920 7 4771 0
2921 8 558 0
2922 4 3527 0
2923 6 2887 0
2924 3 1138 0
2925 8 2398 0
2926 5 4627 0
2927 7 4016 0
2928 8 2331 0
2929 3 1988 0
2930 9 214 0
2931 6 3325 0
2932 4 1829 0
2933 6 27 0
2934 6 4980 0
2935 6 2031 0
2936 6 1045 0
2937 4 1361 0
2938 3 1309 0
2939 6 4370 0
2940 6 4682 0
2941 2 2355 0
2942 6 938 0
2943 5 831 0
2944 4 1858 0
2945 8 3436 0
2946 8 4603 0
2947 4 971 0
2948 6 3197 0
2949 8 1654 0
2950 8 685 0
2951 6 4843 0
2952 5 1600 0
2953 4 3510 0
2954 5 3076 0
2955 6 2099 0
2956 4 1995 0
2957 6 999 0
2958 3 653 0
2959 7 1145 0
2960 7 3295 0
2961 5 2414 0
2962 8 1205 0
2963 8 4865 0
2964 2 1339 0
2965 3 354 0
2966 4 3357 0
2967 2 1266 0
2968 7 1971 0
2969 5 2093 0
2970 3 2337 0
2971 0 1547 0
2972 8 3596 0
2973 4 2451 0
2974 8 2705 0
2975 6 3442 0
2976 5 1285 0
2977 2 3178 0
2978 4 4584 0
2979 7 171 0
2980 8 2418 0
2981 11 4903 0
2982 7 299 0
2983 6 2468 0
2984 7 1599 0
2985 4 4332 0
2986 2 1485 0
2987 6 2234 0
2988 5 999 0
2989 5 3923 0
2990 7 2468 0
2991 5 2610 0
2992 5 1182 0
2993 4 3653 0
2994 4 2280 0
2995 7 2111 0
2996 3 4756 0
2997 12 1197 0
2998 6 2493 0
2999 3 1977 0
3000 7 1213 0
3001 7 3102 0
3002 6 2494 0
3003 7 4646 0
3004 6 3848 0
3005 7 3613 0
3006 5 2016 0
3007 6 2268 0
3008 8 4356 0
3009 8 4373 0
3010 8 2994 0
3011 8 2741 0
3012 5 1273 0
3013 5 630 0
3014 6 3439 0
3015 3 2036 0
3016 5 1793 0
3017 8 4357 0
3018 7 478 0
3019 8 449 0
3020 7 1898 0
3021 5 3849 0
3022 5 3200 0
3023 9 947 0
3024 5 3819 0
3025 3 610 0
3026 5 2006 0
3027 5 4795 0
3028 5 4610 0
3029 5 2671 0
3030 3 402 0
3031 5 3783 0
3032 3 4848 0
3033 7 812 0
3034 7 2295 0
3035 3 4141 0
3036 5 3284 0
3037 5 2840 0
3038 4 2869 0
3039 4 2781 0
3040 8 67 0
3041 5 3123 0
3042 4 1005 0
3043 7 2597 0
3044 1 3460 0
3045 3 2175 0
3046 5 1141 0
3047 4 2550 0
3048 7 2861 0
3049 9 1821 0
3050 6 1177 0
3051 4 2684 0
3052 8 3363 0
3053 7 3567 0
3054 5 1865 0
3055 4 2249 0
3056 5 222 0
3057 6 1053 0
3058 6 306 0
3059 6 3471 0
3060 4 4084 0
3061 4 4390 0
3062 5 3086 0
3063 5 1067 0
3064 8 4515 0
3065 7 4951 0
3066 5 3419 0
3067 8 4516 0
3068 8 3716 0
3069 8 3875 0
3070 4 4226 0
3071 7 3334 0
3072 3 4093 0
3073 3 3442 0
3074 5 2661 0
3075 9 641 0
3076 7 659 0
3077 4 1816 0
3078 7 1331 0
3079 3 1050 0
3080 6 4686 0
3081 5 442 0
3082 5 1435 0
3083 7 449 0
3084 6 2312 0
3085 4 565 0
3086 5 458 0
3087 4 4684 0
3088 4 4493 0
3089 5 2709 0
3090 2 1162 0
3091 6 3507 0
3092 5 2607 0
3093 5 2535 0
3094 3 3663 0
3095 2 967 0
3096 6 3186 0
3097 9 2373 0
3098 5 4836 0
3099 5 1605 0
3100 3 4731 0
3101 5 2604 0
3102 8 4413 0
3103 4 3530 0
3104 5 541 0
3105 1 2708 0
3106 8 4738 0
3107 6 741 0
3108 4 2238 0
3109 3 4613 0
3110 7 897 0
3111 6 620 0
3112 6 4639 0
3113 6 4794 0
3114 4 2045 0
3115 3 1974 0
3116 5 4376 0
3117 4 2244 0
3118 9 3756 0
3119 6 610 0
3120 5 540 0
3121 9 1476 0
3122 4 2106 0
3123 4 4793 0
3124 6 2558 0
3125 6 1914 0
3126 7 3748 0
3127 6 191 0
3128 7 3592 0
3129 9 4135 0
3130 6 1966 0
3131 2 678 0
3132 9 3523 0
3133 10 3980 0
3134 6 1322 0
3135 3 563 0
3136 7 614 0
3137 5 3490 0
3138 7 1922 0
3139 5 4134 0
3140 10 4716 0
3141 7 4468 0
3142 4 2407 0
3143 8 4478 0
3144 6 4687 0
3145 8 1592 0
3146 5 1600 0
3147 3 678 0
3148 7 4107 0
3149 7 1864 0
3150 5 1018 0
3151 4 2768 0
3152 8 453 0
3153 3 1636 0
3154 7 3011 0
3155 5 1083 0
3156 5 3129 0
3157 3 3757 0
3158 7 4173 0
3159 8 2131 0
3160 9 664 0
3161 5 2794 0
3162 5 1005 0
3163 6 3740 0
3164 4 807 0
3165 6 1273 0
3166 5 4013 0
3167 5 273 0
3168 6 1766 0
3169 6 1562 0
3170 5 747 0
3171 7 341 0
3172 4 3165 0
3173 5 788 0
3174 5 4563 0
3175 6 1572 0
3176 5 2781 0
3177 6 4121 0
3178 2 1768 0
3179 5 3825 0
3180 7 2130 0
3181 5 659 0
3182 4 2650 0
3183 7 838 0
3184 5 2625 0
3185 7 1844 0
3186 7 524 0
3187 7 4596 0
3188 5 729 0
3189 5 2129 0
3190 4 1399 0
3191 4 2212 0
3192 4 543 0
3193 6 4526 0
3194 8 4525 0
3195 9 568 0
3196 3 385 0
3197 3 2871 0
3198 4 1952 0
3199 7 690 0
3200 5 671 0
3201 2 2087 0
3202 5 160 0
3203 6 2567 0
3204 7 2719 0
3205 6 2784 0
3206 5 2190 0
3207 7 1548 0
3208 8 4377 0
3209 8 2719 0
3210 7 1054 0
3211 6 2279 0
3212 6 4107 0
3213 7 3373 0
3214 7 136 0
3215 6 2313 0
3216 6 798 0
3217 4 2523 0
3218 8 4393 0
3219 5 4339 0
3220 7 1768 0
3221 4 2573 0
3222 7 1388 0
3223 4 3898 0
3224 3 4963 0
3225 7 0 0
3226 3 3250 0
3227 5 4794 0
3228 4 1640 0
3229 3 3791 0
3230 6 1453 0
3231 5 829 0
3232 8 2794 0
3233 7 741 0
3234 8 3852 0
3235 7 563 0
3236 4 1936 0
3237 3 3786 0
3238 8 238 0
3239 6 2719 0
3240 6 2538 0
3241 4 2277 0
3242 5 4972 0
3243 6 477 0
3244 4 443 0
3245 3 2074 0
3246 2 4634 0
3247 4 2916 0
3248 6 2093 0
3249 5 1366 0
3250 2 1282 0
3251 4 1598 0
3252 6 372 0
3253 6 361 0
3254 5 2568 0
3255 4 1035 0
3256 4 4393 0
3257 4 4368 0
3258 6 1211 0
3259 8 4961 0
3260 5 3569 0
3261 5 3759 0
3262 5 2098 0
3263 6 4757 0
3264 6 3217 0
3265 7 2647 0
3266 8 4407 0
3267 3 551 0
3268 8 2580 0
3269 3 3192 0
3270 5 4960 0
3271 5 2139 0
3272 7 2137 0
3273 4 124 0
3274 4 2506 0
3275 6 4490 0
3276 7 2074 0
3277 7 1914 0
3278 4 3625 0
3279 3 1009 0
3280 5 567 0
3281 7 3818 0
3282 4 3154 0
3283 6 2690 0
3284 4 3577 0
3285 8 4732 0
3286 8 3989 0
3287 6 776 0
3288 6 3333 0
3289 5 2565 0
3290 8 1192 0
3291 6 1247 0
3292 10 4217 0
3293 7 2568 0
3294 5 1444 0
3295 6 2975 0
3296 5 4314 0
3297 3 1172 0
3298 5 3648 0
3299 8 1983 0
3300 8 2558 0
3301 7 295 0
3302 1 4137 0
3303 6 4752 0
3304 7 1564 0
3305 7 4545 0
3306 4 4047 0
3307 5 4386 0
3308 5 3455 0
3309 5 1083 0
3310 8 3247 0
3311 7 3554 0
3312 7 3165 0
3313 7 2335 0
3314 4 3106 0
3315 6 4502 0
3316 9 1799 0
3317 5 1700 0
3318 6 2819 0
3319 7 755 0
3320 8 677 0
3321 4 3364 0
3322 3 2619 0
3323 4 1580 0
3324 4 1058 0
3325 5 3389 0
3326 6 4363 0
3327 6 1099 0
3328 10 119 0
3329 6 214 0
3330 7 3215 0
3331 0 1133 0
3332 5 638 0
3333 4 3218 0
3334 10 527 0
3335 7 200 0
3336 6 4646 0
3337 6 495 0
3338 4 4208 0
3339 7 3993 0
3340 4 4447 0
3341 4 2277 0
3342 4 2943 0
3343 2 750 0
3344 4 2692 0
3345 6 1930 0
3346 6 1079 0
3347 7 4426 0
3348 5 2808 0
3349 5 2480 0
3350 9 499 0
3351 5 4918 0
3352 4 3825 0
3353 3 406 0
3354 6 4906 0
3355 7 4162 0
3356 6 4767 0
3357 6 2797 0
3358 7 2847 0
3359 5 2829 0
3360 5 3375 0
3361 8 4964 0
3362 6 2979 0
3363 6 2069 0
3364 9 618 0
3365 4 1928 0
3366 6 736 0
3367 5 1852 0
3368 7 2922 0
3369 6 3385 0
3370 8 115 0
3371 7 1718 0
3372 8 564 0
3373 4 4233 0
3374 2 1800 0
3375 7 4262 0
3376 8 915 0
3377 8 3787 0
3378 3 3470 0
3379 3 2690 0
3380 6 4908 0
3381 6 1339 0
3382 5 1237 0
3383 7 2388 0
3384 7 598 0
3385 8 2086 0
3386 5 2714 0
3387 6 1608 0
3388 9 808 0
3389 4 2963 0
3390 5 2657 0
3391 4 4400 0
3392 4 1564 0
3393 4 1381 0
3394 4 3530 0
3395 5 2580 0
3396 7 1302 0
3397 5 26 0
3398 4 4520 0
3399 9 1574 0
3400 3 830 0
3401 3 217 0
3402 5 1154 0
3403 6 1010 0
3404 4 4873 0
3405 11 3220 0
3406 4 1051 0
3407 5 3465 0
3408 9 4634 0
3409 9 1901 0
3410 8 3658 0
3411 5 3390 0
3412 8 3980 0
3413 8 782 0
3414 4 3435 0
3415 7 546 0
3416 4 4578 0
3417 3 3255 0
3418 10 3566 0
3419 6 3592 0
3420 5 4639 0
3421 7 4842 0
3422 7 3067 0
3423 10 3038 0
3424 7 4202 0
3425 6 1860 0
3426 5 2071 0
3427 7 3570 0
3428 4 2427 0
3429 6 1700 0
3430 5 3448 0
3431 5 3092 0
3432 5 4244 0
3433 4 2998 0
3434 3 1354 0
3435 5 1470 0
3436 1 3793 0
3437 7 1198 0
3438 8 1405 0
3439 2 2593 0
3440 9 4847 0
3441 6 423 0
3442 5 2535 0
3443 8 4714 0
3444 7 1151 0
3445 7 2880 0
3446 3 4864 0
3447 8 1992 0
3448 5 3859 0
3449 8 599 0
3450 5 3123 0
3451 5 128 0
3452 6 4598 0
3453 8 1778 0
3454 3 504 0
3455 8 4464 0
3456 8 1747 0
3457 6 4113 0
3458 8 61 0
3459 5 1162 0
3460 4 212 0
3461 7 1551 0
3462 4 1767 0
3463 7 3849 0
3464 5 3496 0
3465 9 187 0
3466 2 1374 0
3467 5 3770 0
3468 11 2640 0
3469 5 513 0
3470 4 4459 0
3471 6 3206 0
3472 9 630 0
3473 3 4279 0
3474 7 4840 0
3475 6 1434 0
3476 5 3307 0
3477 5 4684 0
3478 4 3470 0
3479 7 3836 0
3480 5 2432 0
3481 4 1668 0
3482 5 3722 0
3483 6 4891 0
3484 4 3124 0
3485 1 4108 0
3486 7 3450 0
3487 8 4663 0
3488 9 4760 0
3489 6 1725 0
3490 6 2451 0
3491 6 4529 0
3492 4 3378 0
3493 5 1119 0
3494 6 3903 0
3495 6 932 0
3496 5 1593 0
3497 2 4908 0
3498 6 2632 0
3499 6 814 0
3500 2 1763 0
3501 5 1047 0
3502 5 906 0
3503 4 3923 0
3504 5 2595 0
3505 5 3178 0
3506 6 1848 0
3507 4 1681 0
3508 8 4963 0
3509 3 947 0
3510 5 4793 0
3511 7 2681 0
3512 9 2166 0
3513 5 3894 0
3514 4 2505 0
3515 9 3406 0
3516 6 4646 0
3517 1 828 0
3518 6 2810 0
3519 9 57 0
3520 7 3031 0
3521 8 4470 0
3522 8 3664 0
3523 2 3806 0
3524 7 2928 0
3525 7 3134 0
3526 7 2232 0
3527 5 695 0
3528 5 1474 0
3529 8 4942 0
3530 8 795 0
3531 3 4815 0
3532 5 1249 0
3533 2 4525 0
3534 5 4232 0
3535 3 3854 0
3536 3 1816 0
3537 6 1151 0
3538 4 1425 0
3539 8 3376 0
3540 10 3413 0
3541 7 823 0
3542 6 1464 0
3543 5 2274 0
3544 4 1808 0
3545 7 4284 0
3546 8 4354 0
3547 7 2983 0
3548 7 2792 0
3549 5 3956 0
3550 5 82 0
3551 6 1750 0
3552 7 2723 0
3553 6 4023 0
3554 10 2100 0
3555 4 4591 0
3556 3 1441 0
3557 4 2552 0
3558 8 3217 0
3559 8 3665 0
3560 3 2997 0
3561 10 4388 0
3562 2 3993 0
3563 7 2465 0
3564 5 4587 0
3565 10 4331 0
3566 6 998 0
3567 4 2965 0
3568 7 535 0
3569 4 3629 0
3570 4 14 0
3571 5 3482 0
3572 10 1179 0
3573 4 873 0
3574 6 3096 0
3575 6 4588 0
3576 5 2876 0
3577 6 901 0
3578 6 1851 0
3579 7 1783 0
3580 6 2612 0
3581 4 1902 0
3582 9 4120 0
3583 4 274 0
3584 10 2290 0
3585 6 3251 0
3586 6 1155 0
3587 3 1270 0
3588 6 3053 0
3589 1 59 0
3590 6 513 0
3591 4 3041 0
3592 5 33 0
3593 4 1696 0
3594 8 4712 0
3595 8 4513 0
3596 7 610 0
3597 3 3045 0
3598 9 1276 0
3599 5 1566 0
3600 6 4971 0
3601 5 4132 0
3602 6 2898 0
3603 6 4072 0
3604 5 4408 0
3605 7 2329 0
3606 6 77 0
3607 4 1240 0
3608 5 2173 0
3609 7 2981 0
3610 8 4669 0
3611 5 2920 0
3612 6 4306 0
3613 3 3641 0
3614 5 1803 0
3615 5 4900 0
3616 6 1269 0
3617 5 1702 0
3618 11 3098 0
3619 6 2622 0
3620 2 472 0
3621 5 1272 0
3622 8 3147 0
3623 6 3777 0
3624 8 1959 0
3625 3 2400 0
3626 3 2681 0
3627 5 574 0
3628 8 3997 0
3629 6 2573 0
3630 6 1329 0
3631 4 2121 0
3632 3 270 0
3633 5 1872 0
3634 5 2109 0
3635 9 3947 0
3636 8 3732 0
3637 2 2983 0
3638 2 3490 0
3639 3 4599 0
3640 2 297 0
3641 4 4965 0
3642 6 844 0
3643 6 3270 0
3644 9 4237 0
3645 1 2492 0
3646 7 550 0
3647 5 2477 0
3648 3 2548 0
3649 6 2902 0
3650 6 1731 0
3651 6 4438 0
3652 6 2591 0
3653 6 580 0
3654 3 4736 0
3655 4 2768 0
3656 7 3805 0
3657 6 1649 0
3658 1 1256 0
3659 4 4901 0
3660 6 4983 0
3661 2 1576 0
3662 4 8 0
3663 4 1961 0
3664 6 1355 0
3665 4 4599 0
3666 0 4170 0
3667 4 2278 0
3668 7 2459 0
3669 5 4658 0
3670 7 857 0
3671 8 3947 0
3672 6 1868 0
3673 7 1404 0
3674 4 198 0
3675 4 438 0
3676 9 1429 0
3677 4 2122 0
3678 2 2181 0
3679 3 3876 0
3680 5 2272 0
3681 5 4024 0
3682 7 4055 0
3683 8 4187 0
3684 5 206 0
3685 6 4596 0
3686 6 3963 0
3687 7 4548 0
3688 4 1323 0
3689 6 695 0
3690 5 501 0
3691 5 3457 0
3692 6 3190 0
3693 6 161 0
3694 4 2688 0
3695 6 1003 0
3696 6 893 0
3697 3 4314 0
3698 7 3951 0
3699 10 2812 0
3700 3 670 0
3701 4 1008 0
3702 7 2451 0
3703 7 4881 0
3704 3 1121 0
3705 5 2875 0
3706 8 3162 0
3707 3 1411 0
3708 4 4516 0
3709 5 2497 0
3710 3 3500 0
3711 4 1467 0
3712 2 3879 0
3713 4 2262 0
3714 6 2718 0
3715 4 741 0
3716 5 4259 0
3717 4 1044 0
3718 9 3300 0
3719 8 4307 0
3720 5 1369 0
3721 4 3574 0
3722 3 2031 0
3723 7 1040 0
3724 6 3705 0
3725 2 3481 0
3726 6 4612 0
3727 5 76 0
3728 7 4687 0
3729 7 907 0
3730 10 2406 0
3731 8 2198 0
3732 2 45 0
3733 6 4940 0
3734 8 1524 0
3735 7 1881 0
3736 5 1004 0
3737 6 4798 0
3738 6 4992 0
3739 7 2653 0
3740 7 2022 0
3741 7 1701 0
3742 6 403 0
3743 7 84 0
3744 5 4431 0
3745 1 1315 0
3746 6 4789 0
3747 7 3166 0
3748 8 1573 0
3749 4 632 0
3750 6 1077 0
3751 6 4854 0
3752 3 1115 0
3753 7 4230 0
3754 10 3144 0
3755 6 3645 0
3756 3 4187 0
3757 6 3037 0
3758 5 1124 0
3759 6 1014 0
3760 6 4565 0
3761 5 4730 0
3762 5 221 0
3763 6 3005 0
3764 5 3973 0
3765 5 266 0
3766 5 2999 0
3767 7 717 0
3768 6 3881 0
3769 4 1069 0
3770 6 2882 0
3771 4 4760 0
3772 3 3352 0
3773 6 1261 0
3774 11 279 0
3775 5 1173 0
3776 4 3918 0
3777 5 4649 0
3778 10 1349 0
3779 6 1931 0
3780 6 768 0
3781 2 1913 0
3782 6 2724 0
3783 6 1226 0
3784 7 2756 0
3785 6 203 0
3786 6 4125 0
3787 5 3763 0
3788 3 3398 0
3789 9 1578 0
3790 6 3928 0
3791 7 4391 0
3792 10 1704 0
3793 5 4329 0
3794 6 1723 0
3795 5 2380 0
3796 9 3483 0
3797 3 860 0
3798 8 3907 0
3799 7 2386 0
3800 8 346 0
3801 3 1659 0
3802 5 3434 0
3803 5 3420 0
3804 5 4026 0
3805 7 2855 0
3806 7 3298 0
3807 5 2622 0
3808 7 4065 0
3809 3 2622 0
3810 5 4633 0
3811 1 4964 0
3812 5 3473 0
3813 6 2563 0
3814 8 1194 0
3815 4 571 0
3816 5 4789 0
3817 10 2383 0
3818 5 3163 0
3819 7 1112 0
3820 3 1340 0
3821 9 714 0
3822 4 3870 0
3823 7 4118 0
3824 6 4006 0
3825 8 1498 0
3826 6 3802 0
3827 7 2550 0
3828 4 1511 0
3829 4 106 0
3830 8 4091 0
3831 8 2213 0
3832 7 1817 0
3833 4 2310 0
3834 7 1440 0
3835 6 3175 0
3836 2 3414 0
3837 7 4496 0
3838 5 3703 0
3839 7 3462 0
3840 6 2336 0
3841 2 4145 0
3842 6 3558 0
3843 5 64 0
3844 4 4445 0
3845 5 2557 0
3846 8 120 0
3847 1 2424 0
3848 8 4939 0
3849 6 1095 0
3850 0 3721 0
3851 6 4947 0
3852 4 2086 0
3853 9 3891 0
3854 3 4588 0
3855 4 3185 0
3856 7 4998 0
3857 8 3185 0
3858 2 3389 0
3859 6 4233 0
3860 5 4938 0
3861 4 2899 0
3862 4 1158 0
3863 5 3090 0
3864 2 1060 0
3865 4 3926 0
3866 6 1725 0
3867 6 4815 0
3868 4 1549 0
3869 6 1831 0
3870 7 4560 0
3871 4 3123 0
3872 8 193 0
3873 7 3895 0
3874 5 2076 0
3875 5 1717 0
3876 5 33 0
3877 3 4372 0
3878 5 635 0
3879 7 3454 0
3880 7 2777 0
3881 3 3132 0
3882 4 4610 0
3883 6 2122 0
3884 5 2097 0
3885 7 4848 0
3886 6 137 0
3887 11 4048 0
3888 6 4903 0
3889 6 1332 0
3890 8 2491 0
3891 9 2910 0
3892 2 4716 0
3893 8 2822 0
3894 3 4056 0
3895 8 4892 0
3896 3 3412 0
3897 7 4705 0
3898 6 1099 0
3899 5 2534 0
3900 3 2487 0
3901 3 1053 0
3902 6 1815 0
3903 5 4556 0
3904 8 1107 0
3905 3 4414 0
3906 5 2705 0
3907 9 3730 0
3908 6 1578 0
3909 9 3705 0
3910 5 4523 0
3911 4 4042 0
3912 7 100 0
3913 6 839 0
3914 4 4459 0
3915 8 2290 0
3916 9 2477 0
3917 5 1330 0
3918 5 1352 0
3919 7 3544 0
3920 6 1143 0
3921 5 1562 0
3922 6 613 0
3923 3 835 0
3924 5 1049 0
3925 1 3894 0
3926 5 2350 0
3927 3 890 0
3928 6 4346 0
3929 4 1530 0
3930 6 3704 0
3931 5 3936 0
3932 5 4283 0
3933 8 1456 0
3934 5 3438 0
3935 7 2565 0
3936 8 1287 0
3937 6 2774 0
3938 6 121 0
3939 10 3158 0
3940 6 2086 0
3941 11 1117 0
3942 9 535 0
3943 8 1758 0
3944 3 2405 0
3945 9 3715 0
3946 5 3867 0
3947 9 2220 0
3948 5 689 0
3949 6 4445 0
3950 5 1125 0
3951 4 4272 0
3952 5 2419 0
3953 3 3227 0
3954 3 218 0
3955 6 1589 0
3956 5 3887 0
3957 7 2009 0
3958 9 3653 0
3959 4 3004 0
3960 5 4914 0
3961 8 2328 0
3962 7 2190 0
3963 6 3527 0
3964 5 1688 0
3965 7 3561 0
3966 6 122 0
3967 7 2755 0
3968 2 3656 0
3969 6 3306 0
3970 5 3295 0
3971 7 806 0
3972 1 1621 0
3973 2 371 0
3974 4 2720 0
3975 5 3687 0
3976 5 1077 0
3977 6 3942 0
3978 4 337 0
3979 7 4939 0
3980 4 0 0
3981 5 2740 0
3982 4 4308 0
3983 4 182 0
3984 4 505 0
3985 3 526 0
3986 3 2215 0
3987 4 4697 0
3988 2 1638 0
3989 6 1515 0
3990 3 3645 0
3991 3 1660 0
3992 6 1530 0
3993 6 3698 0
3994 7 2765 0
3995 5 3357 0
3996 4 3298 0
3997 5 549 0
3998 4 1862 0
3999 4 2242 0
4000 9 2438 0
4001 3 1941 0
4002 4 3419 0
4003 5 460 0
4004 4 694 0
4005 6 4233 0
4006 3 3642 0
4007 8 1002 0
4008 8 2981 0
4009 6 3569 0
4010 6 4175 0
4011 5 4667 0
4012 4 2508 0
4013 7 502 0
4014 6 4227 0
4015 3 4427 0
4016 4 3611 0
4017 6 2011 0
4018 8 2399 0
4019 4 1253 0
4020 8 3160 0
4021 7 1894 0
4022 3 4972 0
4023 5 3032 0
4024 6 2167 0
4025 4 4053 0
4026 3 309 0
4027 4 3095 0
4028 7 2664 0
4029 7 3959 0
4030 5 468 0
4031 4 622 0
4032 8 3148 0
4033 5 2135 0
4034 6 365 0
4035 6 4829 0
4036 6 2418 0
4037 6 503 0
4038 8 1070 0
4039 4 2194 0
4040 7 26 0
4041 4 272 0
4042 6 315 0
4043 8 998 0
4044 3 2370 0
4045 7 2430 0
4046 6 3847 0
4047 6 528 0
4048 3 935 0
4049 8 3073 0
4050 9 1108 0
4051 8 1253 0
4052 6 2214 0
4053 5 3765 0
4054 3 691 0
4055 6 1967 0
4056 5 1672 0
4057 7 255 0
4058 5 686 0
4059 5 3278 0
4060 6 3126 0
4061 3 2027 0
4062 4 1686 0
4063 5 4333 0
4064 9 377 0
4065 6 634 0
4066 5 3843 0
4067 3 2842 0
4068 5 238 0
4069 4 1898 0
4070 6 2232 0
4071 7 4758 0
4072 6 499 0
4073 9 1789 0
4074 6 4489 0
4075 6 491 0
4076 6 1052 0
4077 1 1746 0
4078 4 1747 0
4079 5 4933 0
4080 7 51 0
4081 7 1943 0
4082 1 2888 0
4083 4 1026 0
4084 8 2824 0
4085 4 2173 0
4086 5 669 0
4087 4 3365 0
4088 5 1473 0
4089 2 1966 0
4090 3 100 0
4091 5 4237 0
4092 4 1031 0
4093 3 795 0
4094 6 2749 0
4095 6 95 0
4096 4 1326 0
4097 5 1677 0
4098 2 3815 0
4099 9 632 0
4100 3 1809 0
4101 5 100 0
4102 2 555 0
4103 5 3931 0
4104 7 3495 0
4105 4 1494 0
4106 6 398 0
4107 4 119 0
4108 3 3452 0
4109 6 417 0
4110 7 1152 0
4111 4 2537 0
4112 5 1329 0
4113 8 1568 0
4114 2 1997 0
4115 9 3646 0
4116 8 12 0
4117 11 3772 0
4118 5 44 0
4119 4 1078 0
4120 7 1722 0
4121 4 4679 0
4122 4 3089 0
4123 8 2585 0
4124 3 2247 0
4125 6 4188 0
4126 6 442 0
4127 3 1563 0
4128 6 2858 0
4129 5 1833 0
4130 5 675 0
4131 5 355 0
4132 8 3888 0
4133 7 4668 0
4134 4 2763 0
4135 5 4054 0
4136 5 3542 0
4137 2 4789 0
4138 3 7 0
4139 5 394 0
4140 7 257 0
4141 4 752 0
4142 5 3975 0
4143 6 4963 0
4144 5 1187 0
4145 8 254 0
4146 5 2590 0
4147 8 189 0
4148 10 3752 0
4149 6 4035 0
4150 7 1551 0
4151 8 1010 0
4152 6 4416 0
4153 6 1319 0
4154 6 1542 0
4155 6 2216 0
4156 6 951 0
4157 7 177 0
4158 5 4988 0
4159 5 3366 0
4160 6 3143 0
4161 5 464 0
4162 5 709 0
4163 5 1985 0
4164 9 4995 0
4165 5 1709 0
4166 7 3526 0
4167 5 4812 0
4168 5 3505 0
4169 5 3507 0
4170 6 1321 0
4171 5 3112 0
4172 5 2737 0
4173 7 2598 0
4174 4 3388 0
4175 6 585 0
4176 6 2180 0
4177 6 727 0
4178 5 4993 0
4179 7 2451 0
4180 7 340 0
4181 7 2400 0
4182 6 2208 0
4183 5 651 0
4184 6 2122 0
4185 6 3568 0
4186 3 2716 0
4187 8 3386 0
4188 7 3955 0
4189 7 2331 0
4190 4 1271 0
4191 5 454 0
4192 5 3059 0
4193 5 4311 0
4194 6 1048 0
4195 4 2944 0
4196 3 3965 0
4197 4 2635 0
4198 4 3011 0
4199 7 4323 0
4200 9 3266 0
4201 4 880 0
4202 8 1552 0
4203 6 96 0
4204 7 4806 0
4205 4 4494 0
4206 6 3912 0
4207 7 2022 0
4208 5 2660 0
4209 6 2098 0
4210 4 3626 0
4211 9 4052 0
4212 5 1340 0
4213 6 865 0
4214 6 4731 0
4215 8 3371 0
4216 6 937 0
4217 5 4777 0
4218 3 261 0
4219 3 1292 0
4220 6 2897 0
4221 6 4047 0
4222 5 3469 0
4223 6 641 0
4224 8 608 0
4225 8 4665 0
4226 9 1333 0
4227 4 951 0
4228 6 2432 0
4229 5 1820 0
4230 5 2621 0
4231 3 2540 0
4232 6 2905 0
4233 7 752 0
4234 8 2389 0
4235 7 2101 0
4236 7 3402 0
4237 4 3544 0
4238 5 251 0
4239 2 4147 0
4240 5 4982 0
4241 5 4238 0
4242 6 3530 0
4243 2 4978 0
4244 5 4101 0
4245 10 2224 0
4246 2 1293 0
4247 1 1916 0
4248 4 4474 0
4249 6 2335 0
4250 5 4789 0
4251 5 1877 0
4252 10 4808 0
4253 5 1375 0
4254 5 4924 0
4255 5 3023 0
4256 5 4998 0
4257 4 581 0
4258 5 872 0
4259 7 650 0
4260 3 2422 0
4261 6 3606 0
4262 8 1333 0
4263 7 136 0
4264 3 3045 0
4265 9 2838 0
4266 6 1505 0
4267 4 532 0
4268 7 2886 0
4269 7 174 0
4270 8 1059 0
4271 1 906 0
4272 8 1543 0
4273 8 2550 0
4274 7 584 0
4275 6 987 0
4276 6 2130 0
4277 6 2794 0
4278 7 2423 0
4279 2 3469 0
4280 7 674 0
4281 5 403 0
4282 1 3149 0
4283 8 1200 0
4284 9 3262 0
4285 6 480 0
4286 3 1955 0
4287 10 1909 0
4288 6 4971 0
4289 8 864 0
4290 7 3760 0
4291 5 1868 0
4292 2 530 0
4293 8 640 0
4294 8 4216 0
4295 4 3971 0
4296 7 15 0
4297 1 2513 0
4298 4 3457 0
4299 9 2859 0
4300 3 1159 0
4301 4 1662 0
4302 9 4692 0
4303 7 1099 0
4304 7 4968 0
4305 4 4412 0
4306 9 1613 0
4307 3 3574 0
4308 4 422 0
4309 6 3301 0
4310 6 4106 0
4311 2 93 0
4312 5 2589 0
4313 5 1622 0
4314 4 3536 0
4315 5 1079 0
4316 9 745 0
4317 6 236 0
4318 7 1382 0
4319 5 77 0
4320 7 3871 0
4321 6 2908 0
4322 7 2221 0
4323 9 634 0
4324 7 892 0
4325 2 4330 0
4326 9 928 0
4327 8 1219 0
4328 6 1331 0
4329 7 4127 0
4330 5 4366 0
4331 4 2802 0
4332 7 4451 0
4333 2 3495 0
4334 6 911 0
4335 7 2854 0
4336 5 1685 0
4337 5 4826 0
4338 7 543 0
4339 2 3675 0
4340 5 2732 0
4341 5 932 0
4342 4 680 0
4343 7 2508 0
4344 13 2428 0
4345 6 1868 0
4346 7 2697 0
4347 9 956 0
4348 4 4145 0
4349 6 2902 0
4350 8 3190 0
4351 5 1550 0
4352 1 220 0
4353 7 227 0
4354 6 493 0
4355 6 4243 0
4356 6 3569 0
4357 4 147 0
4358 8 1191 0
4359 5 1943 0
4360 3 4127 0
4361 6 253 0
4362 6 1206 0
4363 7 1467 0
4364 6 449 0
4365 1 4851 0
4366 7 3465 0
4367 9 3165 0
4368 2 2244 0
4369 8 2543 0
4370 5 1567 0
4371 6 3809 0
4372 4 3971 0
4373 4 215 0
4374 6 1436 0
4375 5 1119 0
4376 3 1191 0
4377 3 1818 0
4378 5 1874 0
4379 6 3449 0
4380 6 3999 0
4381 6 2981 0
4382 7 2530 0
4383 4 4910 0
4384 5 1625 0
4385 3 4409 0
4386 5 4483 0
4387 0 1225 0
4388 7 3099 0
4389 6 1906 0
4390 7 1327 0
4391 6 558 0
4392 4 551 0
4393 5 3625 0
4394 4 3473 0
4395 3 464 0
4396 8 230 0
4397 5 3345 0
4398 5 500 0
4399 4 3399 0
4400 5 2038 0
4401 7 2435 0
4402 6 4530 0
4403 4 2655 0
4404 5 1930 0
4405 3 4645 0
4406 6 1596 0
4407 9 4030 0
4408 4 4915 0
4409 7 3521 0
4410 5 1852 0
4411 5 3142 0
4412 6 3899 0
4413 4 3856 0
4414 6 3602 0
4415 9 2085 0
4416 6 3560 0
4417 8 2257 0
4418 8 3922 0
4419 5 2769 0
4420 5 3469 0
4421 3 3157 0
4422 3 1842 0
4423 7 71 0
4424 8 1224 0
4425 7 3221 0
4426 4 914 0
4427 7 2740 0
4428 9 2861 0
4429 5 3769 0
4430 5 4501 0
4431 4 4863 0
4432 8 953 0
4433 2 1788 0
4434 8 4113 0
4435 7 2661 0
4436 4 3837 0
4437 5 743 0
4438 1 4975 0
4439 6 1032 0
4440 6 3489 0
4441 8 3617 0
4442 6 1622 0
4443 7 3984 0
4444 7 3291 0
4445 5 791 0
4446 7 331 0
4447 5 566 0
4448 1 4952 0
4449 3 2628 0
4450 4 2691 0
4451 6 1045 0
4452 7 4026 0
4453 8 751 0
4454 6 3 0
4455 3 1859 0
4456 3 520 0
4457 5 84 0
4458 6 3908 0
4459 6 3334 0
4460 4 3998 0
4461 7 3080 0
4462 6 3108 0
4463 5 4707 0
4464 4 2322 0
4465 6 1523 0
4466 11 2701 0
4467 6 1749 0
4468 6 1787 0
4469 7 79 0
4470 5 3743 0
4471 5 2305 0
4472 4 3198 0
4473 9 1245 0
4474 8 2720 0
4475 5 712 0
4476 6 3743 0
4477 5 1723 0
4478 5 951 0
4479 7 1004 0
4480 4 2144 0
4481 5 4810 0
4482 10 391 0
4483 5 4634 0
4484 5 2480 0
4485 6 1574 0
4486 1 2329 0
4487 10 4462 0
4488 8 2286 0
4489 8 1791 0
4490 6 3870 0
4491 9 1955 0
4492 4 443 0
4493 9 4139 0
4494 6 720 0
4495 3 162 0
4496 6 4514 0
4497 4 2876 0
4498 4 1852 0
4499 8 2482 0
4500 7 3151 0
4501 6 1231 0
4502 7 4415 0
4503 3 144 0
4504 7 4594 0
4505 5 4416 0
4506 8 3150 0
4507 6 4188 0
4508 6 2421 0
4509 2 446 0
4510 6 2197 0
4511 9 664 0
4512 2 2018 0
4513 7 2614 0
4514 4 2050 0
4515 5 1700 0
4516 7 687 0
4517 6 1358 0
4518 6 1725 0
4519 3 3847 0
4520 7 3355 0
4521 9 3562 0
4522 7 695 0
4523 6 745 0
4524 6 879 0
4525 8 2315 0
4526 5 1308 0
4527 4 943 0
4528 3 1150 0
4529 4 2911 0
4530 3 855 0
4531 5 1180 0
4532 8 1416 0
4533 7 1539 0
4534 5 2043 0
4535 9 4817 0
4536 3 1263 0
4537 5 1523 0
4538 2 2736 0
4539 9 4218 0
4540 5 1173 0
4541 1 4793 0
4542 8 274 0
4543 5 513 0
4544 7 3012 0
4545 6 1233 0
4546 6 2864 0
4547 6 381 0
4548 9 2855 0
4549 6 4014 0
4550 5 4493 0
4551 4 3960 0
4552 7 970 0
4553 8 4354 0
4554 4 1964 0
4555 4 1169 0
4556 4 1645 0
4557 6 3744 0
4558 5 4754 0
4559 5 5 0
4560 5 1207 0
4561 5 3551 0
4562 3 3993 0
4563 4 1964 0
4564 6 4527 0
4565 6 3693 0
4566 6 809 0
4567 7 1398 0
4568 8 3901 0
4569 6 2572 0
4570 7 1855 0
4571 4 2863 0
4572 8 2693 0
4573 5 0 0
4574 5 4688 0
4575 7 705 0
4576 6 58 0
4577 3 1982 0
4578 7 1335 0
4579 6 4129 0
4580 6 3881 0
4581 1 2629 0
4582 7 3437 0
4583 2 2409 0
4584 2 1271 0
4585 4 499 0
4586 4 1140 0
4587 6 4848 0
4588 8 4937 0
4589 5 4658 0
4590 5 3491 0
4591 3 2478 0
4592 2 604 0
4593 8 4154 0
4594 5 3853 0
4595 8 2680 0
4596 6 3781 0
4597 5 4342 0
4598 7 2196 0
4599 4 2233 0
4600 9 249 0
4601 7 757 0
4602 6 1179 0
4603 6 4349 0
4604 9 493 0
4605 8 4515 0
4606 4 1703 0
4607 9 4216 0
4608 4 1782 0
4609 7 3473 0
4610 6 3102 0
4611 6 2267 0
4612 4 3250 0
4613 7 3908 0
4614 3 1209 0
4615 4 2164 0
4616 6 4023 0
4617 7 385 0
4618 10 1488 0
4619 7 1231 0
4620 6 1945 0
4621 2 1648 0
4622 6 926 0
4623 9 2507 0
4624 6 1607 0
4625 3 2273 0
4626 6 1883 0
4627 1 4953 0
4628 5 4347 0
4629 5 545 0
4630 6 1325 0
4631 7 756 0
4632 4 1183 0
4633 3 4832 0
4634 6 4996 0
4635 8 336 0
4636 6 4395 0
4637 4 4984 0
4638 7 211 0
4639 3 4616 0
4640 7 1391 0
4641 4 890 0
4642 3 3232 0
4643 6 4648 0
4644 11 4142 0
4645 6 3123 0
4646 4 3702 0
4647 3 4985 0
4648 8 466 0
4649 3 3784 0
4650 4 3597 0
4651 4 4833 0
4652 7 1639 0
4653 7 4456 0
4654 4 1445 0
4655 1 4082 0
4656 4 3228 0
4657 3 458 0
4658 4 3681 0
4659 8 2059 0
4660 9 3820 0
4661 7 4637 0
4662 4 3481 0
4663 6 2807 0
4664 6 4831 0
4665 5 2602 0
4666 6 4228 0
4667 3 1300 0
4668 5 3105 0
4669 4 2291 0
4670 2 3951 0
4671 4 2565 0
4672 6 3640 0
4673 6 3642 0
4674 8 3371 0
4675 4 4352 0
4676 7 1901 0
4677 4 2948 0
4678 6 309 0
4679 7 15 0
4680 8 771 0
4681 4 2155 0
4682 5 548 0
4683 4 4961 0
4684 4 607 0
4685 8 4128 0
4686 3 2745 0
4687 5 1911 0
4688 11 4811 0
4689 6 3460 0
4690 7 879 0
4691 5 4910 0
4692 7 1435 0
4693 6 257 0
4694 3 1161 0
4695 6 1309 0
4696 4 4256 0
4697 6 2575 0
4698 6 4098 0
4699 4 1049 0
4700 6 2447 0
4701 7 2886 0
4702 8 1124 0
4703 6 3260 0
4704 2 4674 0
4705 9 3851 0
4706 6 3208 0
4707 9 2543 0
4708 3 1490 0
4709 3 3411 0
4710 4 3708 0
4711 4 990 0
4712 8 2779 0
4713 6 3210 0
4714 8 2623 0
4715 3 429 0
4716 5 2355 0
4717 5 2223 0
4718 4 1158 0
4719 3 4116 0
4720 8 2475 0
4721 8 4038 0
4722 5 3922 0
4723 5 2663 0
4724 2 3340 0
4725 5 901 0
4726 5 4788 0
4727 7 981 0
4728 6 1579 0
4729 4 1472 0
4730 6 784 0
4731 7 2206 0
4732 4 1957 0
4733 6 539 0
4734 4 1402 0
4735 5 4993 0
4736 5 3159 0
4737 6 2923 0
4738 8 478 0
4739 6 1797 0
4740 9 621 0
4741 6 560 0
4742 5 1773 0
4743 5 2641 0
4744 5 3505 0
4745 7 752 0
4746 4 3323 0
4747 2 4194 0
4748 6 3076 0
4749 9 3981 0
4750 6 4935 0
4751 0 4371 0
4752 4 663 0
4753 5 3634 0
4754 10 226 0
4755 9 1870 0
4756 4 3422 0
4757 4 111 0
4758 3 908 0
4759 7 2257 0
4760 6 1226 0
4761 6 1842 0
4762 6 3006 0
4763 3 3494 0
4764 3 568 0
4765 8 475 0
4766 3 921 0
4767 4 3918 0
4768 6 557 0
4769 4 4820 0
4770 7 2872 0
4771 11 3316 0
4772 3 2478 0
4773 4 161 0
4774 5 3024 0
4775 3 4181 0
4776 4 1608 0
4777 8 2785 0
4778 5 2819 0
4779 4 1683 0
4780 4 3419 0
4781 3 1408 0
4782 5 4470 0
4783 7 3062 0
4784 6 1750 0
4785 6 3928 0
4786 4 2618 0
4787 6 4209 0
4788 6 4279 0
4789 5 446 0
4790 4 4522 0
4791 6 2888 0
4792 7 230 0
4793 4 1109 0
4794 2 4599 0
4795 6 4080 0
4796 5 3365 0
4797 7 1264 0
4798 10 1404 0
4799 3 930 0
4800 5 1617 0
4801 5 1419 0
4802 4 697 0
4803 1 1583 0
4804 5 4853 0
4805 6 3146 0
4806 6 676 0
4807 5 1825 0
4808 4 1495 0
4809 7 3423 0
4810 10 2893 0
4811 7 3522 0
4812 8 3659 0
4813 8 4033 0
4814 6 2364 0
4815 8 4058 0
4816 9 3149 0
4817 3 2949 0
4818 8 1904 0
4819 7 1778 0
4820 9 4918 0
4821 4 1627 0
4822 5 1660 0
4823 4 4164 0
4824 7 4304 0
4825 5 930 0
4826 7 467 0
4827 3 4801 0
4828 9 1379 0
4829 4 3370 0
4830 8 4523 0
4831 7 2509 0
4832 5 3863 0
4833 4 2697 0
4834 5 4034 0
4835 4 1274 0
4836 1 4834 0
4837 6 1209 0
4838 7 3612 0
4839 5 3261 0
4840 5 398 0
4841 6 475 0
4842 5 1540 0
4843 5 1080 0
4844 6 2700 0
4845 5 3039 0
4846 4 2530 0
4847 6 424 0
4848 5 674 0
4849 5 4897 0
4850 2 695 0
4851 8 2219 0
4852 5 649 0
4853 7 2610 0
4854 5 271 0
4855 6 2754 0
4856 6 1608 0
4857 7 1461 0
4858 7 937 0
4859 3 773 0
4860 6 801 0
4861 7 2815 0
4862 7 3511 0
4863 4 3532 0
4864 6 3654 0
4865 6 1660 0
4866 5 199 0
4867 10 2606 0
4868 9 2054 0
4869 8 1966 0
4870 6 1227 0
4871 8 4200 0
4872 2 1055 0
4873 1 3387 0
4874 6 1973 0
4875 6 953 0
4876 7 3785 0
4877 9 1425 0
4878 5 2894 0
4879 1 3593 0
4880 7 1543 0
4881 7 3337 0
4882 7 4314 0
4883 8 4284 0
4884 4 493 0
4885 3 3718 0
4886 8 1903 0
4887 6 2534 0
4888 8 1775 0
4889 8 4478 0
4890 7 2533 0
4891 5 2797 0
4892 6 950 0
4893 4 2393 0
4894 4 915 0
4895 5 179 0
4896 2 2005 0
4897 4 2321 0
4898 4 4903 0
4899 6 387 0
4900 3 4149 0
4901 9 2105 0
4902 10 2581 0
4903 5 1921 0
4904 4 4401 0
4905 7 562 0
4906 6 1486 0
4907 8 1972 0
4908 7 969 0
4909 8 2164 0
4910 3 3577 0
4911 7 2111 0
4912 8 3701 0
4913 4 3359 0
4914 3 1491 0
4915 8 3679 0
4916 5 506 0
4917 3 1373 0
4918 5 4121 0
4919 5 2171 0
4920 4 3090 0
4921 5 2426 0
4922 3 4247 0
4923 7 3107 0
4924 5 2819 0
4925 4 2591 0
4926 5 3207 0
4927 5 2170 0
4928 5 2938 0
4929 5 3556 0
4930 1 1263 0
4931 3 4273 0
4932 6 3380 0
4933 5 4874 0
4934 5 3025 0
4935 8 1456 0
4936 3 4846 0
4937 6 1685 0
4938 3 4408 0
4939 4 3139 0
4940 7 4518 0
4941 7 3385 0
4942 5 4502 0
4943 9 2614 0
4944 7 4558 0
4945 5 2156 0
4946 7 3637 0
4947 0 1404 0
4948 8 3955 0
4949 4 1453 0
4950 3 1853 0
4951 5 1563 0
4952 7 517 0
4953 6 34 0
4954 5 3892 0
4955 5 3904 0
4956 4 653 0
4957 5 4962 0
4958 2 2962 0
4959 4 1919 0
4960 3 2944 0
4961 3 1672 0
4962 9 856 0
4963 5 470 0
4964 5 3502 0
4965 1 2403 0
4966 1 1078 0
4967 8 3097 0
4968 8 3178 0
4969 4 2421 0
4970 8 1183 0
4971 3 4034 0
4972 3 2982 0
4973 7 3572 0
4974 6 2787 0
4975 2 2789 0
4976 5 2366 0
4977 2 2639 0
4978 7 166 0
4979 7 3292 0
4980 5 885 0
4981 5 887 0
4982 5 3611 0
4983 4 3867 0
4984 9 2162 0
4985 4 3595 0
4986 8 2985 0
4987 7 1264 0
4988 5 2996 0
4989 3 4530 0
4990 9 784 0
4991 4 921 0
4992 6 4799 0
4993 1 2866 0
4994 4 369 0
4995 6 134 0
4996 3 983 0
4997 11 3033 0
4998 5 576 0
4999 0 4738 0
5000 5 957 0
