1 5 1128 0
2 6 1272 0
3 7 2862 0
4 5 2256 0
5 5 3785 0
6 6 3894 0
7 5 104 0
8 5 1044 0
9 7 1333 0
10 3 2086 0
11 8 3978 0
12 4 1458 0
13 7 1965 0
14 8 2659 0
15 9 229 0
16 7 1231 0
17 8 1326 0
18 5 3133 0
19 5 1764 0
20 7 544 0
21 2 3333 0
22 4 4271 0
23 5 1631 0
24 5 1850 0
25 5 2404 0
26 6 4198 0
27 6 1818 0
28 8 4201 0
29 5 4404 0
30 5 4411 0
31 2 552 0
32 8 3958 0
33 5 2760 0
34 5 4734 0
35 6 4182 0
36 3 530 0
37 4 3217 0
38 5 3361 0
39 3 547 0
40 5 3255 0
41 3 2662 0
42 4 4268 0
43 8 1074 0
44 6 2051 0
45 2 1224 0
46 5 3876 0
47 12 3032 0
48 5 254 0
49 8 3903 0
50 6 270 0
51 5 2365 0
52 6 3090 0
53 4 3464 0
54 4 1720 0
55 8 2257 0
56 6 3899 0
57 9 3116 0
58 5 893 0
59 3 1160 0
60 7 2244 0
61 11 3226 0
62 1 2637 0
63 4 4839 0
64 5 4588 0
65 6 2315 0
66 6 1517 0
67 6 675 0
68 6 2937 0
69 4 117 0
70 6 2184 0
71 6 2030 0
72 4 4956 0
73 2 4894 0
74 5 2814 0
75 9 2151 0
76 5 2391 0
77 10 1598 0
78 6 3734 0
79 9 93 0
80 5 3135 0
81 6 1289 0
82 3 3702 0
83 6 2612 0
84 6 2734 0
85 4 4516 0
86 4 4389 0
87 5 4200 0
88 6 2868 0
89 3 3612 0
90 5 4468 0
91 3 2386 0
92 6 4749 0
93 5 4539 0
94 7 1201 0
95 7 323 0
96 5 747 0
97 4 4827 0
98 8 1709 0
99 8 3579 0
100 7 2206 0
101 8 2578 0
102 6 1403 0
103 7 3351 0
104 5 3008 0
105 4 4745 0
106 7 601 0
107 8 282 0
108 5 4438 0
109 9 4353 0
110 5 2873 0
111 6 1604 0
112 7 1492 0
113 4 4407 0
114 9 4954 0
115 4 501 0
116 2 3104 0
117 3 4673 0
118 4 3897 0
119 5 4488 0
120 3 1383 0
121 3 3583 0
122 5 3698 0
123 4 675 0
124 5 3409 0
125 6 4475 0
126 6 173 0
127 5 1702 0
128 3 2767 0
129 3 4866 0
130 4 3085 0
131 7 3184 0
132 2 1146 0
133 5 211 0
134 5 4906 0
135 9 2953 0
136 7 3091 0
137 6 3127 0
138 4 439 0
139 8 134 0
140 8 3619 0
141 5 2844 0
142 5 619 0
143 5 1008 0
144 6 2557 0
145 6 2812 0
146 10 538 0
147 6 839 0
148 6 1684 0
149 7 151 0
150 5 2974 0
151 4 74 0
152 6 3550 0
153 5 4781 0
154 7 3597 0
155 7 2186 0
156 6 275 0
157 6 4828 0
158 6 322 0
159 7 4746 0
160 5 349 0
161 3 4718 0
162 9 4924 0
163 5 690 0
164 7 4218 0
165 5 2731 0
166 8 840 0
167 5 763 0
168 7 1398 0
169 7 2292 0
170 7 3056 0
171 5 1649 0
172 4 1928 0
173 7 11 0
174 6 551 0
175 5 3573 0
176 8 3640 0
177 6 4246 0
178 8 533 0
179 5 2059 0
180 5 3301 0
181 7 837 0
182 8 3365 0
183 3 3637 0
184 7 2099 0
185 6 1206 0
186 9 89 0
187 6 106 0
188 7 4057 0
189 9 3581 0
190 2 4464 0
191 2 4251 0
192 6 2660 0
193 8 1048 0
194 2 349 0
195 7 2314 0
196 7 50 0
197 5 1840 0
198 8 1962 0
199 5 2022 0
200 8 395 0
201 6 1905 0
202 4 2947 0
203 5 861 0
204 7 1466 0
205 8 1201 0
206 9 4193 0
207 3 2814 0
208 4 830 0
209 6 1584 0
210 6 2497 0
211 8 3091 0
212 2 3694 0
213 4 3415 0
214 6 3444 0
215 5 204 0
216 3 1053 0
217 7 4092 0
218 7 3042 0
219 6 4682 0
220 4 863 0
221 7 1071 0
222 5 2601 0
223 1 2273 0
224 7 3173 0
225 5 673 0
226 7 1460 0
227 6 4910 0
228 4 648 0
229 7 3774 0
230 4 3399 0
231 6 1805 0
232 9 4945 0
233 3 2054 0
234 5 1524 0
235 5 1716 0
236 6 2070 0
237 5 899 0
238 3 911 0
239 6 1284 0
240 6 4858 0
241 7 706 0
242 4 1072 0
243 8 733 0
244 5 4254 0
245 4 2618 0
246 4 4773 0
247 6 1933 0
248 7 4738 0
249 7 410 0
250 7 4647 0
251 3 2243 0
252 8 3843 0
253 5 138 0
254 6 1263 0
255 7 2234 0
256 6 2811 0
257 4 3147 0
258 6 260 0
259 6 3427 0
260 6 4296 0
261 3 4723 0
262 5 375 0
263 8 1941 0
264 5 4711 0
265 5 1710 0
266 5 3149 0
267 4 2893 0
268 4 2983 0
269 5 2150 0
270 6 2988 0
271 7 2510 0
272 2 458 0
273 4 1799 0
274 4 4796 0
275 6 1941 0
276 7 1093 0
277 6 3792 0
278 4 1195 0
279 8 3075 0
280 3 1546 0
281 6 1200 0
282 6 1459 0
283 3 1523 0
284 5 1228 0
285 5 1091 0
286 8 3646 0
287 8 4612 0
288 2 4748 0
289 5 3092 0
290 6 4285 0
291 4 3506 0
292 6 1389 0
293 3 4456 0
294 10 19 0
295 6 3482 0
296 2 4296 0
297 4 4970 0
298 4 89 0
299 8 459 0
300 6 3664 0
301 6 700 0
302 4 1553 0
303 10 1638 0
304 6 1459 0
305 3 1987 0
306 9 1339 0
307 4 3054 0
308 3 1049 0
309 5 3426 0
310 5 4247 0
311 5 484 0
312 3 3487 0
313 6 1024 0
314 3 952 0
315 6 2202 0
316 6 4947 0
317 6 825 0
318 7 3349 0
319 6 177 0
320 7 1836 0
321 5 82 0
322 5 3782 0
323 6 447 0
324 8 510 0
325 7 3094 0
326 3 4191 0
327 5 1238 0
328 5 142 0
329 8 12 0
330 5 470 0
331 4 1637 0
332 6 2609 0
333 4 4066 0
334 5 1017 0
335 3 2051 0
336 5 1899 0
337 5 1403 0
338 3 1327 0
339 8 1324 0
340 9 2677 0
341 3 918 0
342 4 831 0
343 6 253 0
344 5 945 0
345 5 3220 0
346 6 4021 0
347 4 224 0
348 7 1922 0
349 6 985 0
350 8 2374 0
351 9 2783 0
352 5 3401 0
353 3 2371 0
354 4 4107 0
355 5 517 0
356 4 4596 0
357 4 1482 0
358 10 535 0
359 6 3878 0
360 3 2704 0
361 7 1681 0
362 8 3440 0
363 8 3416 0
364 5 884 0
365 0 4159 0
366 3 319 0
367 6 2914 0
368 8 2711 0
369 8 4520 0
370 7 3491 0
371 4 1963 0
372 7 2242 0
373 6 3723 0
374 2 1598 0
375 2 957 0
376 9 452 0
377 6 780 0
378 4 4861 0
379 6 1430 0
380 3 1307 0
381 3 80 0
382 5 1868 0
383 3 2225 0
384 2 1462 0
385 7 1891 0
386 5 2704 0
387 7 3697 0
388 2 2420 0
389 5 2151 0
390 5 1405 0
391 6 2042 0
392 9 2971 0
393 3 643 0
394 6 2914 0
395 6 177 0
396 7 748 0
397 5 4919 0
398 5 3352 0
399 9 2195 0
400 5 2806 0
401 0 4712 0
402 6 566 0
403 4 1539 0
404 7 2732 0
405 7 1690 0
406 6 1795 0
407 4 365 0
408 1 1675 0
409 6 2861 0
410 2 251 0
411 6 1852 0
412 6 1508 0
413 6 905 0
414 3 3331 0
415 7 2407 0
416 2 612 0
417 6 1430 0
418 9 2930 0
419 8 1327 0
420 2 4994 0
421 7 2070 0
422 6 4492 0
423 10 3103 0
424 5 1852 0
425 6 195 0
426 7 1586 0
427 5 3292 0
428 7 2208 0
429 7 4932 0
430 6 3330 0
431 3 4871 0
432 6 1937 0
433 6 4380 0
434 5 3699 0
435 5 296 0
436 6 3801 0
437 4 4672 0
438 8 1286 0
439 7 1749 0
440 6 533 0
441 8 3750 0
442 8 3719 0
443 4 3754 0
444 9 4047 0
445 2 4635 0
446 4 3906 0
447 6 4698 0
448 7 3379 0
449 5 243 0
450 6 2730 0
451 6 345 0
452 5 3459 0
453 6 1947 0
454 8 2151 0
455 5 3860 0
456 2 646 0
457 3 1641 0
458 8 248 0
459 5 626 0
460 9 2719 0
461 9 721 0
462 4 968 0
463 6 1589 0
464 7 74 0
465 4 3897 0
466 5 1296 0
467 8 2160 0
468 4 1021 0
469 2 4211 0
470 4 1805 0
471 8 3302 0
472 7 126 0
473 6 2713 0
474 5 1048 0
475 7 1079 0
476 3 3334 0
477 8 3750 0
478 3 790 0
479 9 2799 0
480 4 4417 0
481 4 3079 0
482 5 4335 0
483 6 2632 0
484 6 3976 0
485 9 1102 0
486 2 3195 0
487 9 1041 0
488 4 3992 0
489 4 1758 0
490 4 25 0
491 6 3216 0
492 8 2868 0
493 10 3050 0
494 8 4983 0
495 7 3836 0
496 4 4159 0
497 5 558 0
498 3 1501 0
499 5 1432 0
500 5 1039 0
501 8 4938 0
502 7 366 0
503 9 3311 0
504 5 2870 0
505 2 421 0
506 7 2230 0
507 4 785 0
508 4 4022 0
509 7 4212 0
510 5 3836 0
511 6 4002 0
512 6 4835 0
513 6 2891 0
514 6 1348 0
515 4 1900 0
516 3 4203 0
517 4 1926 0
518 5 2908 0
519 4 4217 0
520 4 684 0
521 7 3563 0
522 4 1540 0
523 5 3712 0
524 7 70 0
525 6 3641 0
526 8 2322 0
527 8 3081 0
528 4 4675 0
529 7 1188 0
530 3 4456 0
531 5 707 0
532 10 3402 0
533 5 1585 0
534 1 498 0
535 4 2499 0
536 7 3429 0
537 7 817 0
538 6 154 0
539 4 2776 0
540 6 338 0
541 5 4365 0
542 0 2519 0
543 8 3250 0
544 6 2669 0
545 6 4531 0
546 5 3833 0
547 8 3790 0
548 6 4952 0
549 6 1430 0
550 9 4966 0
551 6 921 0
552 4 574 0
553 7 1042 0
554 6 3549 0
555 7 229 0
556 3 2727 0
557 8 2259 0
558 5 959 0
559 3 4571 0
560 7 4560 0
561 7 783 0
562 6 1289 0
563 8 4857 0
564 4 3308 0
565 5 2079 0
566 7 926 0
567 5 1242 0
568 4 758 0
569 6 1545 0
570 2 4875 0
571 7 2657 0
572 7 3139 0
573 7 3303 0
574 7 4656 0
575 4 3348 0
576 7 3722 0
577 6 641 0
578 9 2730 0
579 5 4421 0
580 6 172 0
581 8 2024 0
582 4 148 0
583 6 332 0
584 6 3635 0
585 4 3771 0
586 7 1715 0
587 7 427 0
588 5 1369 0
589 7 1115 0
590 2 4787 0
591 5 3985 0
592 4 165 0
593 4 397 0
594 4 3256 0
595 6 730 0
596 9 3489 0
597 2 125 0
598 3 230 0
599 8 3852 0
600 4 2818 0
601 5 2448 0
602 0 3190 0
603 5 3403 0
604 7 3557 0
605 6 3747 0
606 8 1363 0
607 4 2107 0
608 6 2500 0
609 4 2265 0
610 4 753 0
611 6 3402 0
612 5 2271 0
613 4 4926 0
614 6 1852 0
615 6 3845 0
616 9 1120 0
617 6 80 0
618 4 575 0
619 8 314 0
620 8 1837 0
621 5 213 0
622 6 2215 0
623 1 2388 0
624 4 4817 0
625 6 2201 0
626 2 4563 0
627 4 3818 0
628 3 3660 0
629 6 4045 0
630 2 4218 0
631 7 469 0
632 8 4294 0
633 4 4056 0
634 6 2969 0
635 6 2423 0
636 6 236 0
637 3 2699 0
638 6 2544 0
639 4 915 0
640 9 3600 0
641 4 507 0
642 7 2746 0
643 7 2316 0
644 7 4520 0
645 6 1706 0
646 5 1524 0
647 5 4707 0
648 7 3369 0
649 4 4344 0
650 5 3707 0
651 4 3101 0
652 6 2043 0
653 5 1475 0
654 4 3464 0
655 3 3270 0
656 5 2329 0
657 7 3552 0
658 2 1893 0
659 3 2070 0
660 4 2133 0
661 5 2105 0
662 6 2203 0
663 7 4915 0
664 5 332 0
665 6 541 0
666 9 4532 0
667 7 4428 0
668 8 1520 0
669 8 3645 0
670 3 3829 0
671 5 4551 0
672 10 1803 0
673 2 881 0
674 5 3788 0
675 5 205 0
676 6 1334 0
677 4 880 0
678 5 3419 0
679 3 871 0
680 7 3973 0
681 5 640 0
682 7 4234 0
683 3 3030 0
684 5 4998 0
685 10 1018 0
686 7 2886 0
687 3 2958 0
688 2 3598 0
689 5 435 0
690 4 121 0
691 5 476 0
692 7 515 0
693 8 767 0
694 10 3051 0
695 6 1108 0
696 7 3492 0
697 6 4251 0
698 5 665 0
699 7 4565 0
700 4 3704 0
701 3 2541 0
702 4 4595 0
703 4 168 0
704 5 508 0
705 9 4315 0
706 4 3802 0
707 4 413 0
708 9 421 0
709 6 3088 0
710 6 2786 0
711 6 854 0
712 8 1152 0
713 0 4748 0
714 6 3497 0
715 8 2761 0
716 7 4180 0
717 2 160 0
718 7 4185 0
719 5 2877 0
720 4 1831 0
721 6 4032 0
722 5 441 0
723 7 1513 0
724 5 1279 0
725 5 3850 0
726 8 2646 0
727 3 4932 0
728 3 4405 0
729 7 2689 0
730 5 175 0
731 3 1325 0
732 4 3303 0
733 2 2451 0
734 1 3635 0
735 6 2416 0
736 2 159 0
737 8 2726 0
738 7 1429 0
739 6 300 0
740 6 1448 0
741 7 873 0
742 7 26 0
743 8 4894 0
744 5 657 0
745 6 4361 0
746 6 3732 0
747 4 197 0
748 2 3355 0
749 7 3462 0
750 6 433 0
751 3 2250 0
752 5 1420 0
753 4 4253 0
754 7 2456 0
755 5 136 0
756 7 240 0
757 6 1190 0
758 6 4853 0
759 9 2770 0
760 9 2068 0
761 4 1040 0
762 5 2460 0
763 6 1343 0
764 7 4049 0
765 6 1512 0
766 2 2369 0
767 5 4370 0
768 8 1773 0
769 4 837 0
770 8 1885 0
771 8 3567 0
772 5 1852 0
773 6 2836 0
774 7 2654 0
775 4 1829 0
776 8 2316 0
777 5 4249 0
778 6 2152 0
779 5 4511 0
780 4 2859 0
781 7 4822 0
782 7 1971 0
783 5 2493 0
784 6 4198 0
785 7 2760 0
786 4 3922 0
787 3 1944 0
788 6 920 0
789 6 1107 0
790 7 4525 0
791 5 1359 0
792 7 298 0
793 6 3078 0
794 6 4755 0
795 6 1168 0
796 5 4893 0
797 5 4080 0
798 6 4800 0
799 6 3650 0
800 7 3502 0
801 8 1121 0
802 5 2092 0
803 4 599 0
804 7 3219 0
805 4 2677 0
806 5 3972 0
807 7 1298 0
808 6 3112 0
809 2 2444 0
810 5 1126 0
811 7 261 0
812 7 3413 0
813 9 4148 0
814 3 4150 0
815 3 2902 0
816 1 2159 0
817 6 1451 0
818 9 2053 0
819 6 3592 0
820 5 4838 0
821 7 1331 0
822 5 4173 0
823 2 260 0
824 5 3907 0
825 5 87 0
826 5 1292 0
827 2 3203 0
828 8 2588 0
829 6 2966 0
830 9 3904 0
831 4 4269 0
832 6 911 0
833 7 2234 0
834 0 3047 0
835 8 4166 0
836 6 3077 0
837 10 4618 0
838 6 4533 0
839 7 3340 0
840 4 1015 0
841 5 4063 0
842 8 664 0
843 5 3105 0
844 4 268 0
845 5 2478 0
846 9 1021 0
847 6 1426 0
848 6 4056 0
849 3 962 0
850 4 632 0
851 3 536 0
852 8 3619 0
853 4 3424 0
854 4 2717 0
855 6 845 0
856 5 963 0
857 6 1392 0
858 5 4604 0
859 6 1237 0
860 5 504 0
861 6 3139 0
862 8 3226 0
863 4 82 0
864 5 785 0
865 7 2494 0
866 7 3596 0
867 3 535 0
868 5 2824 0
869 6 4193 0
870 6 1786 0
871 5 2692 0
872 6 1767 0
873 0 3749 0
874 5 393 0
875 2 688 0
876 6 1430 0
877 6 4482 0
878 7 2030 0
879 9 4444 0
880 9 2554 0
881 4 1914 0
882 5 4427 0
883 6 1470 0
884 9 3053 0
885 3 2736 0
886 5 546 0
887 6 4825 0
888 5 4081 0
889 7 4160 0
890 5 118 0
891 4 575 0
892 3 579 0
893 6 3571 0
894 2 3751 0
895 5 117 0
896 5 1249 0
897 8 3058 0
898 2 1063 0
899 1 4838 0
900 6 4681 0
901 4 1458 0
902 6 2215 0
903 10 1000 0
904 3 4372 0
905 2 272 0
906 5 2941 0
907 6 358 0
908 6 4831 0
909 5 1525 0
910 6 192 0
911 4 706 0
912 3 2774 0
913 5 3243 0
914 5 1885 0
915 4 586 0
916 3 4376 0
917 3 1095 0
918 5 4738 0
919 9 4547 0
920 2 1820 0
921 4 1616 0
922 0 3305 0
923 3 4749 0
924 7 3322 0
925 3 3241 0
926 7 485 0
927 5 2214 0
928 9 2914 0
929 4 3796 0
930 5 4979 0
931 3 1661 0
932 8 820 0
933 4 583 0
934 7 3260 0
935 5 2090 0
936 4 709 0
937 5 624 0
938 3 939 0
939 7 1831 0
940 5 2053 0
941 7 482 0
942 8 4491 0
943 7 1211 0
944 8 4527 0
945 4 827 0
946 5 2744 0
947 6 984 0
948 9 4457 0
949 4 4449 0
950 9 378 0
951 10 2918 0
952 7 4076 0
953 6 778 0
954 9 1837 0
955 8 4223 0
956 3 4114 0
957 6 272 0
958 4 1020 0
959 5 811 0
960 2 3520 0
961 6 4157 0
962 9 3440 0
963 5 3224 0
964 6 2011 0
965 4 4559 0
966 7 766 0
967 5 3757 0
968 5 1856 0
969 4 3812 0
970 7 3630 0
971 6 2112 0
972 10 4147 0
973 1 2365 0
974 8 4645 0
975 4 1604 0
976 4 4001 0
977 7 3122 0
978 7 4331 0
979 6 2021 0
980 3 138 0
981 7 3456 0
982 6 1482 0
983 7 351 0
984 6 489 0
985 5 166 0
986 5 956 0
987 5 3622 0
988 4 4488 0
989 4 4737 0
990 3 1282 0
991 6 1975 0
992 6 333 0
993 3 2331 0
994 6 1887 0
995 7 3179 0
996 7 753 0
997 4 3162 0
998 11 1276 0
999 5 477 0
1000 1 3084 0
1001 4 4396 0
1002 4 3222 0
1003 5 265 0
1004 10 3143 0
1005 3 1452 0
1006 5 3563 0
1007 6 4327 0
1008 4 4195 0
1009 1 2784 0
1010 4 2559 0
1011 4 495 0
1012 5 538 0
1013 7 472 0
1014 8 1006 0
1015 6 3047 0
1016 4 126 0
1017 4 420 0
1018 5 4718 0
1019 3 1650 0
1020 6 4132 0
1021 4 1139 0
1022 7 1982 0
1023 2 1143 0
1024 7 3840 0
1025 6 3274 0
1026 5 1373 0
1027 3 970 0
1028 5 3446 0
1029 4 4641 0
1030 5 2268 0
1031 7 932 0
1032 8 1395 0
1033 8 1230 0
1034 7 2295 0
1035 7 1847 0
1036 10 3038 0
1037 3 1414 0
1038 5 1791 0
1039 5 1833 0
1040 5 608 0
1041 8 4274 0
1042 5 3716 0
1043 5 3818 0
1044 8 3329 0
1045 5 2229 0
1046 6 1634 0
1047 8 3323 0
1048 7 2569 0
1049 5 2627 0
1050 7 3807 0
1051 4 988 0
1052 2 344 0
1053 7 1721 0
1054 6 3608 0
1055 8 3599 0
1056 5 1302 0
1057 6 4923 0
1058 3 972 0
1059 3 3966 0
1060 6 1906 0
1061 7 638 0
1062 5 4624 0
1063 9 907 0
1064 2 598 0
1065 8 1698 0
1066 5 1680 0
1067 7 4863 0
1068 5 1245 0
1069 5 541 0
1070 5 3001 0
1071 3 2958 0
1072 6 3730 0
1073 4 854 0
1074 9 766 0
1075 5 1385 0
1076 4 4944 0
1077 11 2182 0
1078 7 4801 0
1079 4 4574 0
1080 3 4444 0
1081 4 28 0
1082 9 1898 0
1083 7 2340 0
1084 4 846 0
1085 3 4005 0
1086 5 4539 0
1087 7 3241 0
1088 8 4223 0
1089 5 4172 0
1090 5 1659 0
1091 5 1347 0
1092 8 3180 0
1093 5 4412 0
1094 8 3321 0
1095 9 2878 0
1096 7 4113 0
1097 4 2405 0
1098 6 1858 0
1099 6 4720 0
1100 7 1155 0
1101 9 3438 0
1102 7 4717 0
1103 6 1236 0
1104 6 3623 0
1105 4 815 0
1106 7 505 0
1107 3 4742 0
1108 8 3291 0
1109 6 854 0
1110 5 1736 0
1111 3 628 0
1112 4 3813 0
1113 4 4974 0
1114 4 1690 0
1115 5 4863 0
1116 7 2751 0
1117 4 3618 0
1118 5 2209 0
1119 5 3816 0
1120 7 4175 0
1121 6 2685 0
1122 3 4272 0
1123 5 1055 0
1124 8 3954 0
1125 6 4378 0
1126 8 388 0
1127 8 4254 0
1128 5 4588 0
1129 6 2462 0
1130 5 913 0
1131 6 3673 0
1132 6 1674 0
1133 6 4924 0
1134 6 3871 0
1135 4 1103 0
1136 5 3308 0
1137 6 2285 0
1138 8 2547 0
1139 5 3026 0
1140 6 905 0
1141 6 2602 0
1142 5 752 0
1143 4 4738 0
1144 8 810 0
1145 2 3922 0
1146 6 3875 0
1147 2 1613 0
1148 9 200 0
1149 6 676 0
1150 5 3990 0
1151 3 2977 0
1152 11 755 0
1153 5 4468 0
1154 8 2153 0
1155 3 3722 0
1156 8 288 0
1157 3 2821 0
1158 5 3265 0
1159 4 2310 0
1160 4 2740 0
1161 5 964 0
1162 4 2172 0
1163 6 4598 0
1164 5 3834 0
1165 1 2503 0
1166 8 471 0
1167 4 4837 0
1168 5 1654 0
1169 7 2196 0
1170 6 4834 0
1171 4 4306 0
1172 8 486 0
1173 5 911 0
1174 2 3522 0
1175 4 1954 0
1176 3 86 0
1177 3 1375 0
1178 7 2526 0
1179 7 4793 0
1180 5 2910 0
1181 2 4996 0
1182 8 4168 0
1183 9 4302 0
1184 7 4549 0
1185 6 2520 0
1186 6 166 0
1187 7 1204 0
1188 5 685 0
1189 5 1118 0
1190 7 165 0
1191 6 2882 0
1192 8 4596 0
1193 5 2605 0
1194 4 562 0
1195 7 2408 0
1196 7 4829 0
1197 5 2231 0
1198 6 3644 0
1199 7 1561 0
1200 8 4722 0
1201 8 571 0
1202 5 3374 0
1203 9 3097 0
1204 7 3618 0
1205 4 3284 0
1206 3 2899 0
1207 5 1581 0
1208 5 1222 0
1209 4 4493 0
1210 4 2505 0
1211 9 482 0
1212 4 2660 0
1213 5 2943 0
1214 6 3342 0
1215 2 3876 0
1216 7 1033 0
1217 5 1697 0
1218 3 861 0
1219 4 4895 0
1220 5 2767 0
1221 8 1913 0
1222 6 1850 0
1223 3 4936 0
1224 6 4949 0
1225 6 4511 0
1226 9 270 0
1227 4 1444 0
1228 7 3367 0
1229 3 3783 0
1230 7 2301 0
1231 7 562 0
1232 5 4992 0
1233 6 3539 0
1234 7 1743 0
1235 10 4681 0
1236 7 3817 0
1237 9 2549 0
1238 5 3751 0
1239 5 4820 0
1240 8 2164 0
1241 8 4210 0
1242 3 2671 0
1243 6 2346 0
1244 8 3342 0
1245 6 4396 0
1246 5 4470 0
1247 7 2453 0
1248 6 4172 0
1249 3 496 0
1250 11 3089 0
1251 8 4456 0
1252 6 786 0
1253 7 4250 0
1254 10 811 0
1255 6 1908 0
1256 7 1697 0
1257 7 1502 0
1258 7 2072 0
1259 5 3960 0
1260 5 1449 0
1261 10 1309 0
1262 8 3021 0
1263 7 19 0
1264 4 927 0
1265 6 4767 0
1266 9 3586 0
1267 4 213 0
1268 5 4609 0
1269 4 4202 0
1270 8 4585 0
1271 7 3696 0
1272 3 2312 0
1273 6 4580 0
1274 5 3511 0
1275 4 4093 0
1276 6 2805 0
1277 5 4575 0
1278 5 3458 0
1279 6 2845 0
1280 6 947 0
1281 4 204 0
1282 6 747 0
1283 7 666 0
1284 5 680 0
1285 9 1384 0
1286 6 828 0
1287 8 51 0
1288 7 3605 0
1289 8 2782 0
1290 8 1128 0
1291 3 2534 0
1292 8 4059 0
1293 3 4082 0
1294 2 1692 0
1295 7 548 0
1296 7 2448 0
1297 3 3041 0
1298 9 3979 0
1299 2 2518 0
1300 3 428 0
1301 5 3592 0
1302 4 1492 0
1303 6 2469 0
1304 5 3640 0
1305 3 2332 0
1306 5 3709 0
1307 4 2918 0
1308 10 4681 0
1309 6 1777 0
1310 5 4787 0
1311 9 2719 0
1312 5 3733 0
1313 8 184 0
1314 6 212 0
1315 7 3406 0
1316 4 2616 0
1317 5 4834 0
1318 5 1318 0
1319 9 4521 0
1320 4 2179 0
1321 9 2963 0
1322 4 1866 0
1323 4 2588 0
1324 7 3040 0
1325 4 1309 0
1326 7 1681 0
1327 2 443 0
1328 7 1249 0
1329 7 4104 0
1330 6 2847 0
1331 2 1279 0
1332 8 834 0
1333 6 2488 0
1334 5 3512 0
1335 8 4593 0
1336 9 2571 0
1337 6 3975 0
1338 5 631 0
1339 8 3237 0
1340 6 986 0
1341 3 2637 0
1342 6 3278 0
1343 7 506 0
1344 5 1754 0
1345 3 221 0
1346 5 4889 0
1347 5 2143 0
1348 4 681 0
1349 7 4018 0
1350 4 1676 0
1351 12 3523 0
1352 5 4451 0
1353 4 486 0
1354 2 4909 0
1355 8 3421 0
1356 4 3816 0
1357 3 2624 0
1358 5 3542 0
1359 5 3513 0
1360 6 201 0
1361 8 3796 0
1362 3 3326 0
1363 3 713 0
1364 9 1515 0
1365 6 2162 0
1366 5 4501 0
1367 4 1210 0
1368 4 2993 0
1369 8 1075 0
1370 5 188 0
1371 8 1498 0
1372 5 4390 0
1373 7 2074 0
1374 0 1462 0
1375 9 4720 0
1376 4 3376 0
1377 6 2552 0
1378 6 2030 0
1379 7 2636 0
1380 7 201 0
1381 8 16 0
1382 4 504 0
1383 6 4573 0
1384 4 1006 0
1385 2 3585 0
1386 6 3969 0
1387 5 2332 0
1388 7 3643 0
1389 7 4161 0
1390 8 4519 0
1391 10 2131 0
1392 6 40 0
1393 5 2229 0
1394 6 3614 0
1395 5 2681 0
1396 1 455 0
1397 5 4071 0
1398 6 4668 0
1399 7 3061 0
1400 8 4741 0
1401 7 4154 0
1402 5 559 0
1403 5 2268 0
1404 6 3472 0
1405 5 4625 0
1406 5 3729 0
1407 9 1321 0
1408 6 4239 0
1409 8 3973 0
1410 2 3976 0
1411 6 3873 0
1412 7 4637 0
1413 6 1384 0
1414 6 2097 0
1415 2 1451 0
1416 5 4434 0
1417 5 41 0
1418 6 4766 0
1419 9 4293 0
1420 6 1144 0
1421 5 2544 0
1422 5 4540 0
1423 5 4514 0
1424 4 2076 0
1425 5 1508 0
1426 4 973 0
1427 3 3145 0
1428 1 3484 0
1429 5 3106 0
1430 2 3777 0
1431 4 1090 0
1432 4 1533 0
1433 7 4654 0
1434 4 3921 0
1435 2 2669 0
1436 5 723 0
1437 4 837 0
1438 4 3308 0
1439 5 3291 0
1440 6 4251 0
1441 3 4365 0
1442 6 3460 0
1443 5 1574 0
1444 3 3938 0
1445 6 4578 0
1446 4 1901 0
1447 9 133 0
1448 7 3318 0
1449 6 3974 0
1450 8 3912 0
1451 5 244 0
1452 5 4616 0
1453 3 157 0
1454 4 850 0
1455 6 1576 0
1456 2 3979 0
1457 6 853 0
1458 2 3464 0
1459 4 901 0
1460 3 1698 0
1461 9 3984 0
1462 2 4571 0
1463 7 3588 0
1464 4 4132 0
1465 8 2205 0
1466 5 4880 0
1467 2 4166 0
1468 5 334 0
1469 2 1022 0
1470 4 3910 0
1471 7 4573 0
1472 3 3448 0
1473 2 2046 0
1474 6 1400 0
1475 9 2142 0
1476 5 3635 0
1477 3 2422 0
1478 5 1127 0
1479 4 48 0
1480 5 4579 0
1481 3 737 0
1482 3 2773 0
1483 5 1572 0
1484 5 4261 0
1485 5 865 0
1486 6 3645 0
1487 3 2936 0
1488 8 2991 0
1489 7 3277 0
1490 5 2160 0
1491 3 3480 0
1492 6 858 0
1493 9 169 0
1494 5 2884 0
1495 4 4474 0
1496 3 3918 0
1497 4 2266 0
1498 2 3922 0
1499 2 1584 0
1500 8 467 0
1501 8 3456 0
1502 4 2089 0
1503 7 4003 0
1504 9 4537 0
1505 6 3889 0
1506 5 1344 0
1507 5 4427 0
1508 5 4639 0
1509 10 4888 0
1510 4 3849 0
1511 5 351 0
1512 7 1525 0
1513 4 3331 0
1514 7 4817 0
1515 2 910 0
1516 1 4007 0
1517 5 4589 0
1518 6 1252 0
1519 2 2390 0
1520 4 2823 0
1521 9 2894 0
1522 5 367 0
1523 6 3151 0
1524 5 587 0
1525 6 1440 0
1526 5 547 0
1527 7 1323 0
1528 7 3951 0
1529 7 2968 0
1530 6 1823 0
1531 3 3984 0
1532 6 3147 0
1533 4 3733 0
1534 9 4278 0
1535 8 2778 0
1536 6 1418 0
1537 3 384 0
1538 7 4642 0
1539 5 363 0
1540 3 4733 0
1541 5 1167 0
1542 4 3056 0
1543 2 722 0
1544 5 4206 0
1545 8 1405 0
1546 6 2473 0
1547 7 37 0
1548 4 1082 0
1549 6 3607 0
1550 6 2454 0
1551 0 4514 0
1552 1 276 0
1553 5 4078 0
1554 3 4795 0
1555 6 3697 0
1556 4 3615 0
1557 4 658 0
1558 9 1029 0
1559 6 3337 0
1560 6 1250 0
1561 5 826 0
1562 7 4774 0
1563 6 1405 0
1564 5 1668 0
1565 5 1978 0
1566 6 1560 0
1567 6 3594 0
1568 5 363 0
1569 4 4773 0
1570 4 3932 0
1571 7 3555 0
1572 9 2925 0
1573 5 4661 0
1574 6 107 0
1575 6 1223 0
1576 6 3492 0
1577 6 4764 0
1578 5 3139 0
1579 8 2661 0
1580 8 2576 0
1581 8 267 0
1582 5 1120 0
1583 6 1565 0
1584 9 4380 0
1585 3 507 0
1586 4 2695 0
1587 4 2302 0
1588 8 4109 0
1589 2 438 0
1590 6 664 0
1591 5 1989 0
1592 9 1408 0
1593 2 843 0
1594 7 103 0
1595 4 3683 0
1596 6 4855 0
1597 6 2980 0
1598 7 4882 0
1599 4 4082 0
1600 4 3485 0
1601 4 4103 0
1602 5 4285 0
1603 7 731 0
1604 8 899 0
1605 5 417 0
1606 8 474 0
1607 4 2775 0
1608 4 2777 0
1609 5 2954 0
1610 8 3776 0
1611 6 4906 0
1612 8 472 0
1613 8 2600 0
1614 4 2802 0
1615 9 746 0
1616 7 1909 0
1617 9 605 0
1618 5 3081 0
1619 8 1422 0
1620 3 4004 0
1621 4 3650 0
1622 7 3958 0
1623 3 2014 0
1624 9 3608 0
1625 5 1282 0
1626 7 627 0
1627 4 2136 0
1628 3 2570 0
1629 3 2771 0
1630 4 1443 0
1631 8 2969 0
1632 6 2096 0
1633 3 4542 0
1634 3 1605 0
1635 7 3666 0
1636 5 4338 0
1637 7 1713 0
1638 8 651 0
1639 8 1777 0
1640 3 893 0
1641 9 3526 0
1642 5 698 0
1643 5 4640 0
1644 6 803 0
1645 5 3506 0
1646 5 1556 0
1647 4 3623 0
1648 7 615 0
1649 7 4937 0
1650 7 1314 0
1651 3 2097 0
1652 8 3491 0
1653 7 3905 0
1654 4 1394 0
1655 5 1236 0
1656 6 2094 0
1657 7 2805 0
1658 7 4161 0
1659 3 865 0
1660 6 2093 0
1661 3 1833 0
1662 6 2005 0
1663 4 4907 0
1664 7 4546 0
1665 4 1381 0
1666 7 2873 0
1667 4 767 0
1668 4 2276 0
1669 7 1279 0
1670 7 2568 0
1671 5 945 0
1672 5 4006 0
1673 3 846 0
1674 5 3767 0
1675 10 4067 0
1676 5 3105 0
1677 4 3179 0
1678 7 1196 0
1679 9 1051 0
1680 5 4937 0
1681 7 458 0
1682 5 4064 0
1683 6 3641 0
1684 5 2102 0
1685 8 2583 0
1686 7 2636 0
1687 6 2081 0
1688 5 3487 0
1689 5 550 0
1690 8 2020 0
1691 3 4570 0
1692 1 2202 0
1693 8 4746 0
1694 3 1282 0
1695 8 978 0
1696 7 4009 0
1697 8 4975 0
1698 5 38 0
1699 5 1383 0
1700 8 2822 0
1701 4 3876 0
1702 9 1866 0
1703 9 2178 0
1704 7 1063 0
1705 4 3216 0
1706 5 1917 0
1707 6 4517 0
1708 7 1238 0
1709 5 2922 0
1710 8 3194 0
1711 9 1089 0
1712 5 3379 0
1713 6 3759 0
1714 5 2478 0
1715 5 1514 0
1716 7 2296 0
1717 8 3679 0
1718 7 814 0
1719 5 2007 0
1720 5 1344 0
1721 5 3781 0
1722 8 1351 0
1723 6 2145 0
1724 7 2786 0
1725 6 2392 0
1726 7 3235 0
1727 3 4712 0
1728 3 690 0
1729 7 594 0
1730 8 145 0
1731 4 2376 0
1732 6 3075 0
1733 5 3335 0
1734 4 51 0
1735 7 3040 0
1736 7 1917 0
1737 5 946 0
1738 5 2710 0
1739 4 1947 0
1740 7 3104 0
1741 6 4496 0
1742 6 1184 0
1743 7 4279 0
1744 4 809 0
1745 6 2748 0
1746 6 3650 0
1747 9 725 0
1748 5 3083 0
1749 6 2528 0
1750 11 3747 0
1751 6 721 0
1752 4 885 0
1753 8 4897 0
1754 6 2768 0
1755 5 3758 0
1756 5 1986 0
1757 5 398 0
1758 4 1859 0
1759 8 3439 0
1760 6 4004 0
1761 9 648 0
1762 3 523 0
1763 6 4463 0
1764 4 3041 0
1765 4 163 0
1766 5 2661 0
1767 7 106 0
1768 3 4384 0
1769 7 1826 0
1770 6 136 0
1771 5 3551 0
1772 8 4253 0
1773 9 33 0
1774 6 4200 0
1775 8 1388 0
1776 6 2632 0
1777 5 1214 0
1778 5 1072 0
1779 5 3858 0
1780 6 1019 0
1781 7 4036 0
1782 6 4908 0
1783 5 2761 0
1784 8 1739 0
1785 5 1525 0
1786 5 3363 0
1787 6 4205 0
1788 7 3323 0
1789 5 535 0
1790 5 4787 0
1791 5 2178 0
1792 3 4146 0
1793 8 4550 0
1794 7 4803 0
1795 7 219 0
1796 5 4372 0
1797 8 4515 0
1798 4 4290 0
1799 5 2388 0
1800 0 4912 0
1801 1 4575 0
1802 2 4320 0
1803 6 4505 0
1804 7 837 0
1805 6 4639 0
1806 2 4320 0
1807 8 2648 0
1808 5 2167 0
1809 5 4539 0
1810 5 3092 0
1811 6 4991 0
1812 7 4942 0
1813 4 3701 0
1814 6 3681 0
1815 8 4472 0
1816 4 2514 0
1817 9 4352 0
1818 8 2094 0
1819 5 3055 0
1820 7 1379 0
1821 9 388 0
1822 7 2133 0
1823 5 4049 0
1824 7 2016 0
1825 4 55 0
1826 11 3438 0
1827 4 3555 0
1828 5 3027 0
1829 9 2163 0
1830 7 138 0
1831 6 4520 0
1832 4 1127 0
1833 7 2250 0
1834 6 1973 0
1835 5 3912 0
1836 6 3339 0
1837 8 947 0
1838 7 3433 0
1839 4 978 0
1840 3 1260 0
1841 7 3573 0
1842 7 2390 0
1843 4 355 0
1844 6 1573 0
1845 7 932 0
1846 5 3800 0
1847 3 4664 0
1848 9 1483 0
1849 7 3133 0
1850 9 3957 0
1851 5 238 0
1852 7 1749 0
1853 7 875 0
1854 7 13 0
1855 7 156 0
1856 6 272 0
1857 6 4867 0
1858 3 415 0
1859 7 1911 0
1860 5 2006 0
1861 6 5 0
1862 6 685 0
1863 5 2118 0
1864 8 589 0
1865 9 1611 0
1866 6 3085 0
1867 7 1109 0
1868 3 176 0
1869 8 2600 0
1870 7 954 0
1871 6 908 0
1872 5 1097 0
1873 3 2324 0
1874 8 2722 0
1875 6 1778 0
1876 3 3873 0
1877 2 1875 0
1878 6 1719 0
1879 6 716 0
1880 8 4059 0
1881 6 3211 0
1882 6 3384 0
1883 4 3321 0
1884 4 3884 0
1885 10 692 0
1886 5 4981 0
1887 6 3147 0
1888 8 773 0
1889 9 3939 0
1890 5 4960 0
1891 3 3701 0
1892 6 385 0
1893 2 977 0
1894 9 1663 0
1895 5 1338 0
1896 6 233 0
1897 8 967 0
1898 6 371 0
1899 7 349 0
1900 8 3735 0
1901 10 1250 0
1902 0 4137 0
1903 2 2282 0
1904 8 1595 0
1905 6 4651 0
1906 7 2630 0
1907 8 563 0
1908 3 1342 0
1909 10 1480 0
1910 5 4122 0
1911 5 4734 0
1912 3 4910 0
1913 5 1890 0
1914 9 3529 0
1915 3 4140 0
1916 3 3323 0
1917 6 2939 0
1918 7 4085 0
1919 5 2593 0
1920 5 4171 0
1921 8 2400 0
1922 4 785 0
1923 5 1214 0
1924 7 4214 0
1925 7 4060 0
1926 7 589 0
1927 3 2864 0
1928 7 1902 0
1929 7 2042 0
1930 5 2614 0
1931 5 4242 0
1932 4 3580 0
1933 4 4797 0
1934 6 1417 0
1935 6 1756 0
1936 5 1913 0
1937 1 4816 0
1938 3 4432 0
1939 5 1594 0
1940 8 3596 0
1941 7 660 0
1942 6 3511 0
1943 7 731 0
1944 8 4949 0
1945 4 144 0
1946 5 4389 0
1947 4 2544 0
1948 5 3594 0
1949 4 2388 0
1950 9 4781 0
1951 7 1644 0
1952 3 2834 0
1953 6 589 0
1954 3 4389 0
1955 2 727 0
1956 5 3789 0
1957 3 2012 0
1958 8 4927 0
1959 3 526 0
1960 3 1800 0
1961 5 1918 0
1962 5 2596 0
1963 7 1498 0
1964 5 191 0
1965 7 2296 0
1966 8 4168 0
1967 2 4348 0
1968 4 4616 0
1969 3 2024 0
1970 6 1198 0
1971 1 3092 0
1972 6 3247 0
1973 6 4072 0
1974 3 2398 0
1975 6 1683 0
1976 5 2439 0
1977 4 4774 0
1978 9 4316 0
1979 4 4432 0
1980 6 2562 0
1981 10 1384 0
1982 7 4227 0
1983 5 4453 0
1984 2 189 0
1985 9 4588 0
1986 7 3577 0
1987 5 3291 0
1988 8 896 0
1989 8 3057 0
1990 3 391 0
1991 8 4268 0
1992 6 3766 0
1993 5 885 0
1994 9 2886 0
1995 7 3532 0
1996 8 1638 0
1997 9 4766 0
1998 6 355 0
1999 6 3233 0
2000 3 2532 0
2001 0 73 0
2002 9 250 0
2003 5 1887 0
2004 6 2472 0
2005 6 1995 0
2006 8 4072 0
2007 5 162 0
2008 5 256 0
2009 2 2030 0
2010 4 1081 0
2011 8 4526 0
2012 9 2344 0
2013 7 302 0
2014 8 25 0
2015 4 2239 0
2016 7 2131 0
2017 5 1630 0
2018 6 3297 0
2019 2 3654 0
2020 3 1023 0
2021 5 813 0
2022 6 92 0
2023 8 1285 0
2024 6 2961 0
2025 6 2217 0
2026 7 4158 0
2027 7 3327 0
2028 7 3431 0
2029 6 3788 0
2030 7 103 0
2031 8 4144 0
2032 7 254 0
2033 10 2509 0
2034 8 694 0
2035 4 64 0
2036 4 2660 0
2037 4 3970 0
2038 4 843 0
2039 6 57 0
2040 8 1827 0
2041 2 4996 0
2042 5 4469 0
2043 6 755 0
2044 2 4881 0
2045 2 3088 0
2046 2 2865 0
2047 5 3274 0
2048 5 3022 0
2049 4 2718 0
2050 8 4569 0
2051 5 2908 0
2052 4 2313 0
2053 6 1725 0
2054 6 1840 0
2055 8 2198 0
2056 7 4054 0
2057 2 1784 0
2058 5 248 0
2059 5 4928 0
2060 7 3268 0
2061 4 658 0
2062 4 4944 0
2063 6 2026 0
2064 3 1412 0
2065 7 3195 0
2066 2 4376 0
2067 4 3131 0
2068 5 1162 0
2069 7 336 0
2070 6 3054 0
2071 4 3692 0
2072 7 1886 0
2073 8 4929 0
2074 6 143 0
2075 5 3241 0
2076 9 4442 0
2077 6 2408 0
2078 5 4619 0
2079 6 4852 0
2080 10 1276 0
2081 4 2769 0
2082 2 366 0
2083 8 3692 0
2084 6 1051 0
2085 6 3594 0
2086 7 893 0
2087 5 2954 0
2088 7 4219 0
2089 10 1313 0
2090 8 4499 0
2091 5 4616 0
2092 3 830 0
2093 2 1749 0
2094 0 2920 0
2095 6 3782 0
2096 5 2036 0
2097 7 2031 0
2098 7 1663 0
2099 6 3522 0
2100 4 3411 0
2101 5 3417 0
2102 8 440 0
2103 10 2354 0
2104 4 1912 0
2105 7 4087 0
2106 5 3419 0
2107 6 1835 0
2108 5 4989 0
2109 8 2012 0
2110 3 3943 0
2111 6 2344 0
2112 8 4924 0
2113 4 3175 0
2114 8 4432 0
2115 2 4311 0
2116 6 4915 0
2117 4 1550 0
2118 6 4027 0
2119 6 1804 0
2120 5 2401 0
2121 6 2234 0
2122 4 1428 0
2123 5 4615 0
2124 5 4564 0
2125 3 1841 0
2126 5 2738 0
2127 7 401 0
2128 5 2453 0
2129 5 2436 0
2130 6 2319 0
2131 1 1441 0
2132 7 2612 0
2133 5 3326 0
2134 5 4302 0
2135 4 2701 0
2136 2 4316 0
2137 5 922 0
2138 5 3529 0
2139 6 4495 0
2140 7 4917 0
2141 8 1012 0
2142 4 1967 0
2143 6 2242 0
2144 9 59 0
2145 4 2543 0
2146 7 1980 0
2147 3 4882 0
2148 4 4359 0
2149 3 1403 0
2150 3 1608 0
2151 6 1588 0
2152 6 568 0
2153 9 1118 0
2154 7 2908 0
2155 5 2717 0
2156 4 1335 0
2157 2 4251 0
2158 8 1791 0
2159 4 3757 0
2160 7 2645 0
2161 4 676 0
2162 7 3652 0
2163 5 968 0
2164 3 4660 0
2165 8 3150 0
2166 3 4432 0
2167 4 3171 0
2168 6 4356 0
2169 6 4877 0
2170 7 1609 0
2171 6 1230 0
2172 5 2185 0
2173 4 3681 0
2174 4 4551 0
2175 9 3489 0
2176 7 457 0
2177 8 619 0
2178 8 409 0
2179 5 2797 0
2180 7 2282 0
2181 7 3890 0
2182 6 413 0
2183 5 4923 0
2184 7 538 0
2185 6 3592 0
2186 5 1158 0
2187 8 2731 0
2188 8 3137 0
2189 7 1678 0
2190 4 4303 0
2191 6 1329 0
2192 5 4853 0
2193 3 4536 0
2194 4 4505 0
2195 5 2307 0
2196 5 665 0
2197 5 1853 0
2198 4 149 0
2199 5 4273 0
2200 5 3238 0
2201 9 2725 0
2202 5 1506 0
2203 6 4375 0
2204 2 1532 0
2205 7 1051 0
2206 6 1508 0
2207 6 150 0
2208 7 2843 0
2209 6 2711 0
2210 4 2028 0
2211 4 1670 0
2212 2 2163 0
2213 4 2139 0
2214 8 4670 0
2215 6 1826 0
2216 3 2757 0
2217 4 42 0
2218 2 3781 0
2219 7 4068 0
2220 3 3286 0
2221 7 636 0
2222 2 265 0
2223 7 1864 0
2224 6 4786 0
2225 4 2628 0
2226 6 2026 0
2227 8 1229 0
2228 5 3848 0
2229 8 1591 0
2230 6 3644 0
2231 2 3691 0
2232 6 4573 0
2233 7 4963 0
2234 7 4776 0
2235 4 4606 0
2236 3 739 0
2237 5 2790 0
2238 3 327 0
2239 7 3040 0
2240 4 1039 0
2241 4 2260 0
2242 8 3477 0
2243 3 1055 0
2244 4 2613 0
2245 3 4559 0
2246 8 2481 0
2247 2 2150 0
2248 12 1864 0
2249 5 1331 0
2250 3 1156 0
2251 4 328 0
2252 5 4806 0
2253 4 2209 0
2254 6 3160 0
2255 8 3895 0
2256 3 4512 0
2257 5 2003 0
2258 8 129 0
2259 5 2278 0
2260 5 4935 0
2261 10 910 0
2262 5 2557 0
2263 4 1627 0
2264 3 3265 0
2265 3 1031 0
2266 6 2847 0
2267 5 1722 0
2268 4 331 0
2269 5 2560 0
2270 5 4997 0
2271 7 1788 0
2272 6 4862 0
2273 5 3343 0
2274 4 2335 0
2275 7 2966 0
2276 7 542 0
2277 6 2768 0
2278 6 322 0
2279 7 4441 0
2280 6 2667 0
2281 5 3234 0
2282 5 2618 0
2283 2 4910 0
2284 5 2628 0
2285 6 320 0
2286 2 1455 0
2287 4 1989 0
2288 5 3010 0
2289 2 3397 0
2290 4 3254 0
2291 5 2909 0
2292 8 4433 0
2293 4 1982 0
2294 7 540 0
2295 6 3468 0
2296 4 2240 0
2297 6 3796 0
2298 4 1435 0
2299 5 2937 0
2300 1 4943 0
2301 8 790 0
2302 3 3557 0
2303 4 4397 0
2304 6 2739 0
2305 6 3447 0
2306 5 2909 0
2307 7 2655 0
2308 6 3571 0
2309 5 646 0
2310 7 2203 0
2311 2 4520 0
2312 5 2609 0
2313 3 3170 0
2314 6 4156 0
2315 8 3276 0
2316 6 367 0
2317 6 4258 0
2318 9 2521 0
2319 8 4825 0
2320 6 2873 0
2321 8 1439 0
2322 5 4937 0
2323 7 3368 0
2324 6 3165 0
2325 6 3116 0
2326 7 4187 0
2327 6 981 0
2328 4 1570 0
2329 5 3080 0
2330 5 1991 0
2331 8 2773 0
2332 6 2600 0
2333 3 3400 0
2334 2 4340 0
2335 5 3788 0
2336 4 2902 0
2337 5 3536 0
2338 6 4616 0
2339 6 1612 0
2340 7 1996 0
2341 6 4791 0
2342 9 83 0
2343 4 2145 0
2344 5 1490 0
2345 6 299 0
2346 6 3886 0
2347 7 1695 0
2348 9 2224 0
2349 3 4078 0
2350 7 695 0
2351 1 3234 0
2352 4 3245 0
2353 5 1682 0
2354 6 539 0
2355 4 1946 0
2356 7 3359 0
2357 5 2414 0
2358 3 1092 0
2359 4 1966 0
2360 5 2495 0
2361 2 2420 0
2362 5 3444 0
2363 7 761 0
2364 7 584 0
2365 8 4764 0
2366 7 2542 0
2367 3 440 0
2368 2 3141 0
2369 6 971 0
2370 5 1747 0
2371 7 2968 0
2372 3 655 0
2373 4 2070 0
2374 3 131 0
2375 6 4090 0
2376 5 622 0
2377 5 4804 0
2378 4 922 0
2379 6 948 0
2380 8 260 0
2381 9 738 0
2382 7 598 0
2383 4 1351 0
2384 7 1817 0
2385 5 4738 0
2386 6 2057 0
2387 5 4111 0
2388 4 3748 0
2389 3 1428 0
2390 9 3034 0
2391 7 4689 0
2392 4 4157 0
2393 5 1192 0
2394 6 3295 0
2395 6 2789 0
2396 4 345 0
2397 5 789 0
2398 8 3357 0
2399 5 4605 0
2400 6 2804 0
2401 7 3156 0
2402 9 391 0
2403 6 2351 0
2404 5 2140 0
2405 4 4573 0
2406 6 866 0
2407 5 3199 0
2408 6 3259 0
2409 9 2570 0
2410 2 2067 0
2411 6 1334 0
2412 5 4440 0
2413 5 2189 0
2414 6 2508 0
2415 3 2517 0
2416 4 290 0
2417 7 3317 0
2418 3 297 0
2419 6 2554 0
2420 5 519 0
2421 6 307 0
2422 5 2694 0
2423 9 2064 0
2424 8 1771 0
2425 4 1750 0
2426 6 584 0
2427 6 575 0
2428 5 3776 0
2429 7 3460 0
2430 3 290 0
2431 6 4374 0
2432 7 2084 0
2433 7 4628 0
2434 9 1073 0
2435 7 3528 0
2436 5 3018 0
2437 2 949 0
2438 8 2688 0
2439 9 3967 0
2440 7 2523 0
2441 3 1317 0
2442 6 3755 0
2443 3 2946 0
2444 4 470 0
2445 4 2391 0
2446 6 3755 0
2447 5 3107 0
2448 6 3353 0
2449 2 2507 0
2450 4 4637 0
2451 7 800 0
2452 5 2115 0
2453 6 1478 0
2454 7 1149 0
2455 3 1256 0
2456 4 2356 0
2457 3 1062 0
2458 7 22 0
2459 7 849 0
2460 1 2503 0
2461 7 2333 0
2462 6 4987 0
2463 5 3523 0
2464 5 3796 0
2465 4 1551 0
2466 6 1508 0
2467 6 1637 0
2468 7 3163 0
2469 2 3016 0
2470 7 1097 0
2471 4 1275 0
2472 6 4841 0
2473 3 2233 0
2474 4 944 0
2475 6 1507 0
2476 6 4760 0
2477 8 1754 0
2478 7 1125 0
2479 6 4067 0
2480 7 2593 0
2481 5 2406 0
2482 6 3541 0
2483 7 4163 0
2484 4 1690 0
2485 4 4017 0
2486 3 1412 0
2487 2 2108 0
2488 7 4204 0
2489 6 1539 0
2490 5 1047 0
2491 5 1023 0
2492 5 3370 0
2493 7 4989 0
2494 4 1361 0
2495 10 2208 0
2496 6 3674 0
2497 9 1748 0
2498 7 1285 0
2499 5 4814 0
2500 11 802 0
2501 4 1277 0
2502 6 4915 0
2503 6 1888 0
2504 8 2526 0
2505 5 2077 0
2506 3 1778 0
2507 7 3697 0
2508 6 4189 0
2509 8 463 0
2510 2 2604 0
2511 5 1831 0
2512 3 2976 0
2513 7 393 0
2514 6 2216 0
2515 1 576 0
2516 7 32 0
2517 6 3682 0
2518 5 903 0
2519 6 4303 0
2520 4 1972 0
2521 7 827 0
2522 6 1459 0
2523 5 4856 0
2524 6 2531 0
2525 8 217 0
2526 5 1315 0
2527 5 2352 0
2528 7 3536 0
2529 8 66 0
2530 4 2805 0
2531 4 2965 0
2532 7 523 0
2533 3 2765 0
2534 1 1643 0
2535 2 2599 0
2536 1 4797 0
2537 8 763 0
2538 6 1038 0
2539 7 2529 0
2540 4 2272 0
2541 7 2914 0
2542 2 2785 0
2543 8 1822 0
2544 4 2907 0
2545 3 1083 0
2546 6 3336 0
2547 4 3562 0
2548 6 3091 0
2549 5 1856 0
2550 4 2663 0
2551 7 1031 0
2552 3 4933 0
2553 6 2642 0
2554 5 1981 0
2555 10 3822 0
2556 2 793 0
2557 8 696 0
2558 5 795 0
2559 7 3016 0
2560 4 3202 0
2561 3 234 0
2562 8 1985 0
2563 4 1004 0
2564 4 3402 0
2565 5 772 0
2566 3 373 0
2567 4 4345 0
2568 6 1355 0
2569 9 4665 0
2570 10 2386 0
2571 4 3322 0
2572 5 4110 0
2573 2 243 0
2574 6 4639 0
2575 7 3887 0
2576 6 2171 0
2577 6 1823 0
2578 6 4669 0
2579 2 4006 0
2580 8 3406 0
2581 2 2723 0
2582 7 2327 0
2583 5 1972 0
2584 7 1253 0
2585 9 4685 0
2586 6 739 0
2587 9 1201 0
2588 5 93 0
2589 3 247 0
2590 9 2570 0
2591 7 2328 0
2592 8 4704 0
2593 6 4655 0
2594 4 923 0
2595 4 2209 0
2596 4 1926 0
2597 5 1800 0
2598 7 1334 0
2599 6 3703 0
2600 6 2252 0
2601 6 2528 0
2602 7 1063 0
2603 7 4748 0
2604 6 4548 0
2605 6 1940 0
2606 8 132 0
2607 5 2515 0
2608 4 1184 0
2609 7 4817 0
2610 8 2249 0
2611 7 4294 0
2612 5 48 0
2613 6 3069 0
2614 10 2367 0
2615 6 4751 0
2616 3 356 0
2617 4 1433 0
2618 2 161 0
2619 5 3056 0
2620 10 4179 0
2621 4 1203 0
2622 5 2054 0
2623 7 4796 0
2624 8 1999 0
2625 6 3344 0
2626 8 2122 0
2627 8 1071 0
2628 6 975 0
2629 4 1529 0
2630 5 3237 0
2631 3 46 0
2632 8 3343 0
2633 5 3376 0
2634 4 2874 0
2635 6 569 0
2636 5 4203 0
2637 7 1219 0
2638 8 3521 0
2639 1 1157 0
2640 5 3727 0
2641 6 3619 0
2642 6 4399 0
2643 5 1843 0
2644 5 1870 0
2645 4 4596 0
2646 10 3798 0
2647 6 2505 0
2648 5 1739 0
2649 5 2566 0
2650 9 2826 0
2651 0 304 0
2652 8 1707 0
2653 5 263 0
2654 6 3833 0
2655 9 3531 0
2656 5 2366 0
2657 6 4691 0
2658 5 2460 0
2659 6 1296 0
2660 4 1362 0
2661 6 1255 0
2662 7 903 0
2663 5 3322 0
2664 4 357 0
2665 4 4314 0
2666 6 4228 0
2667 4 2500 0
2668 6 3711 0
2669 5 4025 0
2670 8 1593 0
2671 8 4590 0
2672 5 3831 0
2673 10 2584 0
2674 4 1366 0
2675 5 4230 0
2676 7 3842 0
2677 10 2476 0
2678 9 3194 0
2679 3 1046 0
2680 8 550 0
2681 5 3621 0
2682 5 3924 0
2683 9 4470 0
2684 6 1551 0
2685 4 4371 0
2686 8 3536 0
2687 10 2930 0
2688 5 3798 0
2689 5 3981 0
2690 3 187 0
2691 8 2582 0
2692 3 3796 0
2693 5 4526 0
2694 4 3066 0
2695 2 2532 0
2696 3 2654 0
2697 6 4694 0
2698 6 1597 0
2699 8 2880 0
2700 4 2155 0
2701 10 2872 0
2702 5 3029 0
2703 7 4316 0
2704 4 373 0
2705 6 1704 0
2706 2 1592 0
2707 4 4912 0
2708 6 211 0
2709 4 2335 0
2710 3 4061 0
2711 5 319 0
2712 7 4636 0
2713 6 4090 0
2714 9 2710 0
2715 1 2229 0
2716 8 1011 0
2717 3 1283 0
2718 9 3768 0
2719 6 1140 0
2720 3 2267 0
2721 3 3996 0
2722 6 1549 0
2723 3 2231 0
2724 6 1483 0
2725 3 3274 0
2726 6 3659 0
2727 2 170 0
2728 7 1229 0
2729 6 1334 0
2730 7 2790 0
2731 4 1670 0
2732 4 3666 0
2733 5 2831 0
2734 5 1457 0
2735 6 2874 0
2736 7 2729 0
2737 4 1860 0
2738 7 908 0
2739 7 767 0
2740 6 2157 0
2741 7 1913 0
2742 1 3078 0
2743 5 4903 0
2744 6 4541 0
2745 7 3021 0
2746 8 274 0
2747 7 3472 0
2748 5 2303 0
2749 5 679 0
2750 5 1614 0
2751 7 4960 0
2752 5 3471 0
2753 7 4342 0
2754 4 892 0
2755 5 2590 0
2756 7 4924 0
2757 5 996 0
2758 4 3042 0
2759 7 1578 0
2760 7 2117 0
2761 7 2723 0
2762 5 4842 0
2763 5 3351 0
2764 6 4973 0
2765 5 4501 0
2766 4 4247 0
2767 5 3146 0
2768 5 3872 0
2769 8 1900 0
2770 8 4371 0
2771 9 2472 0
2772 4 4490 0
2773 6 2210 0
2774 4 4942 0
2775 8 2736 0
2776 7 2748 0
2777 6 1631 0
2778 5 4461 0
2779 5 4891 0
2780 6 1966 0
2781 3 4517 0
2782 4 4772 0
2783 8 3447 0
2784 2 3587 0
2785 5 601 0
2786 7 1418 0
2787 5 183 0
2788 5 4607 0
2789 6 2074 0
2790 6 1478 0
2791 6 1155 0
2792 2 450 0
2793 2 2909 0
2794 3 93 0
2795 8 2516 0
2796 4 3325 0
2797 7 2076 0
2798 10 4327 0
2799 3 3199 0
2800 7 16 0
2801 6 780 0
2802 7 1439 0
2803 4 4204 0
2804 4 4148 0
2805 2 1061 0
2806 6 1228 0
2807 3 1506 0
2808 4 3756 0
2809 7 4047 0
2810 5 553 0
2811 5 3751 0
2812 8 133 0
2813 6 4372 0
2814 4 2579 0
2815 5 3577 0
2816 2 228 0
2817 2 4986 0
2818 4 949 0
2819 7 1993 0
2820 6 2854 0
2821 4 594 0
2822 3 1454 0
2823 6 860 0
2824 7 875 0
2825 4 1871 0
2826 5 4425 0
2827 6 3185 0
2828 7 31 0
2829 8 570 0
2830 7 1747 0
2831 6 4123 0
2832 4 2282 0
2833 4 772 0
2834 7 730 0
2835 3 331 0
2836 7 15 0
2837 6 3966 0
2838 9 4358 0
2839 9 4997 0
2840 6 2724 0
2841 4 36 0
2842 9 786 0
2843 3 4730 0
2844 4 4541 0
2845 4 1933 0
2846 7 1253 0
2847 8 1546 0
2848 11 2434 0
2849 6 1067 0
2850 2 4572 0
2851 7 4599 0
2852 4 2925 0
2853 6 52 0
2854 6 1956 0
2855 3 3071 0
2856 8 3042 0
2857 5 88 0
2858 3 2291 0
2859 2 1218 0
2860 6 213 0
2861 5 3188 0
2862 5 3519 0
2863 3 615 0
2864 4 1007 0
2865 6 4673 0
2866 6 3754 0
2867 6 1775 0
2868 7 115 0
2869 2 1835 0
2870 7 4377 0
2871 5 2137 0
2872 6 3979 0
2873 7 4075 0
2874 5 1286 0
2875 6 3743 0
2876 6 790 0
2877 5 4740 0
2878 7 685 0
2879 2 1817 0
2880 6 4698 0
2881 5 4142 0
2882 8 2809 0
2883 5 1949 0
2884 8 827 0
2885 9 693 0
2886 8 733 0
2887 4 2232 0
2888 9 42 0
2889 6 3704 0
2890 4 1945 0
2891 5 3284 0
2892 7 4767 0
2893 12 2967 0
2894 6 3885 0
2895 5 3253 0
2896 4 4862 0
2897 5 3483 0
2898 6 4127 0
2899 5 2637 0
2900 4 2518 0
2901 5 4204 0
2902 4 1770 0
2903 4 975 0
2904 7 1787 0
2905 8 2405 0
2906 7 1870 0
2907 3 88 0
2908 2 1044 0
2909 6 1819 0
2910 5 1198 0
2911 4 1378 0
2912 5 4202 0
2913 4 1862 0
2914 4 1307 0
2915 8 1995 0
2916 7 2123 0
2917 6 1933 0
2918 3 1645 0
2919 6 4595 0
2920 6 4806 0
2921 6 3811 0
2922 4 3337 0
2923 8 3225 0
2924 8 1565 0
2925 8 1178 0
2926 6 199 0
2927 5 3432 0
2928 6 4360 0
2929 7 2682 0
2930 6 281 0
2931 5 3388 0
2932 6 2626 0
2933 6 2263 0
2934 6 4207 0
2935 7 2518 0
2936 7 315 0
2937 6 3258 0
2938 7 2122 0
2939 6 1215 0
2940 6 1589 0
2941 5 761 0
2942 2 3907 0
2943 7 4053 0
2944 6 1074 0
2945 6 2039 0
2946 6 2573 0
2947 6 4580 0
2948 6 4828 0
2949 6 2924 0
2950 3 4477 0
2951 6 2813 0
2952 7 937 0
2953 5 3229 0
2954 5 2089 0
2955 5 1875 0
2956 7 1962 0
2957 5 342 0
2958 12 61 0
2959 7 704 0
2960 10 39 0
2961 7 266 0
2962 3 4872 0
2963 7 2736 0
2964 7 1622 0
2965 7 1745 0
2966 6 4518 0
2967 9 2237 0
2968 4 2677 0
2969 5 1528 0
2970 4 1184 0
2971 7 560 0
2972 6 4421 0
2973 5 4803 0
2974 4 1057 0
2975 6 3389 0
2976 7 4809 0
2977 4 3125 0
2978 3 1918 0
2979 5 3214 0
2980 6 75 0
2981 6 1353 0
2982 1 2462 0
2983 3 2857 0
2984 6 3201 0
2985 11 3714 0
2986 7 3858 0
2987 3 2364 0
2988 5 2680 0
2989 4 3553 0
2990 2 577 0
2991 4 4733 0
2992 5 1754 0
2993 6 1991 0
2994 8 2606 0
2995 6 2763 0
2996 6 2776 0
2997 5 855 0
2998 7 4623 0
2999 6 4513 0
3000 7 2890 0
3001 7 1333 0
3002 6 2520 0
3003 6 309 0
3004 5 437 0
3005 8 3837 0
3006 7 4474 0
3007 8 1853 0
3008 4 2758 0
3009 7 4623 0
3010 2 2498 0
3011 8 2373 0
3012 3 2389 0
3013 9 150 0
3014 3 2354 0
3015 6 3337 0
3016 11 3575 0
3017 4 4101 0
3018 7 1584 0
3019 5 4337 0
3020 4 557 0
3021 5 64 0
3022 4 575 0
3023 6 933 0
3024 7 3465 0
3025 4 4400 0
3026 7 1222 0
3027 6 328 0
3028 4 22 0
3029 10 3874 0
3030 2 2635 0
3031 9 4767 0
3032 11 2598 0
3033 7 3983 0
3034 8 2991 0
3035 6 3271 0
3036 6 4242 0
3037 8 3124 0
3038 3 4489 0
3039 5 3029 0
3040 3 2526 0
3041 5 370 0
3042 8 1794 0
3043 9 2366 0
3044 7 3147 0
3045 4 870 0
3046 4 634 0
3047 3 4816 0
3048 8 592 0
3049 4 1137 0
3050 4 4978 0
3051 4 3960 0
3052 4 3858 0
3053 8 4760 0
3054 6 161 0
3055 3 2354 0
3056 7 2902 0
3057 6 4087 0
3058 7 2360 0
3059 2 3878 0
3060 3 310 0
3061 8 1820 0
3062 4 1099 0
3063 3 1962 0
3064 6 2240 0
3065 7 79 0
3066 6 3497 0
3067 8 738 0
3068 3 2942 0
3069 9 1555 0
3070 5 3369 0
3071 6 3026 0
3072 4 4489 0
3073 1 3002 0
3074 6 825 0
3075 3 2109 0
3076 8 2252 0
3077 6 2819 0
3078 6 4748 0
3079 6 3508 0
3080 8 3974 0
3081 7 1745 0
3082 5 4266 0
3083 3 321 0
3084 8 1854 0
3085 5 4574 0
3086 8 3837 0
3087 4 2732 0
3088 6 1012 0
3089 3 296 0
3090 5 1121 0
3091 4 2731 0
3092 1 1522 0
3093 3 138 0
3094 7 3549 0
3095 11 1956 0
3096 6 2288 0
3097 4 1495 0
3098 5 3229 0
3099 5 655 0
3100 8 2612 0
3101 2 2047 0
3102 5 1437 0
3103 5 2663 0
3104 5 4532 0
3105 5 2429 0
3106 6 2200 0
3107 5 2676 0
3108 6 3182 0
3109 6 1850 0
3110 4 3554 0
3111 4 104 0
3112 3 3094 0
3113 4 3792 0
3114 7 658 0
3115 6 1121 0
3116 3 282 0
3117 10 705 0
3118 5 1763 0
3119 7 2952 0
3120 7 2843 0
3121 9 979 0
3122 10 2061 0
3123 7 4948 0
3124 6 2909 0
3125 6 3111 0
3126 5 1489 0
3127 3 4662 0
3128 4 1771 0
3129 5 4213 0
3130 5 3328 0
3131 6 3675 0
3132 11 2430 0
3133 2 4560 0
3134 6 938 0
3135 7 2544 0
3136 5 785 0
3137 8 3533 0
3138 5 4295 0
3139 3 1591 0
3140 5 663 0
3141 8 3842 0
3142 9 4425 0
3143 5 57 0
3144 9 254 0
3145 4 2530 0
3146 3 4953 0
3147 7 2023 0
3148 6 4687 0
3149 4 191 0
3150 4 4887 0
3151 8 1515 0
3152 12 2811 0
3153 7 1794 0
3154 5 4845 0
3155 6 4932 0
3156 3 3393 0
3157 8 4757 0
3158 7 4668 0
3159 4 2832 0
3160 8 3647 0
3161 6 2865 0
3162 6 2679 0
3163 1 1797 0
3164 4 4747 0
3165 5 1970 0
3166 6 3470 0
3167 4 2753 0
3168 7 2157 0
3169 5 2990 0
3170 7 1748 0
3171 3 3357 0
3172 4 3400 0
3173 5 152 0
3174 6 4756 0
3175 6 1403 0
3176 4 798 0
3177 9 1269 0
3178 6 733 0
3179 2 1491 0
3180 8 590 0
3181 10 1571 0
3182 6 1950 0
3183 6 2428 0
3184 4 4753 0
3185 3 4712 0
3186 6 4470 0
3187 7 1181 0
3188 5 1329 0
3189 5 1859 0
3190 7 4323 0
3191 6 2377 0
3192 4 2408 0
3193 7 3172 0
3194 5 2873 0
3195 8 4362 0
3196 5 480 0
3197 7 246 0
3198 4 4092 0
3199 4 1993 0
3200 7 4662 0
3201 4 2299 0
3202 6 961 0
3203 5 4811 0
3204 7 4012 0
3205 4 3159 0
3206 4 40 0
3207 11 4540 0
3208 2 1439 0
3209 5 727 0
3210 10 414 0
3211 5 3856 0
3212 6 3476 0
3213 6 2299 0
3214 8 1796 0
3215 8 2909 0
3216 7 934 0
3217 4 2965 0
3218 9 2090 0
3219 8 2949 0
3220 3 3242 0
3221 4 4144 0
3222 8 3334 0
3223 3 2601 0
3224 8 1007 0
3225 6 1569 0
3226 8 833 0
3227 5 3346 0
3228 7 4977 0
3229 5 2972 0
3230 10 4087 0
3231 4 2841 0
3232 8 4407 0
3233 7 3795 0
3234 9 2804 0
3235 6 4669 0
3236 3 1246 0
3237 10 1184 0
3238 5 1943 0
3239 5 158 0
3240 5 839 0
3241 6 789 0
3242 5 204 0
3243 2 2690 0
3244 7 3688 0
3245 2 1697 0
3246 5 1556 0
3247 1 972 0
3248 6 4788 0
3249 5 2102 0
3250 6 2964 0
3251 7 1827 0
3252 7 3155 0
3253 7 1288 0
3254 8 1970 0
3255 5 1556 0
3256 8 4092 0
3257 2 2047 0
3258 5 2505 0
3259 8 748 0
3260 7 2132 0
3261 3 4700 0
3262 7 3807 0
3263 8 631 0
3264 7 4274 0
3265 8 744 0
3266 6 4752 0
3267 3 3629 0
3268 2 2594 0
3269 7 4409 0
3270 6 823 0
3271 4 852 0
3272 6 806 0
3273 7 3199 0
3274 5 279 0
3275 8 2253 0
3276 4 63 0
3277 5 1166 0
3278 6 1774 0
3279 9 1297 0
3280 5 1235 0
3281 8 1552 0
3282 4 2191 0
3283 6 1479 0
3284 5 367 0
3285 6 454 0
3286 3 3730 0
3287 5 4225 0
3288 6 4182 0
3289 6 793 0
3290 5 1370 0
3291 7 1445 0
3292 7 4115 0
3293 10 1229 0
3294 5 4360 0
3295 4 683 0
3296 4 1494 0
3297 6 2388 0
3298 3 3821 0
3299 4 2201 0
3300 2 398 0
3301 3 3824 0
3302 4 2748 0
3303 6 3200 0
3304 6 1523 0
3305 4 4631 0
3306 7 4379 0
3307 3 1359 0
3308 3 1312 0
3309 4 3377 0
3310 8 2664 0
3311 10 4537 0
3312 3 2107 0
3313 4 1727 0
3314 5 3148 0
3315 7 3033 0
3316 7 4262 0
3317 8 313 0
3318 6 1113 0
3319 3 3613 0
3320 10 4380 0
3321 7 3103 0
3322 6 4883 0
3323 5 3442 0
3324 8 778 0
3325 5 768 0
3326 8 3822 0
3327 5 129 0
3328 6 1769 0
3329 5 2932 0
3330 9 1082 0
3331 6 566 0
3332 3 488 0
3333 6 3720 0
3334 6 4381 0
3335 3 2038 0
3336 5 101 0
3337 6 1312 0
3338 3 1766 0
3339 5 600 0
3340 5 1569 0
3341 5 2647 0
3342 6 948 0
3343 6 2228 0
3344 5 2631 0
3345 6 4074 0
3346 7 1177 0
3347 8 3269 0
3348 4 4226 0
3349 5 1948 0
3350 4 2658 0
3351 6 2093 0
3352 4 2804 0
3353 6 1669 0
3354 4 3177 0
3355 8 3799 0
3356 2 2276 0
3357 6 657 0
3358 5 2241 0
3359 4 104 0
3360 4 4524 0
3361 4 4727 0
3362 5 1187 0
3363 6 1709 0
3364 5 296 0
3365 4 1056 0
3366 6 63 0
3367 6 1378 0
3368 10 3171 0
3369 5 4019 0
3370 4 3237 0
3371 4 4546 0
3372 6 4558 0
3373 6 4284 0
3374 4 487 0
3375 8 2631 0
3376 6 875 0
3377 6 965 0
3378 4 3587 0
3379 6 3084 0
3380 8 3146 0
3381 8 3380 0
3382 3 2561 0
3383 5 987 0
3384 7 2815 0
3385 8 4338 0
3386 6 3932 0
3387 3 1067 0
3388 8 1046 0
3389 7 4498 0
3390 5 4485 0
3391 8 4249 0
3392 4 4745 0
3393 3 3374 0
3394 9 3694 0
3395 4 4876 0
3396 2 852 0
3397 5 177 0
3398 7 1539 0
3399 8 193 0
3400 7 3808 0
3401 6 1145 0
3402 10 1847 0
3403 5 2547 0
3404 5 2484 0
3405 10 1346 0
3406 9 1088 0
3407 6 377 0
3408 5 4781 0
3409 5 4225 0
3410 5 694 0
3411 4 512 0
3412 7 4936 0
3413 7 1562 0
3414 3 3955 0
3415 6 1977 0
3416 4 4242 0
3417 12 2194 0
3418 7 562 0
3419 4 1222 0
3420 8 13 0
3421 0 4540 0
3422 1 3184 0
3423 11 2463 0
3424 1 620 0
3425 2 3983 0
3426 2 1690 0
3427 6 2009 0
3428 7 506 0
3429 8 2858 0
3430 3 4065 0
3431 3 1257 0
3432 4 1241 0
3433 11 1758 0
3434 4 1964 0
3435 6 4341 0
3436 6 4383 0
3437 4 1084 0
3438 7 1447 0
3439 4 1535 0
3440 6 2100 0
3441 8 177 0
3442 5 1343 0
3443 8 395 0
3444 9 981 0
3445 4 55 0
3446 7 4601 0
3447 11 4342 0
3448 7 1063 0
3449 9 3946 0
3450 7 3542 0
3451 5 449 0
3452 5 975 0
3453 7 4745 0
3454 6 2022 0
3455 6 108 0
3456 4 1114 0
3457 7 781 0
3458 7 3791 0
3459 9 854 0
3460 5 1346 0
3461 5 3875 0
3462 3 4576 0
3463 4 1081 0
3464 4 1870 0
3465 3 3558 0
3466 6 4956 0
3467 6 1197 0
3468 4 3370 0
3469 7 1944 0
3470 2 2146 0
3471 7 965 0
3472 2 3275 0
3473 4 3028 0
3474 5 4513 0
3475 8 1994 0
3476 3 2435 0
3477 5 4645 0
3478 4 942 0
3479 4 1217 0
3480 5 4514 0
3481 9 2209 0
3482 5 3881 0
3483 2 1747 0
3484 6 3608 0
3485 4 3853 0
3486 2 810 0
3487 4 1751 0
3488 4 937 0
3489 10 4762 0
3490 5 980 0
3491 4 4438 0
3492 5 2791 0
3493 3 4356 0
3494 3 3725 0
3495 7 3047 0
3496 7 2677 0
3497 5 3972 0
3498 5 2481 0
3499 7 3077 0
3500 5 2106 0
3501 6 2114 0
3502 5 431 0
3503 7 1808 0
3504 6 3875 0
3505 4 58 0
3506 7 2731 0
3507 5 1635 0
3508 6 1401 0
3509 4 1603 0
3510 4 4586 0
3511 3 4055 0
3512 10 4936 0
3513 3 1528 0
3514 8 4230 0
3515 1 593 0
3516 5 873 0
3517 6 4123 0
3518 7 3259 0
3519 8 2476 0
3520 10 1231 0
3521 6 3910 0
3522 7 2482 0
3523 4 4889 0
3524 5 3117 0
3525 5 997 0
3526 4 2089 0
3527 6 2013 0
3528 5 1135 0
3529 10 3771 0
3530 2 3759 0
3531 4 4041 0
3532 6 1416 0
3533 4 464 0
3534 7 824 0
3535 7 3092 0
3536 7 555 0
3537 8 3008 0
3538 10 1233 0
3539 3 4758 0
3540 6 776 0
3541 6 1406 0
3542 7 4956 0
3543 4 392 0
3544 7 2299 0
3545 3 2021 0
3546 2 2428 0
3547 4 440 0
3548 8 3701 0
3549 2 4236 0
3550 7 2492 0
3551 5 940 0
3552 9 3198 0
3553 5 2927 0
3554 6 4454 0
3555 4 2547 0
3556 4 2477 0
3557 6 3135 0
3558 9 2237 0
3559 9 2555 0
3560 5 1630 0
3561 5 2276 0
3562 5 3394 0
3563 7 2143 0
3564 8 3799 0
3565 6 3811 0
3566 6 3742 0
3567 7 4171 0
3568 2 2816 0
3569 8 3123 0
3570 6 3313 0
3571 5 853 0
3572 10 3560 0
3573 5 4203 0
3574 8 4548 0
3575 4 4085 0
3576 4 1867 0
3577 0 2337 0
3578 4 2349 0
3579 7 4357 0
3580 5 1984 0
3581 3 3369 0
3582 7 783 0
3583 5 4757 0
3584 8 1963 0
3585 4 756 0
3586 7 1373 0
3587 8 253 0
3588 8 2018 0
3589 4 2839 0
3590 6 1826 0
3591 5 2486 0
3592 7 199 0
3593 3 233 0
3594 7 1877 0
3595 5 2751 0
3596 6 1714 0
3597 4 4557 0
3598 6 262 0
3599 7 1493 0
3600 7 2588 0
3601 2 3841 0
3602 7 1663 0
3603 7 1545 0
3604 5 4299 0
3605 6 3202 0
3606 5 1783 0
3607 3 876 0
3608 5 1793 0
3609 4 4233 0
3610 7 3006 0
3611 6 179 0
3612 4 1490 0
3613 4 1127 0
3614 4 961 0
3615 7 3382 0
3616 5 4436 0
3617 8 2461 0
3618 4 2544 0
3619 4 823 0
3620 3 3829 0
3621 8 3972 0
3622 5 4731 0
3623 5 1352 0
3624 5 4258 0
3625 8 132 0
3626 8 4185 0
3627 4 1488 0
3628 3 2703 0
3629 9 1096 0
3630 5 1864 0
3631 3 14 0
3632 4 1094 0
3633 7 4276 0
3634 6 2282 0
3635 4 422 0
3636 7 1791 0
3637 7 3012 0
3638 5 2235 0
3639 7 2912 0
3640 4 4609 0
3641 6 3974 0
3642 9 4269 0
3643 7 1279 0
3644 5 3424 0
3645 5 2262 0
3646 4 1837 0
3647 12 3821 0
3648 6 1632 0
3649 4 3976 0
3650 5 2199 0
3651 8 2305 0
3652 3 778 0
3653 2 4068 0
3654 5 232 0
3655 7 1503 0
3656 6 2535 0
3657 6 139 0
3658 7 2622 0
3659 5 1568 0
3660 6 226 0
3661 5 643 0
3662 5 3021 0
3663 4 2174 0
3664 4 2741 0
3665 3 4121 0
3666 6 2572 0
3667 2 1822 0
3668 8 4230 0
3669 8 4413 0
3670 4 666 0
3671 5 1359 0
3672 1 2718 0
3673 8 3853 0
3674 8 2236 0
3675 8 1506 0
3676 7 3299 0
3677 4 2832 0
3678 8 3159 0
3679 5 1141 0
3680 6 1196 0
3681 3 4409 0
3682 6 1590 0
3683 8 948 0
3684 5 2529 0
3685 6 3272 0
3686 5 1754 0
3687 3 4217 0
3688 8 3326 0
3689 8 2187 0
3690 4 545 0
3691 4 1802 0
3692 4 4362 0
3693 5 3917 0
3694 7 3367 0
3695 3 3286 0
3696 4 268 0
3697 9 3899 0
3698 6 3242 0
3699 5 3393 0
3700 7 3828 0
3701 5 4004 0
3702 7 4175 0
3703 4 3 0
3704 6 4116 0
3705 3 2932 0
3706 5 2620 0
3707 7 1089 0
3708 5 376 0
3709 4 4043 0
3710 3 104 0
3711 5 399 0
3712 3 3119 0
3713 6 2027 0
3714 7 3590 0
3715 5 4536 0
3716 8 1301 0
3717 8 4277 0
3718 7 3806 0
3719 6 2248 0
3720 5 1629 0
3721 4 1103 0
3722 7 1824 0
3723 10 3668 0
3724 10 2298 0
3725 4 4502 0
3726 6 102 0
3727 4 3214 0
3728 5 4434 0
3729 11 2446 0
3730 9 3852 0
3731 6 3290 0
3732 6 2798 0
3733 4 938 0
3734 7 4034 0
3735 3 159 0
3736 6 558 0
3737 5 4382 0
3738 8 391 0
3739 4 1637 0
3740 4 687 0
3741 5 28 0
3742 8 3310 0
3743 5 3136 0
3744 4 261 0
3745 5 511 0
3746 3 1815 0
3747 5 450 0
3748 7 1071 0
3749 11 3330 0
3750 5 1862 0
3751 6 4704 0
3752 7 3427 0
3753 3 1144 0
3754 7 1474 0
3755 5 938 0
3756 7 1327 0
3757 9 4120 0
3758 9 1218 0
3759 7 187 0
3760 6 2988 0
3761 8 3946 0
3762 3 1729 0
3763 4 3625 0
3764 2 3104 0
3765 6 4118 0
3766 6 641 0
3767 3 2573 0
3768 5 2361 0
3769 5 3327 0
3770 8 612 0
3771 5 2757 0
3772 4 1586 0
3773 6 3601 0
3774 5 4114 0
3775 6 2882 0
3776 5 4429 0
3777 5 1904 0
3778 6 620 0
3779 7 1422 0
3780 8 3253 0
3781 2 2855 0
3782 2 150 0
3783 8 2862 0
3784 6 1484 0
3785 3 3348 0
3786 7 4003 0
3787 6 2585 0
3788 7 850 0
3789 3 4355 0
3790 3 3106 0
3791 5 4418 0
3792 8 2198 0
3793 7 919 0
3794 4 3314 0
3795 4 610 0
3796 2 3309 0
3797 5 1250 0
3798 7 3529 0
3799 9 2883 0
3800 6 486 0
3801 8 73 0
3802 5 4698 0
3803 6 160 0
3804 8 4164 0
3805 8 774 0
3806 5 2003 0
3807 2 3335 0
3808 5 2795 0
3809 3 2294 0
3810 4 1060 0
3811 8 2833 0
3812 6 3472 0
3813 6 2684 0
3814 6 3396 0
3815 5 2621 0
3816 6 2709 0
3817 6 350 0
3818 7 2892 0
3819 7 3251 0
3820 6 2134 0
3821 2 2015 0
3822 6 4552 0
3823 6 3861 0
3824 5 4317 0
3825 4 1206 0
3826 9 550 0
3827 5 1665 0
3828 5 22 0
3829 5 903 0
3830 2 2698 0
3831 7 3471 0
3832 8 4362 0
3833 6 4633 0
3834 7 4552 0
3835 6 1357 0
3836 5 2322 0
3837 7 3588 0
3838 6 1980 0
3839 5 1360 0
3840 6 2443 0
3841 10 413 0
3842 7 2288 0
3843 7 2968 0
3844 6 2301 0
3845 8 4815 0
3846 5 2580 0
3847 7 2349 0
3848 6 4745 0
3849 9 2582 0
3850 5 2234 0
3851 4 1267 0
3852 4 3417 0
3853 3 507 0
3854 4 2843 0
3855 4 1736 0
3856 6 843 0
3857 7 2959 0
3858 5 60 0
3859 8 1702 0
3860 5 2805 0
3861 6 1108 0
3862 9 3240 0
3863 6 4251 0
3864 2 4173 0
3865 6 3512 0
3866 8 3395 0
3867 4 4260 0
3868 9 408 0
3869 7 1643 0
3870 8 1904 0
3871 7 160 0
3872 6 3386 0
3873 5 1190 0
3874 6 3558 0
3875 4 4479 0
3876 4 4116 0
3877 6 2398 0
3878 6 3381 0
3879 6 1403 0
3880 8 4441 0
3881 3 4663 0
3882 3 3501 0
3883 6 3350 0
3884 4 4757 0
3885 6 3271 0
3886 5 2046 0
3887 5 1805 0
3888 5 118 0
3889 9 2252 0
3890 7 1727 0
3891 6 2913 0
3892 6 2350 0
3893 5 647 0
3894 4 3780 0
3895 6 3186 0
3896 2 1130 0
3897 5 4082 0
3898 2 3167 0
3899 7 2964 0
3900 9 198 0
3901 7 3479 0
3902 5 1953 0
3903 6 2239 0
3904 3 1463 0
3905 4 3367 0
3906 8 3316 0
3907 9 26 0
3908 7 1496 0
3909 3 1918 0
3910 3 1102 0
3911 4 1908 0
3912 5 3613 0
3913 3 1149 0
3914 6 371 0
3915 6 1793 0
3916 8 939 0
3917 2 4039 0
3918 3 1082 0
3919 5 1523 0
3920 5 3338 0
3921 3 3581 0
3922 5 1941 0
3923 8 3148 0
3924 5 3294 0
3925 7 1527 0
3926 4 2006 0
3927 5 3451 0
3928 6 79 0
3929 5 1736 0
3930 8 3024 0
3931 7 2303 0
3932 8 4137 0
3933 6 2048 0
3934 8 2332 0
3935 5 899 0
3936 6 225 0
3937 5 1680 0
3938 8 260 0
3939 3 182 0
3940 6 2927 0
3941 4 3692 0
3942 8 701 0
3943 0 4889 0
3944 7 3548 0
3945 8 4928 0
3946 6 4 0
3947 5 636 0
3948 1 3609 0
3949 6 606 0
3950 6 4285 0
3951 3 4506 0
3952 7 4899 0
3953 9 280 0
3954 7 519 0
3955 7 3018 0
3956 10 1940 0
3957 5 3152 0
3958 4 2517 0
3959 8 4220 0
3960 8 4262 0
3961 2 2807 0
3962 5 4350 0
3963 7 4788 0
3964 7 902 0
3965 11 1316 0
3966 6 788 0
3967 6 3592 0
3968 9 3541 0
3969 3 2333 0
3970 7 2920 0
3971 6 694 0
3972 5 4050 0
3973 5 2330 0
3974 6 2092 0
3975 4 4074 0
3976 7 4932 0
3977 6 441 0
3978 5 11 0
3979 8 4267 0
3980 7 3404 0
3981 1 4256 0
3982 4 1778 0
3983 6 3131 0
3984 5 184 0
3985 4 172 0
3986 5 1280 0
3987 3 1617 0
3988 0 1002 0
3989 3 1941 0
3990 7 2740 0
3991 1 4717 0
3992 6 4756 0
3993 2 2208 0
3994 6 31 0
3995 7 3693 0
3996 8 3320 0
3997 9 340 0
3998 7 1930 0
3999 6 1772 0
4000 5 2196 0
4001 3 234 0
4002 3 2104 0
4003 6 2769 0
4004 7 3937 0
4005 4 3947 0
4006 7 993 0
4007 6 2600 0
4008 5 4727 0
4009 5 2087 0
4010 6 1317 0
4011 5 4667 0
4012 2 2416 0
4013 4 1931 0
4014 2 480 0
4015 4 793 0
4016 7 2419 0
4017 7 1222 0
4018 5 1431 0
4019 9 4755 0
4020 2 885 0
4021 6 3460 0
4022 8 2429 0
4023 10 4492 0
4024 7 1646 0
4025 6 1078 0
4026 6 3244 0
4027 8 1598 0
4028 6 4947 0
4029 7 3174 0
4030 3 2877 0
4031 3 2872 0
4032 5 4576 0
4033 3 4747 0
4034 3 1793 0
4035 3 2876 0
4036 7 2613 0
4037 4 3147 0
4038 6 2784 0
4039 2 3053 0
4040 6 3566 0
4041 5 1959 0
4042 7 4742 0
4043 4 4324 0
4044 3 4914 0
4045 6 3053 0
4046 2 4214 0
4047 4 1897 0
4048 5 1402 0
4049 8 2181 0
4050 4 2811 0
4051 6 46 0
4052 5 666 0
4053 7 386 0
4054 6 2597 0
4055 7 2502 0
4056 6 1001 0
4057 3 4612 0
4058 2 2412 0
4059 6 3715 0
4060 4 3546 0
4061 5 3308 0
4062 5 3978 0
4063 4 875 0
4064 6 4015 0
4065 6 1263 0
4066 3 2509 0
4067 8 1505 0
4068 5 3458 0
4069 4 4958 0
4070 9 2811 0
4071 3 3346 0
4072 5 4295 0
4073 1 2499 0
4074 6 4314 0
4075 4 4335 0
4076 3 634 0
4077 7 3211 0
4078 8 4331 0
4079 5 713 0
4080 5 3298 0
4081 1 3059 0
4082 5 1278 0
4083 3 2573 0
4084 8 1117 0
4085 2 3368 0
4086 8 2118 0
4087 3 4190 0
4088 6 810 0
4089 4 1468 0
4090 6 2556 0
4091 1 1419 0
4092 7 3273 0
4093 8 3475 0
4094 7 2944 0
4095 7 149 0
4096 4 1562 0
4097 7 4672 0
4098 2 4867 0
4099 6 2799 0
4100 5 3431 0
4101 3 969 0
4102 7 1551 0
4103 6 159 0
4104 7 2969 0
4105 5 226 0
4106 2 1095 0
4107 3 2724 0
4108 4 3514 0
4109 4 4403 0
4110 8 1741 0
4111 6 4736 0
4112 5 2962 0
4113 6 1666 0
4114 10 2636 0
4115 6 4169 0
4116 6 4157 0
4117 6 2554 0
4118 4 3439 0
4119 5 2675 0
4120 6 4260 0
4121 7 3930 0
4122 3 2731 0
4123 2 3234 0
4124 5 4460 0
4125 1 1272 0
4126 7 4998 0
4127 8 587 0
4128 10 2359 0
4129 1 4089 0
4130 4 91 0
4131 5 2126 0
4132 6 4767 0
4133 7 3798 0
4134 6 2191 0
4135 4 2111 0
4136 4 3757 0
4137 4 1656 0
4138 4 1845 0
4139 5 1904 0
4140 6 4592 0
4141 4 2850 0
4142 5 2235 0
4143 4 1001 0
4144 4 3971 0
4145 3 4562 0
4146 8 4349 0
4147 7 4944 0
4148 5 3201 0
4149 5 1881 0
4150 6 4049 0
4151 8 1228 0
4152 4 4055 0
4153 3 4137 0
4154 8 2612 0
4155 4 3084 0
4156 7 4632 0
4157 3 2410 0
4158 4 1166 0
4159 5 3816 0
4160 13 78 0
4161 6 3836 0
4162 6 3800 0
4163 7 4142 0
4164 7 4357 0
4165 6 2252 0
4166 6 34 0
4167 5 1128 0
4168 3 4479 0
4169 5 2000 0
4170 8 169 0
4171 3 2419 0
4172 8 1954 0
4173 6 236 0
4174 9 4437 0
4175 4 1141 0
4176 7 834 0
4177 3 80 0
4178 3 3663 0
4179 2 2319 0
4180 6 1488 0
4181 7 104 0
4182 2 2 0
4183 5 1436 0
4184 6 2894 0
4185 7 3845 0
4186 4 1770 0
4187 7 1337 0
4188 7 551 0
4189 7 2396 0
4190 3 3469 0
4191 6 3247 0
4192 1 1682 0
4193 4 1739 0
4194 6 4600 0
4195 8 718 0
4196 2 1307 0
4197 2 4902 0
4198 5 4611 0
4199 6 270 0
4200 5 2662 0
4201 9 3460 0
4202 5 4268 0
4203 4 1144 0
4204 4 765 0
4205 2 862 0
4206 5 4815 0
4207 8 3377 0
4208 6 3043 0
4209 5 2883 0
4210 7 3608 0
4211 6 976 0
4212 5 2802 0
4213 5 4958 0
4214 4 3803 0
4215 9 461 0
4216 4 3830 0
4217 9 2711 0
4218 4 2417 0
4219 5 1318 0
4220 4 3755 0
4221 9 4044 0
4222 7 64 0
4223 3 286 0
4224 6 1030 0
4225 7 3878 0
4226 4 888 0
4227 5 3228 0
4228 5 1371 0
4229 4 4038 0
4230 6 3100 0
4231 2 4680 0
4232 6 1123 0
4233 4 29 0
4234 2 4138 0
4235 4 3588 0
4236 3 344 0
4237 4 4796 0
4238 5 1063 0
4239 9 1516 0
4240 7 1971 0
4241 9 4651 0
4242 6 703 0
4243 8 1272 0
4244 1 2962 0
4245 4 1142 0
4246 5 1601 0
4247 6 908 0
4248 8 2811 0
4249 3 574 0
4250 6 3673 0
4251 2 280 0
4252 2 3415 0
4253 5 4655 0
4254 5 4263 0
4255 3 1217 0
4256 8 3912 0
4257 9 1493 0
4258 6 3095 0
4259 10 4184 0
4260 6 2083 0
4261 7 691 0
4262 5 1392 0
4263 10 4303 0
4264 4 2659 0
4265 10 3335 0
4266 5 3688 0
4267 5 2300 0
4268 9 1382 0
4269 4 3007 0
4270 6 3645 0
4271 8 650 0
4272 8 1578 0
4273 8 850 0
4274 7 1043 0
4275 6 2911 0
4276 9 3848 0
4277 7 4213 0
4278 7 1884 0
4279 8 703 0
4280 5 2339 0
4281 3 1146 0
4282 7 1127 0
4283 6 2821 0
4284 5 658 0
4285 8 3946 0
4286 9 4654 0
4287 5 2866 0
4288 4 3115 0
4289 6 1103 0
4290 4 48 0
4291 2 1631 0
4292 6 4444 0
4293 5 3252 0
4294 6 4143 0
4295 4 3103 0
4296 6 70 0
4297 6 1644 0
4298 5 3088 0
4299 7 2452 0
4300 5 1670 0
4301 6 2768 0
4302 5 4277 0
4303 4 4436 0
4304 5 1989 0
4305 9 1687 0
4306 7 2304 0
4307 10 4246 0
4308 3 1729 0
4309 3 3759 0
4310 7 685 0
4311 6 2643 0
4312 4 3575 0
4313 2 2487 0
4314 4 4268 0
4315 3 4449 0
4316 5 4747 0
4317 5 2919 0
4318 8 1325 0
4319 9 3513 0
4320 7 26 0
4321 8 3801 0
4322 8 2701 0
4323 8 2912 0
4324 6 1324 0
4325 6 2718 0
4326 8 2860 0
4327 8 4348 0
4328 2 1130 0
4329 5 3937 0
4330 6 2031 0
4331 5 1742 0
4332 7 2729 0
4333 5 4698 0
4334 3 783 0
4335 0 1248 0
4336 7 1122 0
4337 6 1414 0
4338 5 1963 0
4339 7 516 0
4340 3 599 0
4341 7 3296 0
4342 4 2593 0
4343 8 650 0
4344 8 502 0
4345 3 3316 0
4346 8 3501 0
4347 4 467 0
4348 3 3945 0
4349 6 1992 0
4350 4 459 0
4351 5 1058 0
4352 10 126 0
4353 9 1068 0
4354 8 1432 0
4355 8 4643 0
4356 5 742 0
4357 7 1084 0
4358 2 246 0
4359 4 4151 0
4360 10 4600 0
4361 4 506 0
4362 7 4310 0
4363 6 4499 0
4364 9 1652 0
4365 3 3872 0
4366 4 4120 0
4367 8 3531 0
4368 7 2755 0
4369 2 1090 0
4370 7 2518 0
4371 5 1386 0
4372 7 1324 0
4373 4 4946 0
4374 5 3841 0
4375 8 4290 0
4376 11 4612 0
4377 6 2355 0
4378 4 3964 0
4379 1 3533 0
4380 5 2417 0
4381 5 749 0
4382 1 4734 0
4383 4 4194 0
4384 8 735 0
4385 5 2452 0
4386 4 1988 0
4387 5 2378 0
4388 6 2967 0
4389 8 4211 0
4390 5 3274 0
4391 7 3192 0
4392 6 2740 0
4393 5 502 0
4394 10 4820 0
4395 5 1181 0
4396 7 1411 0
4397 7 368 0
4398 8 120 0
4399 9 2198 0
4400 4 1246 0
4401 5 3520 0
4402 6 1419 0
4403 8 4441 0
4404 7 400 0
4405 5 837 0
4406 3 4161 0
4407 6 1730 0
4408 10 1737 0
4409 9 3363 0
4410 4 3975 0
4411 5 4901 0
4412 5 4460 0
4413 8 4517 0
4414 4 928 0
4415 6 4892 0
4416 6 1581 0
4417 4 2267 0
4418 5 675 0
4419 6 33 0
4420 4 989 0
4421 6 370 0
4422 7 69 0
4423 7 4346 0
4424 4 2056 0
4425 5 786 0
4426 6 3340 0
4427 5 1697 0
4428 2 4948 0
4429 8 4733 0
4430 2 329 0
4431 5 2118 0
4432 4 908 0
4433 5 564 0
4434 6 755 0
4435 3 4297 0
4436 6 251 0
4437 2 1412 0
4438 2 829 0
4439 4 2733 0
4440 5 1966 0
4441 10 1127 0
4442 6 480 0
4443 7 353 0
4444 9 4356 0
4445 8 108 0
4446 0 4714 0
4447 6 1812 0
4448 5 1531 0
4449 8 3791 0
4450 5 1847 0
4451 6 2495 0
4452 6 3708 0
4453 5 4838 0
4454 10 4737 0
4455 10 3090 0
4456 9 4986 0
4457 4 1588 0
4458 10 1575 0
4459 9 4663 0
4460 4 3594 0
4461 5 1805 0
4462 7 3848 0
4463 8 4370 0
4464 7 1357 0
4465 7 4893 0
4466 9 1239 0
4467 7 3295 0
4468 6 4537 0
4469 5 320 0
4470 5 976 0
4471 4 1430 0
4472 5 4271 0
4473 2 2440 0
4474 6 301 0
4475 3 1538 0
4476 5 1499 0
4477 3 2153 0
4478 6 1381 0
4479 6 2327 0
4480 7 3446 0
4481 7 1711 0
4482 4 621 0
4483 10 2275 0
4484 4 3789 0
4485 2 1722 0
4486 7 2440 0
4487 8 2766 0
4488 7 592 0
4489 6 4816 0
4490 6 3350 0
4491 7 2211 0
4492 6 1725 0
4493 4 4705 0
4494 8 2705 0
4495 7 3040 0
4496 8 3885 0
4497 6 534 0
4498 9 4405 0
4499 6 2687 0
4500 6 4251 0
4501 4 1724 0
4502 6 4066 0
4503 10 3618 0
4504 10 2653 0
4505 5 4086 0
4506 8 4788 0
4507 6 4333 0
4508 5 1571 0
4509 6 3977 0
4510 9 2340 0
4511 4 1294 0
4512 7 3480 0
4513 6 4695 0
4514 5 803 0
4515 5 689 0
4516 3 2164 0
4517 4 4901 0
4518 6 4570 0
4519 7 3838 0
4520 6 1785 0
4521 5 215 0
4522 2 3674 0
4523 3 142 0
4524 8 4659 0
4525 3 3037 0
4526 4 1939 0
4527 6 2380 0
4528 5 778 0
4529 5 1263 0
4530 6 683 0
4531 4 1117 0
4532 1 1042 0
4533 7 3612 0
4534 4 2953 0
4535 6 3718 0
4536 6 4203 0
4537 6 3209 0
4538 4 2746 0
4539 5 4234 0
4540 2 1011 0
4541 6 4796 0
4542 6 2125 0
4543 7 870 0
4544 8 1199 0
4545 9 1617 0
4546 3 3963 0
4547 5 2339 0
4548 5 3705 0
4549 7 4113 0
4550 6 1015 0
4551 3 1067 0
4552 5 3006 0
4553 4 1369 0
4554 7 3534 0
4555 8 2720 0
4556 7 2003 0
4557 8 4379 0
4558 6 4636 0
4559 5 4581 0
4560 4 4638 0
4561 5 3285 0
4562 5 4927 0
4563 8 2994 0
4564 7 424 0
4565 3 4368 0
4566 7 2681 0
4567 7 999 0
4568 5 2763 0
4569 8 3874 0
4570 6 3772 0
4571 0 1267 0
4572 4 4262 0
4573 6 3346 0
4574 7 1530 0
4575 6 4086 0
4576 6 4945 0
4577 5 2602 0
4578 3 2460 0
4579 7 1183 0
4580 6 2259 0
4581 3 3548 0
4582 4 695 0
4583 7 850 0
4584 5 1043 0
4585 6 155 0
4586 5 573 0
4587 9 125 0
4588 4 3998 0
4589 7 1690 0
4590 1 2601 0
4591 2 3657 0
4592 5 1243 0
4593 4 1933 0
4594 5 1120 0
4595 6 1960 0
4596 7 1886 0
4597 6 1483 0
4598 5 381 0
4599 6 1162 0
4600 6 1890 0
4601 2 3765 0
4602 2 4429 0
4603 2 3185 0
4604 4 2265 0
4605 4 4571 0
4606 5 491 0
4607 8 174 0
4608 4 3233 0
4609 5 3641 0
4610 6 94 0
4611 5 24 0
4612 3 4260 0
4613 6 1926 0
4614 6 2125 0
4615 4 4230 0
4616 10 1233 0
4617 3 1952 0
4618 11 858 0
4619 4 2793 0
4620 6 466 0
4621 6 1311 0
4622 7 1656 0
4623 4 1627 0
4624 7 414 0
4625 5 43 0
4626 10 4242 0
4627 2 537 0
4628 8 3983 0
4629 5 1360 0
4630 5 2055 0
4631 6 1142 0
4632 11 4015 0
4633 5 1886 0
4634 7 2320 0
4635 6 4575 0
4636 7 375 0
4637 7 401 0
4638 5 4988 0
4639 5 4022 0
4640 4 4006 0
4641 6 1131 0
4642 6 2292 0
4643 4 1615 0
4644 6 1900 0
4645 6 3093 0
4646 8 3639 0
4647 9 2125 0
4648 2 449 0
4649 5 4514 0
4650 6 4395 0
4651 6 2348 0
4652 8 4524 0
4653 6 1121 0
4654 5 1609 0
4655 3 1080 0
4656 7 3373 0
4657 5 684 0
4658 5 4701 0
4659 9 3446 0
4660 3 3217 0
4661 8 1477 0
4662 2 931 0
4663 8 4706 0
4664 5 2051 0
4665 6 6 0
4666 6 531 0
4667 5 4086 0
4668 8 4792 0
4669 3 4278 0
4670 5 3397 0
4671 4 618 0
4672 1 3 0
4673 8 4382 0
4674 6 91 0
4675 8 3619 0
4676 6 2307 0
4677 4 1803 0
4678 3 358 0
4679 6 2445 0
4680 9 3589 0
4681 6 4544 0
4682 5 2978 0
4683 4 413 0
4684 7 2401 0
4685 6 4558 0
4686 7 1286 0
4687 6 2738 0
4688 7 744 0
4689 6 2696 0
4690 2 624 0
4691 5 931 0
4692 4 379 0
4693 10 1136 0
4694 9 3177 0
4695 3 1074 0
4696 9 3617 0
4697 5 4981 0
4698 4 4471 0
4699 5 3947 0
4700 7 1498 0
4701 2 1453 0
4702 7 818 0
4703 5 3963 0
4704 7 3846 0
4705 10 2513 0
4706 5 1907 0
4707 4 3147 0
4708 8 1455 0
4709 6 4750 0
4710 7 4154 0
4711 9 2530 0
4712 5 3809 0
4713 4 2232 0
4714 6 2285 0
4715 5 1576 0
4716 3 178 0
4717 4 4835 0
4718 7 3683 0
4719 6 19 0
4720 7 1699 0
4721 4 2414 0
4722 6 1170 0
4723 6 153 0
4724 4 2324 0
4725 5 4419 0
4726 8 4487 0
4727 4 1391 0
4728 4 2333 0
4729 6 874 0
4730 2 4681 0
4731 7 2616 0
4732 8 233 0
4733 4 746 0
4734 6 1817 0
4735 6 1452 0
4736 7 4024 0
4737 5 1886 0
4738 1 4474 0
4739 5 4224 0
4740 6 3063 0
4741 7 550 0
4742 2 2038 0
4743 3 566 0
4744 5 3219 0
4745 5 3566 0
4746 7 2113 0
4747 9 2186 0
4748 4 3431 0
4749 5 1121 0
4750 6 1434 0
4751 8 2546 0
4752 7 3080 0
4753 7 2296 0
4754 3 609 0
4755 5 3837 0
4756 5 3325 0
4757 6 2793 0
4758 5 3655 0
4759 10 3644 0
4760 4 4681 0
4761 5 4310 0
4762 3 4563 0
4763 10 2593 0
4764 3 3606 0
4765 2 820 0
4766 6 2511 0
4767 7 3980 0
4768 3 335 0
4769 10 1350 0
4770 6 1838 0
4771 7 4409 0
4772 4 1037 0
4773 3 1689 0
4774 7 3021 0
4775 2 836 0
4776 6 4685 0
4777 6 1868 0
4778 4 709 0
4779 7 394 0
4780 5 3801 0
4781 4 21 0
4782 5 2609 0
4783 7 1215 0
4784 5 1308 0
4785 6 83 0
4786 4 292 0
4787 3 3809 0
4788 4 205 0
4789 5 4588 0
4790 5 271 0
4791 9 460 0
4792 3 4333 0
4793 5 977 0
4794 5 1074 0
4795 8 1525 0
4796 6 212 0
4797 2 4309 0
4798 4 3947 0
4799 7 1572 0
4800 3 532 0
4801 4 4788 0
4802 5 1582 0
4803 6 716 0
4804 6 508 0
4805 2 2120 0
4806 9 2775 0
4807 9 4234 0
4808 7 3680 0
4809 6 4175 0
4810 4 1948 0
4811 3 4502 0
4812 6 4983 0
4813 11 819 0
4814 6 3120 0
4815 1 1535 0
4816 8 2862 0
4817 10 4299 0
4818 6 1049 0
4819 7 3497 0
4820 5 419 0
4821 3 1655 0
4822 7 3426 0
4823 5 4131 0
4824 6 1431 0
4825 8 1719 0
4826 5 4348 0
4827 6 698 0
4828 5 2294 0
4829 7 362 0
4830 8 3592 0
4831 6 3341 0
4832 5 3256 0
4833 2 2789 0
4834 7 2289 0
4835 7 1018 0
4836 3 960 0
4837 5 4584 0
4838 6 4658 0
4839 6 1767 0
4840 6 1590 0
4841 7 4861 0
4842 7 4126 0
4843 6 2787 0
4844 6 3415 0
4845 7 4740 0
4846 8 4537 0
4847 5 1102 0
4848 5 2392 0
4849 6 2771 0
4850 8 4626 0
4851 5 4334 0
4852 5 1217 0
4853 5 3454 0
4854 10 3571 0
4855 3 1064 0
4856 9 1562 0
4857 5 4347 0
4858 4 2660 0
4859 4 4774 0
4860 10 3926 0
4861 5 868 0
4862 8 1620 0
4863 0 4853 0
4864 5 3167 0
4865 2 3047 0
4866 7 690 0
4867 7 1256 0
4868 7 1349 0
4869 6 3005 0
4870 5 4207 0
4871 6 4540 0
4872 9 1767 0
4873 6 1336 0
4874 8 3697 0
4875 5 6 0
4876 5 4534 0
4877 2 899 0
4878 6 2475 0
4879 4 2239 0
4880 3 3194 0
4881 4 4727 0
4882 8 1900 0
4883 6 2624 0
4884 3 2390 0
4885 7 1744 0
4886 3 4895 0
4887 5 4107 0
4888 5 4396 0
4889 5 734 0
4890 4 3219 0
4891 2 691 0
4892 2 271 0
4893 5 519 0
4894 4 3451 0
4895 7 1298 0
4896 6 576 0
4897 5 3538 0
4898 5 2965 0
4899 6 2762 0
4900 4 2860 0
4901 6 3413 0
4902 6 4435 0
4903 3 1881 0
4904 4 1267 0
4905 5 1038 0
4906 4 550 0
4907 5 3660 0
4908 5 2637 0
4909 2 4372 0
4910 7 1553 0
4911 9 838 0
4912 4 2292 0
4913 6 4858 0
4914 5 4388 0
4915 5 2754 0
4916 5 1933 0
4917 6 1211 0
4918 6 111 0
4919 4 1534 0
4920 3 1083 0
4921 9 3724 0
4922 7 584 0
4923 5 2482 0
4924 7 2815 0
4925 7 318 0
4926 8 2310 0
4927 7 4017 0
4928 8 3229 0
4929 7 1625 0
4930 6 4475 0
4931 4 2336 0
4932 5 4771 0
4933 3 2425 0
4934 5 522 0
4935 5 4175 0
4936 6 561 0
4937 6 2023 0
4938 4 920 0
4939 7 2828 0
4940 6 4716 0
4941 6 3216 0
4942 6 400 0
4943 6 1399 0
4944 7 2170 0
4945 3 1425 0
4946 2 2145 0
4947 7 3108 0
4948 5 3895 0
4949 7 1305 0
4950 3 4234 0
4951 5 3170 0
4952 7 1669 0
4953 3 1509 0
4954 5 3427 0
4955 7 3556 0
4956 6 4283 0
4957 6 3057 0
4958 7 647 0
4959 3 3420 0
4960 5 939 0
4961 6 1298 0
4962 6 947 0
4963 4 2172 0
4964 2 2608 0
4965 5 4852 0
4966 8 4090 0
4967 3 3106 0
4968 7 4579 0
4969 4 2014 0
4970 5 4109 0
4971 7 1694 0
4972 4 3229 0
4973 6 215 0
4974 9 4473 0
4975 5 4189 0
4976 7 2287 0
4977 8 480 0
4978 6 1846 0
4979 3 1827 0
4980 7 2244 0
4981 5 3788 0
4982 9 3875 0
4983 5 3637 0
4984 5 3280 0
4985 4 3887 0
4986 2 4490 0
4987 8 1708 0
4988 5 2171 0
4989 5 2391 0
4990 4 1090 0
4991 4 582 0
4992 2 3217 0
4993 6 484 0
4994 2 1614 0
4995 6 2342 0
4996 5 2492 0
4997 7 3172 0
4998 4 4603 0
4999 4 4010 0
5000 5 2783 0
