1 1 4946 0
2 7 572 0
3 8 3528 0
4 6 1566 0
5 7 4941 0
6 3 2144 0
7 8 2739 0
8 7 65 0
9 9 3932 0
10 5 1149 0
11 6 76 0
12 7 3109 0
13 7 565 0
14 3 1413 0
15 3 4857 0
16 5 15 0
17 5 1966 0
18 4 3879 0
19 4 4931 0
20 5 265 0
21 4 9 0
22 10 2035 0
23 6 2683 0
24 3 4232 0
25 3 4885 0
26 8 2451 0
27 7 2982 0
28 5 1262 0
29 4 2283 0
30 6 3138 0
31 4 3729 0
32 8 4667 0
33 4 1396 0
34 4 346 0
35 3 1037 0
36 4 4803 0
37 9 1338 0
38 8 3507 0
39 6 3840 0
40 5 2757 0
41 8 1914 0
42 1 283 0
43 6 609 0
44 6 4873 0
45 4 1389 0
46 7 2948 0
47 4 190 0
48 3 341 0
49 3 4885 0
50 8 1072 0
51 9 4164 0
52 7 2528 0
53 0 221 0
54 4 738 0
55 7 3697 0
56 6 1637 0
57 7 3681 0
58 4 4817 0
59 5 3842 0
60 6 711 0
61 6 855 0
62 3 2442 0
63 3 417 0
64 5 1802 0
65 6 268 0
66 5 3225 0
67 7 1116 0
68 5 657 0
69 6 1556 0
70 5 646 0
71 3 671 0
72 4 1870 0
73 6 3153 0
74 8 1400 0
75 6 3732 0
76 7 3366 0
77 8 4619 0
78 6 3883 0
79 9 3660 0
80 7 751 0
81 6 4299 0
82 10 1906 0
83 6 2221 0
84 4 4439 0
85 4 858 0
86 5 2508 0
87 4 140 0
88 6 341 0
89 6 345 0
90 6 1219 0
91 7 4091 0
92 6 3952 0
93 5 4527 0
94 9 4523 0
95 0 1094 0
96 8 2638 0
97 3 1793 0
98 8 1698 0
99 3 1378 0
100 7 4509 0
101 10 3352 0
102 5 352 0
103 4 1410 0
104 3 3945 0
105 9 1770 0
106 2 2877 0
107 5 855 0
108 6 1807 0
109 7 2322 0
110 11 2887 0
111 7 2129 0
112 6 2562 0
113 5 3922 0
114 4 1379 0
115 4 2095 0
116 1 1658 0
117 3 1388 0
118 4 4988 0
119 6 1661 0
120 8 2850 0
121 5 3827 0
122 7 566 0
123 4 289 0
124 8 4364 0
125 4 2794 0
126 9 3226 0
127 5 1285 0
128 3 1901 0
129 3 1436 0
130 8 2104 0
131 2 2198 0
132 7 2980 0
133 2 573 0
134 6 4511 0
135 7 3807 0
136 7 538 0
137 5 4049 0
138 5 3380 0
139 7 3037 0
140 9 4071 0
141 3 3120 0
142 6 1878 0
143 5 2777 0
144 7 2533 0
145 3 3544 0
146 5 3065 0
147 5 4585 0
148 7 344 0
149 6 1723 0
150 7 4056 0
151 8 3293 0
152 7 2964 0
153 3 4983 0
154 6 2372 0
155 7 4700 0
156 2 4529 0
157 5 2548 0
158 8 393 0
159 6 171 0
160 8 3656 0
161 9 2009 0
162 4 223 0
163 6 3595 0
164 4 2417 0
165 3 2349 0
166 7 4479 0
167 9 2401 0
168 6 2993 0
169 5 1065 0
170 6 2170 0
171 7 4115 0
172 7 1089 0
173 4 856 0
174 4 328 0
175 5 4156 0
176 8 79 0
177 5 2230 0
178 7 2963 0
179 4 1243 0
180 3 3414 0
181 6 2196 0
182 7 4292 0
183 4 4388 0
184 9 4867 0
185 9 1022 0
186 3 1734 0
187 6 3504 0
188 5 82 0
189 2 731 0
190 7 4264 0
191 7 644 0
192 7 1915 0
193 7 3887 0
194 8 2353 0
195 8 1677 0
196 7 711 0
197 7 3620 0
198 8 4829 0
199 4 2245 0
200 6 1336 0
201 7 4337 0
202 2 1299 0
203 3 1581 0
204 1 915 0
205 6 4100 0
206 4 228 0
207 5 3068 0
208 7 4911 0
209 2 3024 0
210 7 3760 0
211 3 4755 0
212 3 1016 0
213 6 3890 0
214 7 2053 0
215 9 917 0
216 5 2715 0
217 6 3946 0
218 6 3202 0
219 7 3854 0
220 6 2310 0
221 3 3811 0
222 4 2658 0
223 6 4931 0
224 4 660 0
225 6 1562 0
226 8 2283 0
227 4 4965 0
228 4 1870 0
229 6 907 0
230 7 4900 0
231 4 2868 0
232 8 3292 0
233 5 1295 0
234 6 4545 0
235 4 4385 0
236 4 1927 0
237 5 2705 0
238 5 2987 0
239 5 3477 0
240 8 2096 0
241 2 1139 0
242 6 528 0
243 7 2730 0
244 6 481 0
245 5 1756 0
246 5 1467 0
247 4 1792 0
248 6 2274 0
249 6 612 0
250 5 4328 0
251 7 2002 0
252 5 398 0
253 7 4154 0
254 5 4970 0
255 6 3341 0
256 4 3216 0
257 4 3573 0
258 2 640 0
259 4 1404 0
260 6 3408 0
261 4 2812 0
262 6 3297 0
263 6 472 0
264 10 3896 0
265 6 4219 0
266 5 481 0
267 7 1473 0
268 1 5 0
269 6 4202 0
270 5 1891 0
271 4 4163 0
272 5 1549 0
273 6 1018 0
274 5 1153 0
275 8 4218 0
276 3 3660 0
277 6 2041 0
278 4 4044 0
279 6 750 0
280 4 984 0
281 2 3734 0
282 6 1834 0
283 5 1662 0
284 5 2341 0
285 5 4934 0
286 7 636 0
287 6 2407 0
288 5 3078 0
289 6 3564 0
290 7 2811 0
291 4 3172 0
292 7 777 0
293 5 72 0
294 5 2919 0
295 8 466 0
296 5 1398 0
297 2 3952 0
298 6 3304 0
299 8 4993 0
300 2 3130 0
301 7 4200 0
302 7 880 0
303 5 315 0
304 5 2071 0
305 7 511 0
306 7 2700 0
307 6 3101 0
308 2 2493 0
309 5 1023 0
310 2 664 0
311 6 2783 0
312 7 3080 0
313 7 468 0
314 2 2965 0
315 9 853 0
316 2 3890 0
317 6 39 0
318 5 1756 0
319 6 1970 0
320 9 4487 0
321 6 4793 0
322 4 3928 0
323 6 479 0
324 5 761 0
325 8 1430 0
326 4 4975 0
327 7 3565 0
328 8 2404 0
329 2 4481 0
330 9 1139 0
331 7 518 0
332 6 74 0
333 12 3234 0
334 6 2214 0
335 7 2748 0
336 4 3520 0
337 7 2004 0
338 4 2216 0
339 2 2892 0
340 3 2363 0
341 6 1754 0
342 5 3215 0
343 5 2812 0
344 8 2512 0
345 8 3146 0
346 0 2227 0
347 5 2331 0
348 6 1477 0
349 7 1833 0
350 8 2562 0
351 1 81 0
352 9 4628 0
353 2 312 0
354 5 1152 0
355 6 2387 0
356 6 1779 0
357 6 2411 0
358 6 239 0
359 2 1850 0
360 6 2696 0
361 4 2103 0
362 8 3946 0
363 7 589 0
364 6 1846 0
365 6 3378 0
366 8 2442 0
367 9 2557 0
368 4 410 0
369 6 2892 0
370 8 404 0
371 7 3458 0
372 4 1234 0
373 4 902 0
374 7 3715 0
375 5 3411 0
376 6 2512 0
377 8 2157 0
378 5 2299 0
379 3 1921 0
380 5 664 0
381 9 463 0
382 7 228 0
383 8 1669 0
384 5 2534 0
385 2 4973 0
386 3 2948 0
387 3 28 0
388 3 2225 0
389 5 1117 0
390 2 4823 0
391 6 1539 0
392 6 3845 0
393 6 1818 0
394 4 390 0
395 4 1240 0
396 2 162 0
397 4 3943 0
398 9 4833 0
399 7 2108 0
400 2 3746 0
401 4 3737 0
402 6 480 0
403 6 2751 0
404 8 2726 0
405 1 955 0
406 5 873 0
407 8 3756 0
408 6 1031 0
409 7 3788 0
410 1 3356 0
411 5 950 0
412 6 1899 0
413 8 1289 0
414 6 42 0
415 7 1084 0
416 5 964 0
417 10 1367 0
418 3 4539 0
419 7 1891 0
420 4 4325 0
421 5 966 0
422 9 2436 0
423 9 4668 0
424 2 3865 0
425 5 967 0
426 8 4014 0
427 5 1810 0
428 5 2297 0
429 5 1976 0
430 5 364 0
431 8 4482 0
432 5 508 0
433 6 3261 0
434 7 332 0
435 5 2283 0
436 3 1327 0
437 7 2391 0
438 8 4921 0
439 6 1198 0
440 6 3330 0
441 10 4211 0
442 7 3171 0
443 5 1756 0
444 4 3287 0
445 7 2678 0
446 6 4686 0
447 4 3621 0
448 6 2393 0
449 4 3943 0
450 7 508 0
451 7 384 0
452 4 4893 0
453 4 3349 0
454 7 2381 0
455 6 4013 0
456 4 3933 0
457 3 3 0
458 7 2662 0
459 6 1318 0
460 5 1561 0
461 3 44 0
462 2 4997 0
463 3 1878 0
464 5 1457 0
465 6 3387 0
466 5 2978 0
467 7 2215 0
468 5 265 0
469 9 4379 0
470 6 4577 0
471 6 1522 0
472 6 2043 0
473 10 2632 0
474 6 1573 0
475 5 4228 0
476 6 168 0
477 7 3362 0
478 4 1565 0
479 7 3361 0
480 5 2724 0
481 8 1583 0
482 7 3018 0
483 2 1207 0
484 3 2028 0
485 3 1080 0
486 6 1907 0
487 5 1770 0
488 4 1707 0
489 5 2933 0
490 8 3045 0
491 6 1214 0
492 3 2816 0
493 10 4562 0
494 7 3444 0
495 8 4386 0
496 7 1975 0
497 6 3104 0
498 6 3860 0
499 4 601 0
500 5 3627 0
501 3 4136 0
502 7 4359 0
503 4 3884 0
504 7 4208 0
505 8 3671 0
506 4 3056 0
507 5 3455 0
508 6 383 0
509 7 3149 0
510 6 972 0
511 7 559 0
512 5 808 0
513 4 287 0
514 4 2521 0
515 3 3309 0
516 4 810 0
517 4 1338 0
518 5 286 0
519 5 152 0
520 3 3088 0
521 3 1437 0
522 5 4854 0
523 5 3327 0
524 7 4990 0
525 9 1145 0
526 7 691 0
527 5 994 0
528 6 279 0
529 3 2348 0
530 6 1618 0
531 8 1758 0
532 6 1174 0
533 6 2786 0
534 4 1735 0
535 9 4949 0
536 6 2951 0
537 8 569 0
538 5 3972 0
539 5 3034 0
540 5 1822 0
541 5 1511 0
542 4 938 0
543 8 2375 0
544 5 4098 0
545 7 1162 0
546 8 3232 0
547 5 402 0
548 6 2603 0
549 5 1526 0
550 5 1579 0
551 8 597 0
552 5 4433 0
553 7 3848 0
554 6 2501 0
555 5 311 0
556 6 2586 0
557 7 3127 0
558 3 907 0
559 4 1192 0
560 7 2799 0
561 3 3902 0
562 5 2555 0
563 3 2836 0
564 4 2595 0
565 6 2146 0
566 5 866 0
567 12 4874 0
568 3 4923 0
569 7 3709 0
570 8 2682 0
571 7 1169 0
572 9 139 0
573 6 3827 0
574 5 4073 0
575 8 1182 0
576 6 2018 0
577 6 2107 0
578 4 3986 0
579 5 4968 0
580 5 4873 0
581 5 23 0
582 7 2376 0
583 7 3270 0
584 5 1860 0
585 6 4011 0
586 6 267 0
587 5 710 0
588 5 2437 0
589 5 3052 0
590 7 2115 0
591 4 3430 0
592 4 807 0
593 5 925 0
594 6 4853 0
595 6 2854 0
596 4 474 0
597 5 3548 0
598 8 4207 0
599 4 2513 0
600 6 1086 0
601 7 2072 0
602 7 1089 0
603 3 467 0
604 5 2593 0
605 3 4519 0
606 3 726 0
607 5 3973 0
608 8 1753 0
609 5 3399 0
610 4 3631 0
611 5 542 0
612 2 4329 0
613 5 4265 0
614 5 4803 0
615 8 1548 0
616 8 4816 0
617 6 732 0
618 6 2221 0
619 6 1438 0
620 4 835 0
621 2 2815 0
622 8 4954 0
623 2 2858 0
624 8 1719 0
625 5 4748 0
626 4 368 0
627 1 2866 0
628 7 174 0
629 6 3522 0
630 5 19 0
631 3 970 0
632 5 3715 0
633 2 4294 0
634 0 3973 0
635 3 1786 0
636 7 2152 0
637 11 487 0
638 8 2389 0
639 7 1862 0
640 5 4502 0
641 4 4846 0
642 5 516 0
643 8 4455 0
644 8 4720 0
645 7 4851 0
646 6 4130 0
647 10 4916 0
648 2 739 0
649 1 2901 0
650 5 1099 0
651 4 3704 0
652 6 3428 0
653 0 3688 0
654 6 3993 0
655 2 2275 0
656 6 1359 0
657 6 1200 0
658 4 541 0
659 5 404 0
660 3 1705 0
661 6 801 0
662 9 3609 0
663 5 4768 0
664 8 341 0
665 6 4616 0
666 5 197 0
667 6 1351 0
668 4 4404 0
669 4 3527 0
670 5 1323 0
671 5 2164 0
672 5 2209 0
673 7 2731 0
674 6 4579 0
675 2 946 0
676 10 431 0
677 6 516 0
678 5 1709 0
679 5 3455 0
680 5 4715 0
681 4 4079 0
682 8 1788 0
683 7 4878 0
684 4 1746 0
685 8 4975 0
686 7 4684 0
687 6 2188 0
688 5 2936 0
689 4 4601 0
690 5 2136 0
691 8 4690 0
692 2 540 0
693 5 2624 0
694 5 2603 0
695 3 1110 0
696 7 3680 0
697 8 1612 0
698 4 93 0
699 6 3936 0
700 6 729 0
701 6 3167 0
702 2 1250 0
703 4 3927 0
704 5 2543 0
705 5 4061 0
706 3 640 0
707 4 2882 0
708 9 2573 0
709 7 4850 0
710 8 3335 0
711 8 3617 0
712 3 4816 0
713 7 308 0
714 4 792 0
715 5 632 0
716 3 3275 0
717 6 753 0
718 5 4809 0
719 7 3429 0
720 2 2114 0
721 4 1587 0
722 3 1666 0
723 4 1319 0
724 5 3961 0
725 3 480 0
726 4 4995 0
727 8 4273 0
728 3 1163 0
729 8 3585 0
730 1 2941 0
731 6 4070 0
732 6 2593 0
733 5 1628 0
734 6 4896 0
735 5 4037 0
736 9 4084 0
737 4 4411 0
738 8 4177 0
739 4 1617 0
740 4 3744 0
741 7 607 0
742 5 1953 0
743 5 233 0
744 8 4290 0
745 1 4452 0
746 4 1288 0
747 8 758 0
748 7 3157 0
749 4 2391 0
750 8 4364 0
751 8 59 0
752 4 523 0
753 8 2651 0
754 8 2182 0
755 6 3149 0
756 1 1054 0
757 4 4005 0
758 6 1414 0
759 3 3275 0
760 4 1346 0
761 5 4774 0
762 7 1675 0
763 6 3443 0
764 3 3963 0
765 5 2832 0
766 7 3927 0
767 3 2277 0
768 6 98 0
769 5 1722 0
770 5 899 0
771 4 226 0
772 7 1844 0
773 5 1225 0
774 11 4168 0
775 4 3512 0
776 6 2918 0
777 7 226 0
778 6 4818 0
779 3 4190 0
780 8 2975 0
781 7 158 0
782 6 3151 0
783 8 3905 0
784 5 1878 0
785 4 63 0
786 6 1597 0
787 6 1537 0
788 3 4594 0
789 9 4709 0
790 9 2412 0
791 6 2465 0
792 4 3885 0
793 7 3874 0
794 5 555 0
795 3 674 0
796 7 3059 0
797 10 4351 0
798 7 681 0
799 5 710 0
800 5 964 0
801 6 3530 0
802 4 2368 0
803 5 1933 0
804 8 2234 0
805 7 840 0
806 8 1205 0
807 3 1894 0
808 4 1422 0
809 10 4488 0
810 5 4826 0
811 9 2806 0
812 8 4510 0
813 7 380 0
814 7 3726 0
815 4 1267 0
816 3 2496 0
817 6 2822 0
818 0 3877 0
819 5 4723 0
820 7 1477 0
821 7 3622 0
822 7 2480 0
823 5 4853 0
824 3 3942 0
825 5 254 0
826 6 1084 0
827 6 1586 0
828 7 3155 0
829 9 4753 0
830 8 3139 0
831 9 4164 0
832 5 321 0
833 6 3565 0
834 6 4449 0
835 6 4234 0
836 5 799 0
837 3 4324 0
838 4 3104 0
839 3 1408 0
840 7 2098 0
841 3 179 0
842 7 2830 0
843 4 2869 0
844 7 41 0
845 6 3483 0
846 4 2037 0
847 6 4401 0
848 4 2674 0
849 3 4221 0
850 6 1427 0
851 7 435 0
852 7 200 0
853 6 3982 0
854 8 1935 0
855 6 3225 0
856 7 2897 0
857 7 4294 0
858 5 1450 0
859 5 2477 0
860 4 2789 0
861 5 3370 0
862 5 741 0
863 7 3830 0
864 5 2094 0
865 9 3985 0
866 6 1763 0
867 5 4424 0
868 6 873 0
869 7 650 0
870 5 1653 0
871 4 2755 0
872 9 4231 0
873 3 4316 0
874 6 4031 0
875 9 4275 0
876 5 3841 0
877 7 1864 0
878 7 2374 0
879 5 2744 0
880 6 3124 0
881 5 2765 0
882 4 712 0
883 7 4740 0
884 3 837 0
885 4 2974 0
886 6 795 0
887 6 4640 0
888 5 3901 0
889 4 3804 0
890 3 4258 0
891 1 1088 0
892 5 4009 0
893 4 3333 0
894 7 4059 0
895 2 1315 0
896 5 4312 0
897 10 437 0
898 6 3320 0
899 7 478 0
900 7 2470 0
901 5 4865 0
902 8 1409 0
903 5 2070 0
904 4 3946 0
905 5 1372 0
906 4 712 0
907 7 3362 0
908 6 3207 0
909 4 4898 0
910 4 2229 0
911 6 3457 0
912 6 2296 0
913 3 1125 0
914 3 2493 0
915 5 3068 0
916 7 4338 0
917 5 1231 0
918 6 4989 0
919 4 3194 0
920 5 2049 0
921 8 140 0
922 8 4948 0
923 6 336 0
924 6 2251 0
925 4 257 0
926 6 4726 0
927 7 655 0
928 6 1498 0
929 7 2143 0
930 6 1158 0
931 6 2472 0
932 6 1625 0
933 4 2254 0
934 3 2342 0
935 7 418 0
936 7 1390 0
937 6 3522 0
938 4 2915 0
939 4 3959 0
940 4 4998 0
941 5 4137 0
942 2 3786 0
943 4 4654 0
944 2 3657 0
945 9 1259 0
946 5 443 0
947 4 3362 0
948 3 1378 0
949 7 4007 0
950 3 2349 0
951 4 946 0
952 6 317 0
953 5 2818 0
954 11 3585 0
955 2 2425 0
956 7 4775 0
957 5 3025 0
958 5 376 0
959 5 2470 0
960 6 2490 0
961 4 1818 0
962 5 3827 0
963 4 2513 0
964 8 4659 0
965 7 4418 0
966 5 2023 0
967 6 4883 0
968 12 1491 0
969 4 2838 0
970 5 3138 0
971 5 4969 0
972 6 15 0
973 6 2524 0
974 0 2987 0
975 6 4931 0
976 10 2422 0
977 7 4132 0
978 4 3094 0
979 8 2371 0
980 4 1365 0
981 7 3375 0
982 3 1048 0
983 4 1480 0
984 5 680 0
985 3 3898 0
986 3 3767 0
987 4 2195 0
988 5 1748 0
989 7 539 0
990 3 2987 0
991 7 4649 0
992 7 1237 0
993 5 2650 0
994 6 2028 0
995 3 4201 0
996 4 3182 0
997 8 2661 0
998 4 4805 0
999 2 14 0
1000 6 3527 0
1001 6 2841 0
1002 4 1108 0
1003 3 4526 0
1004 6 3474 0
1005 1 2111 0
1006 7 1091 0
1007 4 2455 0
1008 7 1929 0
1009 3 448 0
1010 3 1602 0
1011 2 579 0
1012 3 1293 0
1013 6 323 0
1014 1 4531 0
1015 6 2136 0
1016 4 4856 0
1017 7 188 0
1018 1 1216 0
1019 7 2920 0
1020 4 2674 0
1021 8 4768 0
1022 3 2461 0
1023 4 2161 0
1024 6 4756 0
1025 9 4743 0
1026 2 1490 0
1027 8 472 0
1028 7 3302 0
1029 5 4088 0
1030 7 3917 0
1031 8 391 0
1032 6 2063 0
1033 7 1079 0
1034 6 3990 0
1035 4 4308 0
1036 5 1445 0
1037 7 3777 0
1038 5 2370 0
1039 5 1366 0
1040 4 1603 0
1041 7 4293 0
1042 6 3644 0
1043 3 3479 0
1044 5 432 0
1045 6 3846 0
1046 3 1552 0
1047 5 3686 0
1048 4 2112 0
1049 6 2562 0
1050 5 3012 0
1051 4 2770 0
1052 8 4217 0
1053 4 4670 0
1054 6 4706 0
1055 4 4356 0
1056 4 4186 0
1057 4 501 0
1058 8 1369 0
1059 6 1563 0
1060 4 2374 0
1061 2 2811 0
1062 3 1886 0
1063 5 2390 0
1064 5 2418 0
1065 4 4518 0
1066 2 577 0
1067 6 679 0
1068 3 347 0
1069 8 3411 0
1070 8 890 0
1071 5 2958 0
1072 7 4446 0
1073 11 1004 0
1074 7 4462 0
1075 6 3548 0
1076 1 3586 0
1077 6 4312 0
1078 9 4729 0
1079 8 2873 0
1080 7 2489 0
1081 6 4748 0
1082 7 3785 0
1083 3 41 0
1084 6 2371 0
1085 6 2692 0
1086 6 4465 0
1087 7 2339 0
1088 6 569 0
1089 8 1375 0
1090 6 3189 0
1091 5 2549 0
1092 7 2746 0
1093 6 3816 0
1094 9 4470 0
1095 6 653 0
1096 7 2283 0
1097 5 1402 0
1098 6 2470 0
1099 6 4991 0
1100 3 1497 0
1101 6 771 0
1102 4 2348 0
1103 2 3521 0
1104 5 3002 0
1105 8 4906 0
1106 2 940 0
1107 7 1808 0
1108 7 4493 0
1109 5 1966 0
1110 5 471 0
1111 7 2651 0
1112 12 4482 0
1113 4 3463 0
1114 5 3650 0
1115 5 1695 0
1116 6 3698 0
1117 4 260 0
1118 3 1572 0
1119 7 2083 0
1120 8 318 0
1121 5 2485 0
1122 5 1502 0
1123 4 1163 0
1124 4 1693 0
1125 5 2321 0
1126 8 8 0
1127 5 1464 0
1128 9 4603 0
1129 4 1583 0
1130 5 3860 0
1131 5 2870 0
1132 6 3242 0
1133 8 4065 0
1134 6 956 0
1135 8 2361 0
1136 7 3298 0
1137 6 4117 0
1138 3 3324 0
1139 5 1499 0
1140 6 2958 0
1141 8 841 0
1142 7 1490 0
1143 6 885 0
1144 7 248 0
1145 6 1418 0
1146 4 1101 0
1147 6 30 0
1148 8 1289 0
1149 7 1981 0
1150 7 3900 0
1151 4 567 0
1152 5 693 0
1153 6 1862 0
1154 5 2105 0
1155 6 3685 0
1156 8 4026 0
1157 5 4521 0
1158 8 4438 0
1159 6 360 0
1160 5 4912 0
1161 6 2098 0
1162 4 3577 0
1163 2 201 0
1164 7 4167 0
1165 8 1788 0
1166 7 980 0
1167 6 613 0
1168 1 4540 0
1169 4 4137 0
1170 5 1458 0
1171 6 4557 0
1172 4 1769 0
1173 5 3922 0
1174 6 2736 0
1175 6 3541 0
1176 5 532 0
1177 1 1638 0
1178 9 1267 0
1179 4 3650 0
1180 8 2031 0
1181 5 2759 0
1182 5 4525 0
1183 7 3033 0
1184 4 126 0
1185 8 1294 0
1186 6 333 0
1187 4 4760 0
1188 7 1159 0
1189 7 3151 0
1190 4 4554 0
1191 3 3011 0
1192 5 1603 0
1193 5 1068 0
1194 8 753 0
1195 5 4362 0
1196 1 2786 0
1197 5 1529 0
1198 7 2628 0
1199 7 4779 0
1200 5 3799 0
1201 5 1314 0
1202 0 1887 0
1203 9 2553 0
1204 3 4800 0
1205 6 3964 0
1206 7 2152 0
1207 4 2831 0
1208 4 4931 0
1209 10 1516 0
1210 9 3326 0
1211 2 240 0
1212 7 962 0
1213 5 3447 0
1214 5 1882 0
1215 5 4657 0
1216 7 4774 0
1217 7 2977 0
1218 7 3417 0
1219 5 368 0
1220 3 1958 0
1221 5 2873 0
1222 5 1228 0
1223 6 1559 0
1224 3 4725 0
1225 3 1363 0
1226 2 4663 0
1227 6 2030 0
1228 5 1463 0
1229 3 2688 0
1230 4 442 0
1231 6 3265 0
1232 3 3748 0
1233 5 2484 0
1234 8 370 0
1235 4 4673 0
1236 2 2296 0
1237 2 2365 0
1238 4 2113 0
1239 6 3361 0
1240 4 3924 0
1241 4 4772 0
1242 3 4818 0
1243 3 2006 0
1244 9 4790 0
1245 8 2544 0
1246 5 1257 0
1247 3 3727 0
1248 7 3230 0
1249 5 4399 0
1250 8 3354 0
1251 4 1273 0
1252 5 3947 0
1253 6 1744 0
1254 6 3597 0
1255 5 4608 0
1256 4 1389 0
1257 7 3070 0
1258 7 425 0
1259 6 1332 0
1260 3 1921 0
1261 9 61 0
1262 6 268 0
1263 3 4588 0
1264 8 4529 0
1265 6 2507 0
1266 5 4757 0
1267 8 4110 0
1268 5 2371 0
1269 8 2440 0
1270 3 1190 0
1271 8 3200 0
1272 2 944 0
1273 5 2397 0
1274 9 4281 0
1275 3 2542 0
1276 7 2977 0
1277 4 1182 0
1278 7 1942 0
1279 5 1811 0
1280 3 4388 0
1281 6 4479 0
1282 4 2982 0
1283 8 958 0
1284 8 2396 0
1285 4 2360 0
1286 8 1001 0
1287 4 1306 0
1288 8 2089 0
1289 7 1684 0
1290 3 2872 0
1291 7 3569 0
1292 8 670 0
1293 6 1910 0
1294 5 462 0
1295 7 2893 0
1296 5 1096 0
1297 7 4537 0
1298 9 4326 0
1299 7 3606 0
1300 6 1336 0
1301 8 94 0
1302 4 784 0
1303 4 579 0
1304 7 3487 0
1305 4 569 0
1306 6 4168 0
1307 4 1339 0
1308 4 1187 0
1309 6 4299 0
1310 4 1424 0
1311 6 899 0
1312 3 4330 0
1313 5 1307 0
1314 3 2355 0
1315 4 3222 0
1316 9 2076 0
1317 4 4800 0
1318 7 3712 0
1319 8 3571 0
1320 4 2076 0
1321 8 123 0
1322 6 4460 0
1323 4 3813 0
1324 2 1111 0
1325 6 4397 0
1326 3 1342 0
1327 5 4867 0
1328 6 4606 0
1329 5 4838 0
1330 5 1842 0
1331 6 2425 0
1332 10 2557 0
1333 6 4650 0
1334 6 2980 0
1335 7 4753 0
1336 1 1654 0
1337 6 4379 0
1338 3 1067 0
1339 7 3770 0
1340 7 2125 0
1341 8 50 0
1342 5 4276 0
1343 8 1544 0
1344 8 2031 0
1345 5 337 0
1346 11 4227 0
1347 5 2027 0
1348 7 1732 0
1349 5 279 0
1350 5 270 0
1351 6 1548 0
1352 7 3958 0
1353 2 3537 0
1354 8 2011 0
1355 5 493 0
1356 6 3958 0
1357 4 2376 0
1358 8 4848 0
1359 5 3657 0
1360 4 2067 0
1361 7 186 0
1362 6 4762 0
1363 3 77 0
1364 6 3643 0
1365 6 3782 0
1366 6 1792 0
1367 7 804 0
1368 5 1740 0
1369 9 1447 0
1370 5 1728 0
1371 3 677 0
1372 6 3274 0
1373 6 114 0
1374 3 4873 0
1375 5 477 0
1376 7 4629 0
1377 6 2160 0
1378 3 1409 0
1379 2 1703 0
1380 4 239 0
1381 4 976 0
1382 6 2505 0
1383 3 2506 0
1384 9 2249 0
1385 9 514 0
1386 8 4950 0
1387 5 796 0
1388 10 4555 0
1389 7 688 0
1390 8 3990 0
1391 7 2477 0
1392 4 4615 0
1393 3 3340 0
1394 3 4938 0
1395 6 1268 0
1396 7 913 0
1397 6 1201 0
1398 7 326 0
1399 7 2098 0
1400 6 2808 0
1401 3 4335 0
1402 6 1274 0
1403 3 1447 0
1404 8 2969 0
1405 6 2332 0
1406 9 178 0
1407 4 2441 0
1408 4 1516 0
1409 6 3949 0
1410 6 2335 0
1411 8 3760 0
1412 4 4782 0
1413 6 2351 0
1414 5 1746 0
1415 5 4401 0
1416 6 3064 0
1417 5 297 0
1418 7 1550 0
1419 9 2878 0
1420 7 3747 0
1421 8 859 0
1422 5 3874 0
1423 6 1139 0
1424 9 2219 0
1425 8 4135 0
1426 4 3729 0
1427 9 3091 0
1428 6 1950 0
1429 3 4185 0
1430 4 2989 0
1431 7 906 0
1432 5 4060 0
1433 8 283 0
1434 4 786 0
1435 6 555 0
1436 4 4131 0
1437 5 1698 0
1438 6 3251 0
1439 3 994 0
1440 7 1225 0
1441 8 2153 0
1442 5 4890 0
1443 3 1282 0
1444 8 4524 0
1445 3 3287 0
1446 6 4909 0
1447 6 3182 0
1448 6 4589 0
1449 6 3369 0
1450 2 2270 0
1451 8 1172 0
1452 7 617 0
1453 5 2182 0
1454 6 598 0
1455 8 243 0
1456 4 4321 0
1457 6 648 0
1458 5 2340 0
1459 6 4072 0
1460 6 1825 0
1461 4 4491 0
1462 4 2120 0
1463 5 3097 0
1464 5 3721 0
1465 4 4005 0
1466 6 4407 0
1467 7 1184 0
1468 4 3049 0
1469 7 3875 0
1470 5 4172 0
1471 4 1113 0
1472 4 4622 0
1473 4 2306 0
1474 6 2367 0
1475 6 838 0
1476 9 3473 0
1477 6 1289 0
1478 8 1761 0
1479 7 4043 0
1480 3 948 0
1481 5 4358 0
1482 5 4011 0
1483 10 3178 0
1484 7 1820 0
1485 4 3977 0
1486 9 4151 0
1487 4 741 0
1488 11 4216 0
1489 6 3525 0
1490 7 2963 0
1491 8 1024 0
1492 6 1959 0
1493 5 3580 0
1494 9 529 0
1495 4 911 0
1496 7 183 0
1497 7 410 0
1498 5 788 0
1499 4 1022 0
1500 7 3724 0
1501 6 4478 0
1502 6 3330 0
1503 10 4967 0
1504 6 3630 0
1505 6 3768 0
1506 7 2084 0
1507 6 2588 0
1508 5 2003 0
1509 3 326 0
1510 6 3475 0
1511 3 3588 0
1512 4 4217 0
1513 6 4810 0
1514 9 1293 0
1515 7 877 0
1516 0 154 0
1517 4 2889 0
1518 8 4535 0
1519 3 2651 0
1520 3 1037 0
1521 5 2616 0
1522 3 3224 0
1523 5 3164 0
1524 6 2295 0
1525 4 678 0
1526 6 682 0
1527 6 1227 0
1528 7 4586 0
1529 4 4714 0
1530 2 862 0
1531 3 1865 0
1532 7 1318 0
1533 8 4004 0
1534 3 1950 0
1535 7 3315 0
1536 8 1392 0
1537 6 1206 0
1538 8 1561 0
1539 6 1648 0
1540 5 58 0
1541 9 2957 0
1542 3 2001 0
1543 6 4151 0
1544 3 2087 0
1545 5 401 0
1546 6 4805 0
1547 9 4730 0
1548 4 1922 0
1549 2 4386 0
1550 6 4821 0
1551 7 1422 0
1552 4 3881 0
1553 4 3644 0
1554 6 2817 0
1555 3 1152 0
1556 8 2069 0
1557 7 4517 0
1558 5 2491 0
1559 2 2075 0
1560 4 100 0
1561 3 1597 0
1562 5 1921 0
1563 5 2295 0
1564 2 454 0
1565 6 3691 0
1566 2 3456 0
1567 6 3369 0
1568 8 3598 0
1569 8 248 0
1570 5 2034 0
1571 5 80 0
1572 6 3682 0
1573 5 1881 0
1574 4 4415 0
1575 2 2770 0
1576 5 2382 0
1577 6 553 0
1578 6 4234 0
1579 5 2133 0
1580 8 517 0
1581 7 4979 0
1582 6 1764 0
1583 5 4847 0
1584 4 2808 0
1585 4 82 0
1586 2 3237 0
1587 7 4289 0
1588 4 1134 0
1589 7 2579 0
1590 5 2741 0
1591 7 195 0
1592 3 2890 0
1593 4 4408 0
1594 5 1851 0
1595 6 2119 0
1596 6 1274 0
1597 7 4662 0
1598 8 2378 0
1599 7 2958 0
1600 4 2467 0
1601 5 1742 0
1602 7 1515 0
1603 5 1668 0
1604 5 3365 0
1605 7 3480 0
1606 7 3416 0
1607 6 4367 0
1608 6 4303 0
1609 6 4257 0
1610 4 4366 0
1611 6 3048 0
1612 4 1341 0
1613 2 4293 0
1614 7 96 0
1615 7 1139 0
1616 6 2206 0
1617 4 1132 0
1618 2 1660 0
1619 5 3063 0
1620 3 889 0
1621 0 2924 0
1622 5 4056 0
1623 6 4882 0
1624 5 898 0
1625 5 5 0
1626 6 1225 0
1627 5 73 0
1628 3 1035 0
1629 7 4003 0
1630 7 1582 0
1631 4 2263 0
1632 4 1183 0
1633 0 2546 0
1634 3 82 0
1635 5 384 0
1636 5 4113 0
1637 5 2401 0
1638 6 1266 0
1639 3 2843 0
1640 6 3200 0
1641 9 3608 0
1642 4 1434 0
1643 3 3593 0
1644 4 1990 0
1645 2 2889 0
1646 7 4938 0
1647 5 4713 0
1648 6 2452 0
1649 9 880 0
1650 5 2177 0
1651 5 1012 0
1652 6 2425 0
1653 6 1912 0
1654 8 1636 0
1655 6 4172 0
1656 6 2813 0
1657 8 4354 0
1658 6 685 0
1659 6 2536 0
1660 8 2222 0
1661 8 2830 0
1662 2 748 0
1663 3 4065 0
1664 7 306 0
1665 5 3369 0
1666 7 4745 0
1667 3 4291 0
1668 9 4100 0
1669 8 687 0
1670 8 2029 0
1671 7 2142 0
1672 5 4783 0
1673 2 1394 0
1674 7 1879 0
1675 4 1120 0
1676 9 3488 0
1677 3 4518 0
1678 6 108 0
1679 6 239 0
1680 4 357 0
1681 6 4921 0
1682 6 2892 0
1683 2 2957 0
1684 4 2597 0
1685 6 4319 0
1686 8 1398 0
1687 4 70 0
1688 7 2331 0
1689 5 4315 0
1690 2 628 0
1691 8 1484 0
1692 5 1223 0
1693 5 4095 0
1694 5 3976 0
1695 7 834 0
1696 6 1148 0
1697 7 1801 0
1698 3 4831 0
1699 5 236 0
1700 5 4820 0
1701 2 2893 0
1702 5 1376 0
1703 10 1507 0
1704 4 306 0
1705 8 4806 0
1706 3 1593 0
1707 6 4715 0
1708 5 3973 0
1709 7 1304 0
1710 5 3256 0
1711 6 1194 0
1712 4 4038 0
1713 5 4792 0
1714 5 1755 0
1715 4 119 0
1716 5 239 0
1717 4 1804 0
1718 3 3056 0
1719 5 3826 0
1720 6 2558 0
1721 3 2155 0
1722 2 3639 0
1723 4 3208 0
1724 4 2201 0
1725 5 4303 0
1726 6 894 0
1727 2 4157 0
1728 4 1883 0
1729 8 1172 0
1730 4 2475 0
1731 2 3369 0
1732 5 2112 0
1733 5 1658 0
1734 4 2482 0
1735 8 4313 0
1736 5 2023 0
1737 5 2019 0
1738 3 3387 0
1739 5 2107 0
1740 7 1156 0
1741 8 1249 0
1742 4 4321 0
1743 6 413 0
1744 6 3703 0
1745 3 3857 0
1746 7 2092 0
1747 5 3498 0
1748 4 2447 0
1749 5 2925 0
1750 6 304 0
1751 4 1465 0
1752 4 4268 0
1753 8 2966 0
1754 6 3060 0
1755 9 726 0
1756 6 474 0
1757 8 4250 0
1758 6 877 0
1759 8 391 0
1760 8 4324 0
1761 5 4805 0
1762 3 3823 0
1763 5 6 0
1764 6 739 0
1765 6 3639 0
1766 5 2185 0
1767 4 1753 0
1768 4 4612 0
1769 7 3472 0
1770 6 3430 0
1771 7 3128 0
1772 4 421 0
1773 6 3680 0
1774 6 846 0
1775 2 1798 0
1776 6 499 0
1777 4 4777 0
1778 1 4306 0
1779 5 4990 0
1780 8 2815 0
1781 8 3950 0
1782 5 3853 0
1783 7 1011 0
1784 7 3031 0
1785 4 175 0
1786 6 2170 0
1787 6 3723 0
1788 6 155 0
1789 7 2610 0
1790 7 3733 0
1791 10 1328 0
1792 9 3451 0
1793 5 2196 0
1794 0 2773 0
1795 8 3464 0
1796 9 4466 0
1797 6 1954 0
1798 5 1374 0
1799 4 1862 0
1800 4 1229 0
1801 6 4348 0
1802 2 4172 0
1803 6 1706 0
1804 7 1979 0
1805 4 1451 0
1806 3 3099 0
1807 4 1803 0
1808 4 3068 0
1809 5 3730 0
1810 6 4968 0
1811 7 1855 0
1812 3 637 0
1813 2 1189 0
1814 5 1501 0
1815 10 4313 0
1816 5 3387 0
1817 3 4711 0
1818 6 2636 0
1819 5 400 0
1820 3 3459 0
1821 5 1138 0
1822 7 2813 0
1823 5 4186 0
1824 3 3168 0
1825 8 2283 0
1826 4 2409 0
1827 4 2188 0
1828 6 4060 0
1829 3 1409 0
1830 6 405 0
1831 6 1076 0
1832 5 1421 0
1833 2 2986 0
1834 6 674 0
1835 7 1601 0
1836 6 3199 0
1837 5 2329 0
1838 6 4913 0
1839 8 4290 0
1840 7 4565 0
1841 3 4827 0
1842 7 1439 0
1843 9 1195 0
1844 4 1214 0
1845 6 370 0
1846 2 4698 0
1847 6 2618 0
1848 7 2995 0
1849 5 3979 0
1850 4 3148 0
1851 2 96 0
1852 5 3075 0
1853 8 445 0
1854 7 242 0
1855 7 2330 0
1856 8 3484 0
1857 8 4303 0
1858 7 3471 0
1859 4 1977 0
1860 7 4132 0
1861 6 3108 0
1862 6 4501 0
1863 7 1869 0
1864 1 1911 0
1865 8 1527 0
1866 7 3482 0
1867 6 750 0
1868 6 1607 0
1869 7 2184 0
1870 4 4499 0
1871 7 4423 0
1872 9 4161 0
1873 4 4028 0
1874 4 1805 0
1875 5 1109 0
1876 6 494 0
1877 7 4568 0
1878 5 3016 0
1879 5 2698 0
1880 6 3331 0
1881 4 2823 0
1882 5 3678 0
1883 5 1895 0
1884 4 1214 0
1885 7 4647 0
1886 4 1835 0
1887 6 2144 0
1888 9 1899 0
1889 5 2805 0
1890 11 206 0
1891 4 1081 0
1892 6 551 0
1893 5 617 0
1894 4 448 0
1895 2 3848 0
1896 5 3897 0
1897 6 3938 0
1898 4 3212 0
1899 4 2744 0
1900 5 1418 0
1901 4 4355 0
1902 4 1244 0
1903 6 3668 0
1904 12 1291 0
1905 4 1631 0
1906 7 3686 0
1907 5 4860 0
1908 9 3614 0
1909 6 3080 0
1910 6 1997 0
1911 6 4065 0
1912 5 3677 0
1913 8 3883 0
1914 6 1817 0
1915 4 4251 0
1916 6 1004 0
1917 7 2734 0
1918 4 3594 0
1919 4 4394 0
1920 3 4447 0
1921 7 4865 0
1922 7 3047 0
1923 2 3055 0
1924 5 4512 0
1925 4 3010 0
1926 6 1197 0
1927 8 3745 0
1928 7 2354 0
1929 7 3162 0
1930 5 2134 0
1931 3 1185 0
1932 5 4096 0
1933 8 3201 0
1934 5 3030 0
1935 7 3260 0
1936 5 4456 0
1937 6 3838 0
1938 3 1362 0
1939 7 2633 0
1940 5 3727 0
1941 7 3388 0
1942 7 3724 0
1943 7 2397 0
1944 4 3285 0
1945 6 2109 0
1946 6 2136 0
1947 6 2704 0
1948 7 4800 0
1949 6 599 0
1950 4 1221 0
1951 8 46 0
1952 5 1092 0
1953 4 4817 0
1954 3 4743 0
1955 7 1527 0
1956 4 3011 0
1957 5 3867 0
1958 5 2766 0
1959 8 1329 0
1960 8 3293 0
1961 3 911 0
1962 8 2572 0
1963 6 257 0
1964 4 1113 0
1965 5 4434 0
1966 6 3353 0
1967 6 1181 0
1968 8 3899 0
1969 6 3870 0
1970 4 299 0
1971 4 3165 0
1972 9 3881 0
1973 4 3073 0
1974 4 4343 0
1975 5 4123 0
1976 6 2156 0
1977 7 1182 0
1978 5 2819 0
1979 7 127 0
1980 6 1615 0
1981 3 481 0
1982 10 4218 0
1983 1 3415 0
1984 6 4562 0
1985 5 196 0
1986 6 4340 0
1987 10 2608 0
1988 7 1328 0
1989 3 4960 0
1990 5 3239 0
1991 4 4840 0
1992 4 199 0
1993 6 1097 0
1994 5 365 0
1995 4 3193 0
1996 4 4686 0
1997 4 4624 0
1998 7 1064 0
1999 5 3676 0
2000 4 1754 0
2001 7 3900 0
2002 6 1411 0
2003 5 713 0
2004 1 3662 0
2005 10 1959 0
2006 7 2271 0
2007 4 1351 0
2008 8 2343 0
2009 4 1744 0
2010 8 995 0
2011 6 2689 0
2012 7 1916 0
2013 6 2093 0
2014 4 4499 0
2015 6 4634 0
2016 6 3153 0
2017 5 3641 0
2018 4 3859 0
2019 7 4042 0
2020 3 4648 0
2021 4 3610 0
2022 4 1909 0
2023 7 4254 0
2024 4 1341 0
2025 9 714 0
2026 5 3385 0
2027 6 4090 0
2028 6 3079 0
2029 2 3580 0
2030 8 4978 0
2031 3 252 0
2032 7 197 0
2033 5 816 0
2034 5 3594 0
2035 9 1132 0
2036 7 2454 0
2037 6 4903 0
2038 5 225 0
2039 4 2419 0
2040 6 2680 0
2041 7 2874 0
2042 6 2125 0
2043 5 803 0
2044 8 4353 0
2045 7 507 0
2046 3 2726 0
2047 4 4037 0
2048 8 930 0
2049 3 2286 0
2050 5 1635 0
2051 5 1166 0
2052 4 2281 0
2053 6 3515 0
2054 2 4442 0
2055 3 882 0
2056 5 4982 0
2057 6 2657 0
2058 5 3029 0
2059 7 4945 0
2060 2 4450 0
2061 5 4093 0
2062 8 3501 0
2063 2 3098 0
2064 3 4832 0
2065 7 3599 0
2066 11 4262 0
2067 10 3863 0
2068 7 1136 0
2069 4 4727 0
2070 10 4023 0
2071 10 514 0
2072 5 2957 0
2073 7 793 0
2074 6 984 0
2075 4 4958 0
2076 9 3586 0
2077 6 1912 0
2078 7 4965 0
2079 7 1830 0
2080 7 2132 0
2081 3 2237 0
2082 6 119 0
2083 8 4785 0
2084 6 4163 0
2085 5 1554 0
2086 2 1998 0
2087 5 1178 0
2088 3 2159 0
2089 5 2646 0
2090 6 3764 0
2091 4 2538 0
2092 5 1168 0
2093 2 992 0
2094 10 3518 0
2095 5 4203 0
2096 4 521 0
2097 7 1470 0
2098 5 706 0
2099 3 74 0
2100 5 1697 0
2101 5 1931 0
2102 4 3297 0
2103 6 4704 0
2104 2 3092 0
2105 8 3291 0
2106 6 1073 0
2107 6 822 0
2108 6 4704 0
2109 1 2304 0
2110 3 829 0
2111 2 4616 0
2112 5 1151 0
2113 3 4770 0
2114 4 795 0
2115 4 1343 0
2116 7 1624 0
2117 8 1412 0
2118 8 4280 0
2119 6 2972 0
2120 7 2938 0
2121 7 999 0
2122 4 3083 0
2123 3 4334 0
2124 7 2435 0
2125 3 1609 0
2126 7 3827 0
2127 5 4239 0
2128 4 4785 0
2129 7 4228 0
2130 4 4828 0
2131 6 2286 0
2132 7 3388 0
2133 3 4304 0
2134 6 4541 0
2135 9 3157 0
2136 4 4419 0
2137 8 791 0
2138 5 3591 0
2139 5 2239 0
2140 5 3266 0
2141 2 50 0
2142 7 2820 0
2143 6 258 0
2144 7 4381 0
2145 4 2991 0
2146 4 4292 0
2147 3 3479 0
2148 4 447 0
2149 6 4815 0
2150 5 2695 0
2151 1 1900 0
2152 7 3174 0
2153 4 3494 0
2154 8 3622 0
2155 4 4446 0
2156 4 3170 0
2157 7 1018 0
2158 2 3511 0
2159 6 3181 0
2160 6 1801 0
2161 8 17 0
2162 5 365 0
2163 9 1320 0
2164 3 1006 0
2165 6 2100 0
2166 3 2384 0
2167 4 3952 0
2168 7 3367 0
2169 4 89 0
2170 5 2549 0
2171 12 4146 0
2172 7 4320 0
2173 6 1888 0
2174 5 988 0
2175 2 1854 0
2176 4 3296 0
2177 9 726 0
2178 8 1202 0
2179 4 4730 0
2180 6 2950 0
2181 8 4034 0
2182 7 349 0
2183 8 2023 0
2184 6 2699 0
2185 4 2788 0
2186 7 230 0
2187 11 2545 0
2188 4 1009 0
2189 2 4327 0
2190 5 632 0
2191 4 1145 0
2192 4 4788 0
2193 6 4793 0
2194 4 2409 0
2195 7 3438 0
2196 4 823 0
2197 6 4569 0
2198 5 4686 0
2199 2 3431 0
2200 0 3312 0
2201 5 4351 0
2202 5 2405 0
2203 4 4489 0
2204 5 450 0
2205 3 199 0
2206 4 3197 0
2207 6 44 0
2208 6 2737 0
2209 6 4965 0
2210 10 2320 0
2211 10 2186 0
2212 6 1477 0
2213 4 954 0
2214 4 4325 0
2215 5 516 0
2216 2 4492 0
2217 5 804 0
2218 9 247 0
2219 8 325 0
2220 4 4177 0
2221 2 1380 0
2222 5 4489 0
2223 4 4936 0
2224 5 4978 0
2225 6 3643 0
2226 7 4499 0
2227 10 1163 0
2228 5 3160 0
2229 7 3700 0
2230 3 4268 0
2231 7 72 0
2232 4 1917 0
2233 8 3434 0
2234 4 3303 0
2235 3 4664 0
2236 7 332 0
2237 6 983 0
2238 4 2139 0
2239 2 2085 0
2240 5 4160 0
2241 2 2784 0
2242 4 114 0
2243 7 4101 0
2244 4 1690 0
2245 6 1349 0
2246 8 544 0
2247 6 498 0
2248 7 2945 0
2249 5 1780 0
2250 5 2278 0
2251 3 123 0
2252 4 3666 0
2253 5 1469 0
2254 6 265 0
2255 6 3498 0
2256 2 1898 0
2257 10 1126 0
2258 9 4940 0
2259 7 726 0
2260 4 2780 0
2261 5 1553 0
2262 5 4326 0
2263 5 4114 0
2264 5 4560 0
2265 6 3298 0
2266 3 3372 0
2267 1 3792 0
2268 5 4547 0
2269 4 1858 0
2270 6 997 0
2271 5 4136 0
2272 5 1879 0
2273 3 2426 0
2274 9 2957 0
2275 6 2661 0
2276 5 3019 0
2277 5 475 0
2278 4 4232 0
2279 9 4845 0
2280 8 3082 0
2281 4 1777 0
2282 4 739 0
2283 5 583 0
2284 6 1496 0
2285 7 4702 0
2286 3 3888 0
2287 10 3764 0
2288 8 3972 0
2289 3 2371 0
2290 7 537 0
2291 7 3903 0
2292 2 3054 0
2293 3 4156 0
2294 6 1569 0
2295 4 3601 0
2296 2 4437 0
2297 6 2561 0
2298 5 1666 0
2299 2 2537 0
2300 5 4692 0
2301 8 3612 0
2302 7 1605 0
2303 3 1463 0
2304 5 2085 0
2305 3 3588 0
2306 5 1989 0
2307 5 3438 0
2308 5 4327 0
2309 4 1440 0
2310 3 4463 0
2311 6 4177 0
2312 0 10 0
2313 3 2533 0
2314 7 4877 0
2315 4 3540 0
2316 5 3206 0
2317 9 2502 0
2318 6 915 0
2319 8 379 0
2320 7 4770 0
2321 9 317 0
2322 7 4211 0
2323 10 4365 0
2324 4 3944 0
2325 7 502 0
2326 5 3640 0
2327 5 4889 0
2328 3 2729 0
2329 9 3662 0
2330 3 2079 0
2331 4 853 0
2332 5 3321 0
2333 5 4594 0
2334 6 1728 0
2335 3 1521 0
2336 5 4365 0
2337 6 1981 0
2338 7 4172 0
2339 8 4158 0
2340 9 4005 0
2341 8 4963 0
2342 6 1859 0
2343 8 810 0
2344 4 2661 0
2345 4 1830 0
2346 3 3387 0
2347 9 881 0
2348 9 56 0
2349 7 1086 0
2350 5 4900 0
2351 4 1605 0
2352 3 4721 0
2353 6 256 0
2354 7 4396 0
2355 6 1040 0
2356 4 1081 0
2357 1 3499 0
2358 5 825 0
2359 5 4562 0
2360 3 3728 0
2361 8 2187 0
2362 6 4081 0
2363 5 4233 0
2364 7 998 0
2365 2 2702 0
2366 4 2786 0
2367 6 551 0
2368 7 2152 0
2369 5 665 0
2370 6 3409 0
2371 6 270 0
2372 3 3636 0
2373 3 3537 0
2374 5 1048 0
2375 7 3024 0
2376 5 3325 0
2377 7 314 0
2378 6 513 0
2379 7 3836 0
2380 3 1321 0
2381 3 3587 0
2382 5 2297 0
2383 9 2466 0
2384 2 4513 0
2385 6 3166 0
2386 6 4325 0
2387 3 3525 0
2388 2 222 0
2389 10 2629 0
2390 6 4303 0
2391 4 602 0
2392 3 1459 0
2393 6 4887 0
2394 4 2428 0
2395 4 1946 0
2396 3 1291 0
2397 6 1119 0
2398 4 3138 0
2399 6 3793 0
2400 6 3879 0
2401 10 4198 0
2402 10 4374 0
2403 4 433 0
2404 3 1995 0
2405 5 2095 0
2406 8 3416 0
2407 6 4183 0
2408 8 1539 0
2409 4 1833 0
2410 2 3898 0
2411 7 3995 0
2412 8 4779 0
2413 6 1196 0
2414 8 1560 0
2415 6 4177 0
2416 4 4164 0
2417 4 4731 0
2418 2 4177 0
2419 7 778 0
2420 5 842 0
2421 5 1425 0
2422 5 3839 0
2423 8 4807 0
2424 7 1592 0
2425 6 2019 0
2426 9 3105 0
2427 5 1718 0
2428 3 2293 0
2429 6 2206 0
2430 6 2480 0
2431 5 673 0
2432 8 2759 0
2433 9 1422 0
2434 5 1617 0
2435 6 3327 0
2436 6 4837 0
2437 3 196 0
2438 7 1418 0
2439 8 2477 0
2440 7 2985 0
2441 7 227 0
2442 3 304 0
2443 4 3034 0
2444 3 4093 0
2445 4 1516 0
2446 5 422 0
2447 0 2234 0
2448 5 2929 0
2449 3 4673 0
2450 4 209 0
2451 7 1575 0
2452 7 3168 0
2453 1 71 0
2454 5 3930 0
2455 6 3795 0
2456 6 3629 0
2457 5 2163 0
2458 6 2242 0
2459 6 3774 0
2460 0 1117 0
2461 6 3277 0
2462 6 207 0
2463 5 4504 0
2464 4 3861 0
2465 6 4151 0
2466 9 3541 0
2467 6 4796 0
2468 8 2114 0
2469 5 2982 0
2470 5 222 0
2471 6 2995 0
2472 8 2675 0
2473 4 3259 0
2474 5 4515 0
2475 5 4473 0
2476 4 4974 0
2477 9 2474 0
2478 4 154 0
2479 7 1533 0
2480 4 3100 0
2481 9 1425 0
2482 9 2220 0
2483 9 4922 0
2484 6 2822 0
2485 4 3909 0
2486 1 2551 0
2487 5 1562 0
2488 6 3426 0
2489 4 2132 0
2490 7 2151 0
2491 3 3639 0
2492 5 591 0
2493 9 1398 0
2494 3 1711 0
2495 4 4933 0
2496 3 4262 0
2497 4 3805 0
2498 5 3488 0
2499 7 3173 0
2500 6 3185 0
2501 2 4492 0
2502 6 2810 0
2503 6 1890 0
2504 10 965 0
2505 4 4573 0
2506 4 2916 0
2507 9 1244 0
2508 6 4643 0
2509 10 50 0
2510 2 4636 0
2511 3 4387 0
2512 6 3244 0
2513 7 367 0
2514 5 2980 0
2515 7 4545 0
2516 3 3410 0
2517 6 1906 0
2518 7 2660 0
2519 5 3534 0
2520 5 1398 0
2521 6 1496 0
2522 7 4269 0
2523 5 4776 0
2524 9 3345 0
2525 5 1703 0
2526 8 4425 0
2527 5 2865 0
2528 10 567 0
2529 6 1353 0
2530 6 1812 0
2531 9 1279 0
2532 5 4975 0
2533 6 4663 0
2534 6 2255 0
2535 5 4297 0
2536 6 4965 0
2537 6 1498 0
2538 11 3776 0
2539 2 2750 0
2540 5 2074 0
2541 5 530 0
2542 8 3305 0
2543 3 4923 0
2544 5 1894 0
2545 5 1800 0
2546 7 88 0
2547 5 4564 0
2548 6 2890 0
2549 7 242 0
2550 2 2612 0
2551 6 4064 0
2552 4 918 0
2553 7 3116 0
2554 7 2829 0
2555 7 394 0
2556 4 4122 0
2557 8 1497 0
2558 7 1348 0
2559 5 3648 0
2560 3 1553 0
2561 6 1734 0
2562 4 3272 0
2563 9 3757 0
2564 4 2067 0
2565 6 4181 0
2566 9 4835 0
2567 2 4397 0
2568 7 214 0
2569 6 1904 0
2570 7 3730 0
2571 5 2600 0
2572 5 2352 0
2573 8 1240 0
2574 10 3019 0
2575 4 1299 0
2576 4 1866 0
2577 4 3221 0
2578 6 3208 0
2579 5 712 0
2580 3 533 0
2581 5 564 0
2582 6 3977 0
2583 5 1392 0
2584 7 1589 0
2585 6 3647 0
2586 5 1837 0
2587 6 1447 0
2588 4 298 0
2589 5 4160 0
2590 4 669 0
2591 7 1651 0
2592 7 3499 0
2593 1 2709 0
2594 3 2653 0
2595 6 3317 0
2596 8 1400 0
2597 9 2808 0
2598 4 4509 0
2599 4 4411 0
2600 2 3903 0
2601 5 3333 0
2602 6 3420 0
2603 5 339 0
2604 4 745 0
2605 6 2043 0
2606 6 1457 0
2607 5 687 0
2608 8 3008 0
2609 7 1996 0
2610 6 4174 0
2611 2 514 0
2612 3 4707 0
2613 6 1646 0
2614 8 4668 0
2615 3 2942 0
2616 6 4465 0
2617 3 3926 0
2618 6 84 0
2619 5 1683 0
2620 7 4288 0
2621 6 2875 0
2622 10 3108 0
2623 7 3245 0
2624 3 644 0
2625 7 3449 0
2626 6 3376 0
2627 3 3143 0
2628 4 4527 0
2629 4 102 0
2630 3 4638 0
2631 6 3698 0
2632 2 3151 0
2633 4 1364 0
2634 6 1283 0
2635 5 4697 0
2636 7 4282 0
2637 5 2308 0
2638 6 4724 0
2639 2 424 0
2640 7 922 0
2641 2 414 0
2642 7 1241 0
2643 4 4990 0
2644 10 561 0
2645 5 4102 0
2646 7 2723 0
2647 3 329 0
2648 6 2631 0
2649 3 3624 0
2650 4 2835 0
2651 6 4599 0
2652 6 1100 0
2653 8 2923 0
2654 6 4421 0
2655 5 4006 0
2656 6 3733 0
2657 5 3549 0
2658 6 3238 0
2659 7 4815 0
2660 3 329 0
2661 5 2283 0
2662 3 4637 0
2663 5 355 0
2664 6 692 0
2665 6 2497 0
2666 4 1585 0
2667 5 4270 0
2668 5 3595 0
2669 4 3018 0
2670 7 29 0
2671 3 3377 0
2672 5 509 0
2673 8 3407 0
2674 4 2675 0
2675 9 2418 0
2676 4 1844 0
2677 8 4920 0
2678 8 3831 0
2679 5 3196 0
2680 6 4207 0
2681 6 1417 0
2682 6 4697 0
2683 6 542 0
2684 6 1243 0
2685 8 3055 0
2686 5 591 0
2687 7 783 0
2688 4 1756 0
2689 7 4099 0
2690 9 1898 0
2691 7 1452 0
2692 7 2581 0
2693 5 4086 0
2694 6 3759 0
2695 5 4993 0
2696 7 3095 0
2697 9 4704 0
2698 7 2973 0
2699 5 954 0
2700 4 4093 0
2701 8 1496 0
2702 8 2763 0
2703 8 1032 0
2704 2 4150 0
2705 4 4004 0
2706 4 2164 0
2707 7 2524 0
2708 10 1966 0
2709 3 4479 0
2710 5 4808 0
2711 3 1168 0
2712 4 4485 0
2713 6 4051 0
2714 7 2697 0
2715 5 3418 0
2716 3 865 0
2717 3 4861 0
2718 4 831 0
2719 4 1426 0
2720 6 372 0
2721 4 964 0
2722 8 1548 0
2723 5 4513 0
2724 6 883 0
2725 5 2301 0
2726 4 565 0
2727 2 3831 0
2728 8 4976 0
2729 2 4210 0
2730 7 3512 0
2731 7 2076 0
2732 4 3772 0
2733 2 878 0
2734 6 4889 0
2735 2 3350 0
2736 6 2647 0
2737 4 75 0
2738 4 140 0
2739 5 1666 0
2740 5 1750 0
2741 5 1754 0
2742 3 2113 0
2743 2 1456 0
2744 5 1305 0
2745 4 3326 0
2746 7 3905 0
2747 7 2755 0
2748 4 485 0
2749 7 2925 0
2750 7 4229 0
2751 8 2965 0
2752 7 2792 0
2753 7 52 0
2754 4 931 0
2755 6 1719 0
2756 6 677 0
2757 3 4114 0
2758 11 367 0
2759 7 4431 0
2760 4 3688 0
2761 6 4870 0
2762 5 928 0
2763 8 484 0
2764 6 1294 0
2765 1 3282 0
2766 5 4559 0
2767 5 1126 0
2768 11 3254 0
2769 6 625 0
2770 5 3678 0
2771 8 3296 0
2772 8 3776 0
2773 7 3818 0
2774 3 2307 0
2775 6 638 0
2776 7 1766 0
2777 6 2543 0
2778 8 2468 0
2779 2 3025 0
2780 5 2151 0
2781 4 677 0
2782 4 940 0
2783 3 3184 0
2784 6 1850 0
2785 7 4909 0
2786 2 2678 0
2787 3 2564 0
2788 8 1358 0
2789 9 4878 0
2790 5 1085 0
2791 6 3357 0
2792 7 4377 0
2793 4 1387 0
2794 3 4771 0
2795 3 3318 0
2796 1 535 0
2797 4 749 0
2798 3 2599 0
2799 5 285 0
2800 5 450 0
2801 2 1094 0
2802 7 4180 0
2803 2 746 0
2804 6 1122 0
2805 6 2750 0
2806 7 3310 0
2807 8 3435 0
2808 6 624 0
2809 3 429 0
2810 5 3018 0
2811 7 517 0
2812 5 3792 0
2813 8 4536 0
2814 7 3707 0
2815 4 2651 0
2816 2 3497 0
2817 4 468 0
2818 7 651 0
2819 6 3278 0
2820 7 3189 0
2821 6 168 0
2822 4 1664 0
2823 7 2262 0
2824 4 1235 0
2825 4 1495 0
2826 5 4126 0
2827 0 836 0
2828 6 2533 0
2829 11 2879 0
2830 6 2220 0
2831 8 494 0
2832 5 880 0
2833 2 632 0
2834 9 1674 0
2835 4 495 0
2836 4 4362 0
2837 6 817 0
2838 8 2743 0
2839 6 2180 0
2840 4 3214 0
2841 7 206 0
2842 4 1163 0
2843 7 3863 0
2844 4 3110 0
2845 6 4460 0
2846 6 3236 0
2847 4 2679 0
2848 4 406 0
2849 6 94 0
2850 9 2344 0
2851 2 1579 0
2852 6 81 0
2853 9 1350 0
2854 1 2567 0
2855 7 2619 0
2856 4 4820 0
2857 5 4770 0
2858 3 307 0
2859 3 689 0
2860 4 1300 0
2861 6 234 0
2862 7 4083 0
2863 5 2152 0
2864 5 4080 0
2865 4 2851 0
2866 5 2312 0
2867 6 3227 0
2868 5 4316 0
2869 4 310 0
2870 6 2940 0
2871 6 4878 0
2872 10 2444 0
2873 6 3062 0
2874 3 550 0
2875 4 2120 0
2876 3 4219 0
2877 5 3585 0
2878 3 4955 0
2879 7 4560 0
2880 3 978 0
2881 6 1176 0
2882 2 208 0
2883 3 515 0
2884 5 4469 0
2885 4 1999 0
2886 9 4330 0
2887 2 2947 0
2888 7 383 0
2889 7 2909 0
2890 5 4540 0
2891 5 3437 0
2892 5 3591 0
2893 8 4890 0
2894 5 1261 0
2895 6 777 0
2896 1 2179 0
2897 7 4159 0
2898 5 836 0
2899 5 4549 0
2900 4 3117 0
2901 3 4629 0
2902 5 287 0
2903 6 1210 0
2904 3 2806 0
2905 9 4986 0
2906 7 4187 0
2907 4 3970 0
2908 6 4932 0
2909 6 2580 0
2910 9 3850 0
2911 6 357 0
2912 6 3094 0
2913 5 2750 0
2914 5 2875 0
2915 4 2998 0
2916 2 1731 0
2917 7 1066 0
2918 6 671 0
2919 5 4558 0
2920 6 4976 0
2921 7 4327 0
2922 6 1411 0
2923 5 791 0
2924 7 415 0
2925 3 1097 0
2926 6 4871 0
2927 5 2355 0
2928 2 3993 0
2929 6 1748 0
2930 4 1224 0
2931 8 4852 0
2932 7 4119 0
2933 6 2961 0
2934 5 3008 0
2935 1 4593 0
2936 6 2448 0
2937 8 4448 0
2938 3 3785 0
2939 4 1913 0
2940 5 1302 0
2941 4 3753 0
2942 7 908 0
2943 6 3716 0
2944 6 3870 0
2945 5 4638 0
2946 5 4722 0
2947 6 4147 0
2948 5 3216 0
2949 7 3026 0
2950 6 3648 0
2951 4 1779 0
2952 2 4985 0
2953 6 3788 0
2954 5 4800 0
2955 7 1344 0
2956 6 2622 0
2957 5 2764 0
2958 3 3574 0
2959 10 4976 0
2960 3 66 0
2961 4 1620 0
2962 6 337 0
2963 5 2957 0
2964 5 3846 0
2965 3 805 0
2966 7 2591 0
2967 5 76 0
2968 9 4415 0
2969 6 2759 0
2970 9 997 0
2971 7 3569 0
2972 9 748 0
2973 3 1941 0
2974 6 99 0
2975 7 3081 0
2976 9 1190 0
2977 5 3714 0
2978 2 1006 0
2979 6 1085 0
2980 5 1370 0
2981 4 812 0
2982 5 4275 0
2983 6 4787 0
2984 2 4904 0
2985 1 3172 0
2986 4 3202 0
2987 9 1526 0
2988 7 412 0
2989 8 351 0
2990 5 2328 0
2991 3 1147 0
2992 6 2641 0
2993 6 4510 0
2994 9 1601 0
2995 7 4215 0
2996 7 3218 0
2997 5 4317 0
2998 3 1832 0
2999 4 1972 0
3000 8 4530 0
3001 8 1914 0
3002 7 3525 0
3003 8 261 0
3004 6 4460 0
3005 8 3739 0
3006 4 1576 0
3007 7 1856 0
3008 4 125 0
3009 6 579 0
3010 6 2169 0
3011 8 2507 0
3012 1 2053 0
3013 6 2848 0
3014 7 4505 0
3015 6 1337 0
3016 5 3362 0
3017 6 4692 0
3018 6 3199 0
3019 3 3489 0
3020 5 732 0
3021 7 3623 0
3022 1 4220 0
3023 3 4657 0
3024 5 4365 0
3025 9 2099 0
3026 4 2553 0
3027 4 1606 0
3028 4 3069 0
3029 9 3257 0
3030 9 3729 0
3031 4 1861 0
3032 5 2349 0
3033 2 4028 0
3034 6 358 0
3035 5 4920 0
3036 5 3731 0
3037 5 1394 0
3038 5 2799 0
3039 5 2575 0
3040 5 4960 0
3041 5 813 0
3042 7 4592 0
3043 8 2900 0
3044 8 98 0
3045 6 4225 0
3046 7 1494 0
3047 6 3442 0
3048 8 1912 0
3049 6 2664 0
3050 8 4233 0
3051 4 891 0
3052 6 3998 0
3053 8 2698 0
3054 5 2735 0
3055 5 2118 0
3056 2 4721 0
3057 4 1302 0
3058 8 4916 0
3059 7 4068 0
3060 5 3671 0
3061 0 3094 0
3062 9 4833 0
3063 7 1553 0
3064 4 1325 0
3065 7 301 0
3066 2 4394 0
3067 6 1676 0
3068 5 47 0
3069 7 3301 0
3070 5 816 0
3071 1 3433 0
3072 6 4718 0
3073 6 3423 0
3074 5 1411 0
3075 7 1947 0
3076 5 4198 0
3077 4 1642 0
3078 9 2269 0
3079 6 960 0
3080 8 1277 0
3081 5 2793 0
3082 9 4480 0
3083 6 4421 0
3084 4 1655 0
3085 6 908 0
3086 6 88 0
3087 4 931 0
3088 4 2019 0
3089 6 4451 0
3090 5 1621 0
3091 7 4838 0
3092 6 2741 0
3093 4 2117 0
3094 3 2841 0
3095 7 3890 0
3096 6 1851 0
3097 4 4368 0
3098 4 703 0
3099 1 2027 0
3100 8 4089 0
3101 5 3458 0
3102 3 4929 0
3103 1 981 0
3104 6 4295 0
3105 5 3077 0
3106 7 3881 0
3107 5 4326 0
3108 6 1657 0
3109 7 513 0
3110 3 2113 0
3111 3 2393 0
3112 4 31 0
3113 6 1201 0
3114 1 3955 0
3115 7 1145 0
3116 5 4504 0
3117 9 2117 0
3118 5 3119 0
3119 6 929 0
3120 7 2250 0
3121 6 2473 0
3122 4 2553 0
3123 6 4601 0
3124 7 1114 0
3125 5 3694 0
3126 8 4571 0
3127 6 3168 0
3128 5 600 0
3129 6 1905 0
3130 5 4293 0
3131 6 3376 0
3132 5 2144 0
3133 7 251 0
3134 6 60 0
3135 5 788 0
3136 2 287 0
3137 8 422 0
3138 5 1164 0
3139 3 4166 0
3140 5 2880 0
3141 7 270 0
3142 4 4003 0
3143 4 755 0
3144 3 2261 0
3145 6 1787 0
3146 10 330 0
3147 5 2565 0
3148 6 3542 0
3149 8 2530 0
3150 9 2744 0
3151 5 2592 0
3152 7 1578 0
3153 5 2360 0
3154 6 2421 0
3155 5 2990 0
3156 7 4539 0
3157 5 3606 0
3158 6 2465 0
3159 3 315 0
3160 8 3872 0
3161 7 784 0
3162 5 4929 0
3163 4 211 0
3164 8 3584 0
3165 8 2904 0
3166 1 1080 0
3167 6 558 0
3168 6 4258 0
3169 4 1086 0
3170 4 1079 0
3171 8 760 0
3172 8 3948 0
3173 5 4439 0
3174 8 1130 0
3175 6 2522 0
3176 6 3959 0
3177 7 3785 0
3178 7 4784 0
3179 6 4051 0
3180 6 232 0
3181 7 3082 0
3182 7 4968 0
3183 8 1066 0
3184 5 3832 0
3185 6 4116 0
3186 7 1182 0
3187 3 4543 0
3188 10 1247 0
3189 9 4026 0
3190 3 3212 0
3191 10 4577 0
3192 5 2621 0
3193 6 485 0
3194 6 596 0
3195 4 2900 0
3196 4 3647 0
3197 5 3074 0
3198 4 3041 0
3199 7 275 0
3200 4 390 0
3201 4 3727 0
3202 7 1876 0
3203 3 2188 0
3204 6 2478 0
3205 1 4808 0
3206 5 695 0
3207 4 1081 0
3208 8 4956 0
3209 5 4596 0
3210 5 221 0
3211 6 3645 0
3212 5 267 0
3213 4 425 0
3214 6 4893 0
3215 5 1682 0
3216 6 3963 0
3217 3 3061 0
3218 7 2583 0
3219 5 1008 0
3220 4 3478 0
3221 9 3456 0
3222 3 1184 0
3223 5 2749 0
3224 7 1031 0
3225 7 1821 0
3226 4 3633 0
3227 5 4889 0
3228 7 1579 0
3229 5 3655 0
3230 6 1874 0
3231 4 196 0
3232 7 4109 0
3233 6 4501 0
3234 3 149 0
3235 6 4442 0
3236 3 869 0
3237 4 4266 0
3238 5 4778 0
3239 5 2488 0
3240 2 344 0
3241 5 2174 0
3242 4 1721 0
3243 4 3623 0
3244 2 1714 0
3245 6 3859 0
3246 4 2267 0
3247 5 169 0
3248 3 543 0
3249 7 4754 0
3250 8 4253 0
3251 8 1132 0
3252 2 1497 0
3253 7 2963 0
3254 6 2140 0
3255 5 201 0
3256 0 4237 0
3257 6 1070 0
3258 9 218 0
3259 6 892 0
3260 7 2151 0
3261 2 1534 0
3262 5 2188 0
3263 6 101 0
3264 6 4478 0
3265 6 3722 0
3266 3 4112 0
3267 5 1945 0
3268 3 4279 0
3269 7 2792 0
3270 5 1279 0
3271 4 2396 0
3272 4 4478 0
3273 7 3936 0
3274 9 4053 0
3275 6 3050 0
3276 5 997 0
3277 4 3827 0
3278 7 3503 0
3279 3 3674 0
3280 0 1059 0
3281 5 3432 0
3282 11 2578 0
3283 5 1563 0
3284 8 1749 0
3285 6 2742 0
3286 5 2316 0
3287 1 4773 0
3288 6 723 0
3289 5 1774 0
3290 7 1314 0
3291 10 3249 0
3292 4 4563 0
3293 7 2415 0
3294 3 4467 0
3295 7 2095 0
3296 5 2939 0
3297 8 3190 0
3298 4 2612 0
3299 10 3416 0
3300 3 2698 0
3301 7 1298 0
3302 4 3576 0
3303 4 3867 0
3304 6 806 0
3305 8 4706 0
3306 4 302 0
3307 4 2293 0
3308 4 240 0
3309 6 2227 0
3310 9 4563 0
3311 4 4473 0
3312 4 4116 0
3313 3 599 0
3314 4 2743 0
3315 7 1925 0
3316 5 4431 0
3317 3 2309 0
3318 6 1244 0
3319 6 1201 0
3320 5 1889 0
3321 9 3112 0
3322 5 2643 0
3323 8 4908 0
3324 5 1487 0
3325 5 2583 0
3326 4 878 0
3327 10 2180 0
3328 4 3669 0
3329 7 656 0
3330 7 2995 0
3331 1 4164 0
3332 6 3571 0
3333 5 949 0
3334 7 171 0
3335 5 2437 0
3336 4 1755 0
3337 8 360 0
3338 6 4120 0
3339 4 2492 0
3340 1 4819 0
3341 5 1289 0
3342 3 1956 0
3343 9 4145 0
3344 6 4132 0
3345 8 1689 0
3346 6 1288 0
3347 2 4920 0
3348 6 1505 0
3349 6 4030 0
3350 6 3524 0
3351 4 3020 0
3352 5 832 0
3353 9 1874 0
3354 6 3576 0
3355 6 4343 0
3356 7 586 0
3357 5 3208 0
3358 7 3895 0
3359 6 1272 0
3360 4 3991 0
3361 3 1353 0
3362 5 3622 0
3363 5 4417 0
3364 6 4317 0
3365 0 2695 0
3366 10 1657 0
3367 7 2588 0
3368 5 722 0
3369 7 4270 0
3370 7 2606 0
3371 6 2914 0
3372 3 1547 0
3373 7 497 0
3374 6 332 0
3375 8 2925 0
3376 7 425 0
3377 10 363 0
3378 4 3272 0
3379 7 3559 0
3380 8 1814 0
3381 5 1099 0
3382 11 4839 0
3383 6 4988 0
3384 6 2944 0
3385 2 4815 0
3386 7 4370 0
3387 7 922 0
3388 7 2830 0
3389 5 3340 0
3390 4 1111 0
3391 7 4975 0
3392 8 397 0
3393 1 2947 0
3394 6 2059 0
3395 9 1727 0
3396 3 3700 0
3397 4 2783 0
3398 6 3615 0
3399 5 3508 0
3400 5 2253 0
3401 6 2190 0
3402 4 4630 0
3403 8 4473 0
3404 8 3630 0
3405 2 3521 0
3406 5 4354 0
3407 3 3661 0
3408 5 461 0
3409 5 10 0
3410 10 1197 0
3411 5 91 0
3412 6 3189 0
3413 3 1400 0
3414 7 4355 0
3415 6 4918 0
3416 7 1604 0
3417 7 4195 0
3418 6 500 0
3419 3 858 0
3420 5 3291 0
3421 3 3371 0
3422 4 4640 0
3423 12 4922 0
3424 4 3969 0
3425 1 1686 0
3426 9 2246 0
3427 5 4421 0
3428 2 4939 0
3429 7 4101 0
3430 5 2709 0
3431 3 4061 0
3432 8 1946 0
3433 5 636 0
3434 5 1220 0
3435 6 1992 0
3436 6 35 0
3437 0 3432 0
3438 4 4782 0
3439 6 4262 0
3440 6 2954 0
3441 6 4055 0
3442 6 486 0
3443 7 3872 0
3444 5 4004 0
3445 3 3789 0
3446 5 801 0
3447 5 872 0
3448 7 2810 0
3449 2 2197 0
3450 10 3169 0
3451 6 3156 0
3452 5 3438 0
3453 10 1717 0
3454 4 498 0
3455 9 369 0
3456 1 844 0
3457 6 2641 0
3458 4 1591 0
3459 6 4807 0
3460 4 3787 0
3461 7 4244 0
3462 5 1741 0
3463 5 2104 0
3464 5 589 0
3465 4 523 0
3466 3 900 0
3467 6 1791 0
3468 4 1472 0
3469 4 3306 0
3470 8 3952 0
3471 6 3950 0
3472 4 678 0
3473 3 4941 0
3474 4 4291 0
3475 7 1185 0
3476 8 148 0
3477 5 23 0
3478 6 1016 0
3479 7 2549 0
3480 5 2773 0
3481 4 2558 0
3482 4 4584 0
3483 7 2402 0
3484 6 4573 0
3485 3 3414 0
3486 4 1271 0
3487 8 2018 0
3488 9 3631 0
3489 7 4026 0
3490 4 4062 0
3491 6 485 0
3492 4 3156 0
3493 5 4185 0
3494 8 2854 0
3495 5 3389 0
3496 6 1660 0
3497 3 2033 0
3498 9 2592 0
3499 7 1439 0
3500 6 4190 0
3501 4 4208 0
3502 6 1147 0
3503 5 2734 0
3504 6 4481 0
3505 5 1411 0
3506 8 2831 0
3507 7 489 0
3508 8 2106 0
3509 3 3523 0
3510 6 135 0
3511 1 1466 0
3512 7 340 0
3513 3 3027 0
3514 8 2327 0
3515 5 4802 0
3516 7 39 0
3517 5 3221 0
3518 9 3945 0
3519 6 1808 0
3520 6 3770 0
3521 3 3132 0
3522 6 2925 0
3523 9 3441 0
3524 8 2897 0
3525 5 643 0
3526 7 2988 0
3527 8 1187 0
3528 6 3932 0
3529 5 2524 0
3530 5 1001 0
3531 6 3584 0
3532 6 2675 0
3533 6 2692 0
3534 6 4728 0
3535 4 2839 0
3536 6 2364 0
3537 1 2136 0
3538 4 4105 0
3539 5 972 0
3540 7 2381 0
3541 9 4542 0
3542 5 2423 0
3543 6 3228 0
3544 9 509 0
3545 9 4211 0
3546 6 2059 0
3547 7 4272 0
3548 1 2008 0
3549 5 4715 0
3550 6 655 0
3551 8 368 0
3552 7 180 0
3553 5 1595 0
3554 2 3299 0
3555 5 2136 0
3556 10 3320 0
3557 5 3789 0
3558 9 3979 0
3559 2 2858 0
3560 6 1121 0
3561 8 2146 0
3562 5 1062 0
3563 6 3348 0
3564 8 2532 0
3565 6 390 0
3566 8 2657 0
3567 7 4417 0
3568 3 597 0
3569 5 3563 0
3570 8 4688 0
3571 3 3846 0
3572 4 2860 0
3573 1 4910 0
3574 4 3422 0
3575 9 4944 0
3576 7 820 0
3577 5 3692 0
3578 7 3287 0
3579 6 4972 0
3580 6 4197 0
3581 6 3391 0
3582 7 4022 0
3583 3 2739 0
3584 9 3496 0
3585 7 1885 0
3586 6 1510 0
3587 10 1304 0
3588 7 4629 0
3589 6 4000 0
3590 4 1050 0
3591 4 861 0
3592 6 2708 0
3593 4 2369 0
3594 5 1140 0
3595 4 4592 0
3596 4 677 0
3597 8 3534 0
3598 6 2012 0
3599 6 566 0
3600 4 1424 0
3601 9 4798 0
3602 4 4214 0
3603 3 3048 0
3604 6 4062 0
3605 6 4572 0
3606 8 410 0
3607 4 3302 0
3608 6 286 0
3609 6 1880 0
3610 5 660 0
3611 5 3767 0
3612 8 2246 0
3613 7 4366 0
3614 5 2315 0
3615 5 2071 0
3616 4 3170 0
3617 8 3831 0
3618 3 3780 0
3619 4 3353 0
3620 6 2775 0
3621 5 2426 0
3622 7 3619 0
3623 5 631 0
3624 4 4842 0
3625 5 1849 0
3626 6 2878 0
3627 6 2933 0
3628 5 4228 0
3629 5 4855 0
3630 4 1740 0
3631 7 522 0
3632 6 3762 0
3633 5 2923 0
3634 8 1025 0
3635 3 4901 0
3636 11 518 0
3637 8 1328 0
3638 8 1559 0
3639 7 3495 0
3640 4 546 0
3641 3 2616 0
3642 7 161 0
3643 6 1234 0
3644 6 4980 0
3645 6 2251 0
3646 6 3307 0
3647 5 4470 0
3648 3 4395 0
3649 2 1536 0
3650 1 1276 0
3651 7 4628 0
3652 4 4415 0
3653 4 3008 0
3654 6 2321 0
3655 5 39 0
3656 8 4030 0
3657 5 972 0
3658 2 2234 0
3659 7 3599 0
3660 4 2891 0
3661 1 1656 0
3662 7 694 0
3663 6 0 0
3664 0 2621 0
3665 9 4412 0
3666 6 4628 0
3667 6 4594 0
3668 4 1567 0
3669 7 1892 0
3670 7 1231 0
3671 1 4525 0
3672 4 1044 0
3673 5 4160 0
3674 4 3668 0
3675 9 1045 0
3676 3 1054 0
3677 7 4946 0
3678 10 1272 0
3679 7 4312 0
3680 4 431 0
3681 6 4927 0
3682 3 3381 0
3683 2 1527 0
3684 7 2627 0
3685 3 4919 0
3686 7 3664 0
3687 8 1154 0
3688 4 4982 0
3689 7 599 0
3690 4 2917 0
3691 4 4244 0
3692 5 2578 0
3693 5 915 0
3694 10 4809 0
3695 9 3247 0
3696 7 4808 0
3697 7 3966 0
3698 6 347 0
3699 5 4343 0
3700 5 2275 0
3701 4 2005 0
3702 7 3441 0
3703 4 4494 0
3704 4 1457 0
3705 8 1462 0
3706 2 3340 0
3707 7 4928 0
3708 7 2839 0
3709 9 1449 0
3710 3 4159 0
3711 7 4060 0
3712 7 569 0
3713 4 236 0
3714 0 2242 0
3715 7 988 0
3716 3 2206 0
3717 6 1060 0
3718 2 1930 0
3719 4 4618 0
3720 5 3215 0
3721 1 1252 0
3722 3 1777 0
3723 4 218 0
3724 6 441 0
3725 6 717 0
3726 8 724 0
3727 4 1412 0
3728 5 4994 0
3729 4 706 0
3730 9 2989 0
3731 5 2281 0
3732 5 2982 0
3733 1 3908 0
3734 9 3196 0
3735 7 2434 0
3736 8 3987 0
3737 4 125 0
3738 6 4122 0
3739 5 1586 0
3740 9 1032 0
3741 6 3348 0
3742 4 4588 0
3743 6 4357 0
3744 4 3074 0
3745 3 858 0
3746 4 3747 0
3747 4 325 0
3748 5 4338 0
3749 6 4210 0
3750 5 940 0
3751 8 840 0
3752 2 409 0
3753 5 1153 0
3754 6 2781 0
3755 1 273 0
3756 4 178 0
3757 7 2562 0
3758 9 844 0
3759 5 2440 0
3760 2 1231 0
3761 7 2603 0
3762 6 3503 0
3763 7 4643 0
3764 5 3076 0
3765 4 2866 0
3766 9 3735 0
3767 6 1927 0
3768 5 1190 0
3769 5 4712 0
3770 7 639 0
3771 4 2189 0
3772 5 576 0
3773 4 1285 0
3774 5 4151 0
3775 4 4495 0
3776 8 1805 0
3777 5 3918 0
3778 3 711 0
3779 7 4538 0
3780 7 385 0
3781 5 2914 0
3782 8 3020 0
3783 7 720 0
3784 9 3057 0
3785 5 3857 0
3786 5 3238 0
3787 6 3540 0
3788 5 1736 0
3789 3 4046 0
3790 6 3230 0
3791 6 1384 0
3792 6 2652 0
3793 5 1307 0
3794 4 637 0
3795 4 41 0
3796 5 1543 0
3797 5 2291 0
3798 4 1044 0
3799 6 3491 0
3800 6 127 0
3801 2 3335 0
3802 4 4345 0
3803 6 4348 0
3804 8 319 0
3805 5 3007 0
3806 9 3206 0
3807 7 385 0
3808 4 4568 0
3809 5 4853 0
3810 4 4102 0
3811 9 3171 0
3812 6 2725 0
3813 4 2371 0
3814 4 4022 0
3815 6 4005 0
3816 6 2935 0
3817 4 2925 0
3818 6 1578 0
3819 7 4270 0
3820 3 4676 0
3821 7 4547 0
3822 4 2003 0
3823 8 2037 0
3824 4 332 0
3825 5 3976 0
3826 4 4257 0
3827 6 1633 0
3828 6 917 0
3829 5 1995 0
3830 6 304 0
3831 6 3212 0
3832 3 3947 0
3833 4 3786 0
3834 6 3693 0
3835 7 1363 0
3836 5 3359 0
3837 6 3639 0
3838 4 918 0
3839 9 3052 0
3840 7 1094 0
3841 7 1737 0
3842 3 3777 0
3843 3 2287 0
3844 6 2702 0
3845 8 3733 0
3846 4 3514 0
3847 7 4520 0
3848 6 4381 0
3849 4 4920 0
3850 4 367 0
3851 9 1131 0
3852 9 1721 0
3853 6 750 0
3854 5 568 0
3855 9 1713 0
3856 6 1888 0
3857 6 3910 0
3858 8 3837 0
3859 7 3480 0
3860 4 2281 0
3861 9 4466 0
3862 4 3726 0
3863 5 22 0
3864 2 4728 0
3865 5 4309 0
3866 6 475 0
3867 4 2037 0
3868 7 3422 0
3869 6 3057 0
3870 6 2607 0
3871 3 1463 0
3872 9 1572 0
3873 4 2769 0
3874 5 3424 0
3875 3 913 0
3876 4 4430 0
3877 3 3557 0
3878 8 519 0
3879 6 1584 0
3880 4 1359 0
3881 1 1761 0
3882 4 2556 0
3883 4 3890 0
3884 3 2720 0
3885 10 4978 0
3886 1 2878 0
3887 4 3536 0
3888 9 3804 0
3889 6 3729 0
3890 5 3993 0
3891 7 1407 0
3892 10 3773 0
3893 8 2393 0
3894 8 1903 0
3895 5 2779 0
3896 5 2351 0
3897 6 1105 0
3898 5 492 0
3899 5 544 0
3900 8 1537 0
3901 5 3304 0
3902 5 2620 0
3903 3 2255 0
3904 4 3475 0
3905 7 1581 0
3906 3 869 0
3907 5 4033 0
3908 7 1385 0
3909 4 2399 0
3910 5 627 0
3911 4 603 0
3912 4 256 0
3913 8 4570 0
3914 7 4816 0
3915 8 3227 0
3916 4 40 0
3917 7 2819 0
3918 5 1606 0
3919 7 3606 0
3920 7 1990 0
3921 5 3822 0
3922 1 4853 0
3923 5 2214 0
3924 4 3997 0
3925 8 4202 0
3926 10 2047 0
3927 8 1755 0
3928 5 979 0
3929 4 1028 0
3930 8 4251 0
3931 4 212 0
3932 5 1929 0
3933 4 2823 0
3934 4 3416 0
3935 4 165 0
3936 6 3494 0
3937 6 3024 0
3938 7 2554 0
3939 6 606 0
3940 6 832 0
3941 6 549 0
3942 4 1825 0
3943 7 490 0
3944 4 3568 0
3945 8 4999 0
3946 3 639 0
3947 6 4446 0
3948 5 3413 0
3949 5 2347 0
3950 3 889 0
3951 6 796 0
3952 6 2309 0
3953 7 2228 0
3954 4 3548 0
3955 10 770 0
3956 6 3572 0
3957 7 2780 0
3958 4 3413 0
3959 7 2763 0
3960 7 58 0
3961 5 152 0
3962 4 1614 0
3963 6 1766 0
3964 5 3152 0
3965 3 2463 0
3966 9 2514 0
3967 7 2180 0
3968 5 2357 0
3969 3 2497 0
3970 8 1601 0
3971 9 4684 0
3972 7 297 0
3973 5 153 0
3974 6 2737 0
3975 5 1574 0
3976 5 3150 0
3977 8 1211 0
3978 4 4908 0
3979 5 842 0
3980 4 3892 0
3981 7 1214 0
3982 2 1008 0
3983 5 1938 0
3984 10 4008 0
3985 5 2434 0
3986 5 4825 0
3987 5 2044 0
3988 6 3293 0
3989 5 3966 0
3990 4 4269 0
3991 5 2122 0
3992 4 2230 0
3993 6 4175 0
3994 2 4774 0
3995 3 1667 0
3996 7 1699 0
3997 7 1523 0
3998 6 4778 0
3999 7 4794 0
4000 5 2758 0
4001 5 964 0
4002 1 2366 0
4003 3 3514 0
4004 4 3593 0
4005 3 4967 0
4006 5 309 0
4007 2 4659 0
4008 7 4915 0
4009 2 4400 0
4010 6 1522 0
4011 7 3694 0
4012 5 3992 0
4013 6 4405 0
4014 11 3525 0
4015 4 1094 0
4016 5 1968 0
4017 5 3434 0
4018 5 182 0
4019 5 4310 0
4020 7 1234 0
4021 4 2826 0
4022 6 4918 0
4023 3 568 0
4024 5 331 0
4025 4 1912 0
4026 9 3881 0
4027 5 1910 0
4028 8 3223 0
4029 5 3940 0
4030 5 3334 0
4031 4 1582 0
4032 2 430 0
4033 6 2495 0
4034 8 3472 0
4035 5 1957 0
4036 9 1399 0
4037 4 2339 0
4038 3 3737 0
4039 6 1838 0
4040 6 620 0
4041 5 3740 0
4042 7 4131 0
4043 5 897 0
4044 5 4771 0
4045 7 425 0
4046 6 3552 0
4047 6 1730 0
4048 6 280 0
4049 7 3103 0
4050 5 3088 0
4051 5 695 0
4052 7 68 0
4053 7 3918 0
4054 5 4489 0
4055 6 4875 0
4056 7 3601 0
4057 4 1087 0
4058 4 4591 0
4059 7 59 0
4060 8 3417 0
4061 5 567 0
4062 2 1890 0
4063 5 3395 0
4064 3 157 0
4065 6 1379 0
4066 5 1750 0
4067 5 942 0
4068 8 4989 0
4069 2 3090 0
4070 4 1426 0
4071 5 1245 0
4072 3 3203 0
4073 7 1255 0
4074 3 4533 0
4075 4 1183 0
4076 7 1964 0
4077 5 4402 0
4078 3 2542 0
4079 7 4743 0
4080 8 4698 0
4081 7 1978 0
4082 8 3881 0
4083 8 1226 0
4084 7 4808 0
4085 4 4205 0
4086 6 1069 0
4087 6 1528 0
4088 7 4410 0
4089 7 991 0
4090 4 3749 0
4091 4 3721 0
4092 4 1855 0
4093 4 2543 0
4094 6 2802 0
4095 10 2192 0
4096 6 4565 0
4097 5 913 0
4098 6 1193 0
4099 9 3466 0
4100 3 2190 0
4101 5 3584 0
4102 7 3888 0
4103 6 3584 0
4104 3 1931 0
4105 5 1339 0
4106 9 4415 0
4107 3 2139 0
4108 7 4709 0
4109 3 1035 0
4110 5 3235 0
4111 5 365 0
4112 5 763 0
4113 6 4088 0
4114 7 3436 0
4115 3 2994 0
4116 3 3030 0
4117 5 518 0
4118 2 1064 0
4119 5 2434 0
4120 6 1600 0
4121 5 2459 0
4122 8 180 0
4123 10 492 0
4124 5 2311 0
4125 6 3438 0
4126 5 3530 0
4127 5 4533 0
4128 5 768 0
4129 7 4101 0
4130 6 1534 0
4131 4 1931 0
4132 6 2771 0
4133 5 2754 0
4134 7 3388 0
4135 5 3673 0
4136 7 2563 0
4137 6 4507 0
4138 4 1751 0
4139 9 617 0
4140 6 1537 0
4141 10 2894 0
4142 6 4042 0
4143 4 4857 0
4144 5 4182 0
4145 5 144 0
4146 7 3895 0
4147 6 4834 0
4148 6 2816 0
4149 8 4469 0
4150 4 2918 0
4151 3 499 0
4152 8 2253 0
4153 7 3457 0
4154 4 3069 0
4155 6 4494 0
4156 8 3561 0
4157 8 494 0
4158 2 384 0
4159 6 4064 0
4160 8 3070 0
4161 5 1685 0
4162 6 4807 0
4163 6 4107 0
4164 7 262 0
4165 3 882 0
4166 8 93 0
4167 4 2646 0
4168 8 1589 0
4169 7 4960 0
4170 7 3249 0
4171 5 2007 0
4172 6 1123 0
4173 3 3649 0
4174 8 3721 0
4175 7 1598 0
4176 6 111 0
4177 6 521 0
4178 3 4827 0
4179 7 3184 0
4180 6 4843 0
4181 4 1227 0
4182 8 2562 0
4183 5 1571 0
4184 4 69 0
4185 6 3215 0
4186 7 2086 0
4187 5 3738 0
4188 5 1051 0
4189 8 4904 0
4190 8 3793 0
4191 1 4123 0
4192 3 1765 0
4193 2 2880 0
4194 7 557 0
4195 10 744 0
4196 6 917 0
4197 5 3715 0
4198 6 2800 0
4199 7 383 0
4200 12 1666 0
4201 2 3509 0
4202 7 1526 0
4203 8 4887 0
4204 8 2284 0
4205 9 1089 0
4206 8 795 0
4207 6 565 0
4208 8 4765 0
4209 5 4400 0
4210 7 1922 0
4211 6 2703 0
4212 6 747 0
4213 8 3148 0
4214 5 4383 0
4215 6 763 0
4216 6 2089 0
4217 6 4780 0
4218 7 3244 0
4219 0 1525 0
4220 3 1334 0
4221 2 1648 0
4222 9 2235 0
4223 5 3411 0
4224 3 3449 0
4225 5 4667 0
4226 6 2700 0
4227 6 3402 0
4228 4 2448 0
4229 9 2342 0
4230 7 3120 0
4231 6 1627 0
4232 1 1342 0
4233 4 4748 0
4234 4 3945 0
4235 6 3310 0
4236 4 2095 0
4237 6 874 0
4238 4 2678 0
4239 3 3493 0
4240 3 261 0
4241 3 4309 0
4242 6 3272 0
4243 7 1976 0
4244 7 4737 0
4245 3 490 0
4246 5 3468 0
4247 1 328 0
4248 5 1930 0
4249 2 3737 0
4250 8 520 0
4251 4 2747 0
4252 9 3155 0
4253 7 1773 0
4254 3 2511 0
4255 4 1661 0
4256 9 1912 0
4257 6 3224 0
4258 5 4979 0
4259 3 3512 0
4260 5 2439 0
4261 5 4562 0
4262 5 2730 0
4263 6 2920 0
4264 5 3532 0
4265 8 736 0
4266 3 52 0
4267 5 2366 0
4268 7 776 0
4269 5 4212 0
4270 5 844 0
4271 3 1768 0
4272 2 4097 0
4273 9 3587 0
4274 10 2344 0
4275 9 4147 0
4276 4 963 0
4277 7 4665 0
4278 3 4565 0
4279 10 1798 0
4280 7 4925 0
4281 9 2349 0
4282 6 4573 0
4283 6 823 0
4284 9 3966 0
4285 5 3433 0
4286 6 3751 0
4287 3 2068 0
4288 9 4061 0
4289 5 2374 0
4290 3 2989 0
4291 9 3362 0
4292 7 2696 0
4293 6 2368 0
4294 5 3742 0
4295 6 2329 0
4296 8 2123 0
4297 6 4061 0
4298 6 4363 0
4299 5 1158 0
4300 6 4499 0
4301 12 371 0
4302 3 751 0
4303 2 4276 0
4304 9 1230 0
4305 3 3700 0
4306 5 2656 0
4307 10 941 0
4308 6 529 0
4309 7 3309 0
4310 5 2965 0
4311 4 1411 0
4312 2 3918 0
4313 6 786 0
4314 9 73 0
4315 2 2922 0
4316 4 4642 0
4317 7 3428 0
4318 10 3129 0
4319 8 662 0
4320 8 4519 0
4321 8 4638 0
4322 3 3239 0
4323 5 2087 0
4324 4 428 0
4325 6 3405 0
4326 6 1367 0
4327 2 3897 0
4328 6 4674 0
4329 5 3534 0
4330 6 1214 0
4331 1 2422 0
4332 4 4675 0
4333 6 386 0
4334 5 4920 0
4335 1 3512 0
4336 8 4113 0
4337 5 4950 0
4338 8 2108 0
4339 8 730 0
4340 3 721 0
4341 4 3063 0
4342 2 4760 0
4343 3 3719 0
4344 4 2691 0
4345 7 3892 0
4346 5 2853 0
4347 6 1642 0
4348 6 795 0
4349 6 3809 0
4350 10 4423 0
4351 7 3420 0
4352 4 2181 0
4353 6 4747 0
4354 7 1484 0
4355 8 4576 0
4356 1 2389 0
4357 6 75 0
4358 1 2871 0
4359 7 201 0
4360 7 4765 0
4361 9 1943 0
4362 9 4977 0
4363 6 1852 0
4364 9 1588 0
4365 4 759 0
4366 6 1129 0
4367 4 1942 0
4368 7 4023 0
4369 8 636 0
4370 6 3276 0
4371 6 3917 0
4372 1 3069 0
4373 5 2379 0
4374 9 3934 0
4375 5 4408 0
4376 9 1509 0
4377 5 1320 0
4378 6 2418 0
4379 2 3685 0
4380 5 4316 0
4381 7 2045 0
4382 2 1069 0
4383 8 3246 0
4384 7 3875 0
4385 8 49 0
4386 6 2387 0
4387 4 4574 0
4388 6 1341 0
4389 8 1681 0
4390 3 2998 0
4391 7 3304 0
4392 8 1278 0
4393 5 3885 0
4394 4 4419 0
4395 4 914 0
4396 7 3471 0
4397 5 423 0
4398 5 1953 0
4399 6 2763 0
4400 9 3754 0
4401 7 2936 0
4402 4 3209 0
4403 5 4439 0
4404 6 1764 0
4405 5 1286 0
4406 5 3324 0
4407 4 4862 0
4408 5 1928 0
4409 5 2156 0
4410 7 893 0
4411 7 4379 0
4412 5 3958 0
4413 4 2266 0
4414 7 3832 0
4415 4 1596 0
4416 0 300 0
4417 6 2166 0
4418 7 384 0
4419 6 2297 0
4420 7 1885 0
4421 7 3731 0
4422 6 4339 0
4423 7 1049 0
4424 6 4865 0
4425 8 771 0
4426 5 1968 0
4427 4 3177 0
4428 7 966 0
4429 5 4414 0
4430 3 2001 0
4431 4 3149 0
4432 7 2723 0
4433 5 733 0
4434 6 4820 0
4435 5 4485 0
4436 3 278 0
4437 4 3098 0
4438 6 415 0
4439 8 3290 0
4440 6 0 0
4441 3 4626 0
4442 5 4922 0
4443 4 3083 0
4444 7 1534 0
4445 6 1197 0
4446 3 2774 0
4447 5 1339 0
4448 5 4688 0
4449 4 23 0
4450 4 3191 0
4451 6 3450 0
4452 4 3032 0
4453 4 2331 0
4454 3 1725 0
4455 3 4941 0
4456 6 3821 0
4457 8 1909 0
4458 3 2282 0
4459 6 699 0
4460 6 1338 0
4461 1 4179 0
4462 6 1897 0
4463 4 3734 0
4464 8 2873 0
4465 6 4681 0
4466 3 4804 0
4467 5 2631 0
4468 3 3153 0
4469 7 4083 0
4470 4 1749 0
4471 8 3233 0
4472 3 3963 0
4473 4 1708 0
4474 5 3024 0
4475 9 1217 0
4476 4 4283 0
4477 4 3140 0
4478 5 807 0
4479 6 4710 0
4480 6 31 0
4481 7 2678 0
4482 7 4928 0
4483 4 1224 0
4484 6 3237 0
4485 5 4561 0
4486 5 2195 0
4487 7 1118 0
4488 6 2494 0
4489 8 4186 0
4490 7 1483 0
4491 4 760 0
4492 6 3023 0
4493 5 1678 0
4494 5 3710 0
4495 4 4052 0
4496 6 4443 0
4497 7 1499 0
4498 8 4701 0
4499 5 3128 0
4500 4 2898 0
4501 8 4161 0
4502 5 3539 0
4503 4 2991 0
4504 10 284 0
4505 10 4972 0
4506 6 631 0
4507 5 2549 0
4508 8 2176 0
4509 7 3966 0
4510 7 933 0
4511 6 2895 0
4512 6 2025 0
4513 5 369 0
4514 7 861 0
4515 3 830 0
4516 7 3698 0
4517 4 4739 0
4518 6 188 0
4519 9 2811 0
4520 7 2364 0
4521 7 4687 0
4522 6 571 0
4523 7 1091 0
4524 7 3287 0
4525 8 4798 0
4526 7 4997 0
4527 4 3753 0
4528 6 2846 0
4529 5 2000 0
4530 4 576 0
4531 8 3717 0
4532 1 1492 0
4533 9 1712 0
4534 4 4457 0
4535 2 4515 0
4536 4 4231 0
4537 6 423 0
4538 8 2610 0
4539 5 4657 0
4540 3 1516 0
4541 6 2225 0
4542 4 939 0
4543 6 3719 0
4544 7 22 0
4545 4 4653 0
4546 6 4406 0
4547 3 1903 0
4548 8 4206 0
4549 5 653 0
4550 7 4316 0
4551 4 902 0
4552 6 2327 0
4553 6 1378 0
4554 8 1652 0
4555 4 1191 0
4556 6 3160 0
4557 5 4049 0
4558 7 4813 0
4559 5 4846 0
4560 4 3155 0
4561 4 3986 0
4562 5 3633 0
4563 7 728 0
4564 5 1244 0
4565 3 549 0
4566 6 302 0
4567 6 4518 0
4568 7 2371 0
4569 6 1016 0
4570 3 153 0
4571 6 4284 0
4572 3 2610 0
4573 6 172 0
4574 4 3374 0
4575 4 2833 0
4576 4 2502 0
4577 8 2992 0
4578 9 3314 0
4579 5 4013 0
4580 9 4033 0
4581 4 5 0
4582 6 124 0
4583 9 4885 0
4584 3 1268 0
4585 1 1993 0
4586 7 248 0
4587 7 2859 0
4588 5 1748 0
4589 5 4741 0
4590 4 4040 0
4591 9 291 0
4592 3 1317 0
4593 7 4751 0
4594 5 2085 0
4595 5 2917 0
4596 6 2234 0
4597 7 416 0
4598 4 1852 0
4599 2 4505 0
4600 5 2141 0
4601 6 638 0
4602 4 2226 0
4603 4 3314 0
4604 6 2709 0
4605 8 2240 0
4606 6 345 0
4607 6 832 0
4608 4 3025 0
4609 4 4953 0
4610 6 1343 0
4611 7 4575 0
4612 7 2510 0
4613 6 2474 0
4614 3 3314 0
4615 8 1727 0
4616 6 4199 0
4617 7 1641 0
4618 5 1373 0
4619 4 3995 0
4620 5 1352 0
4621 6 2150 0
4622 4 2146 0
4623 8 4670 0
4624 8 3767 0
4625 5 1070 0
4626 4 318 0
4627 9 2373 0
4628 5 17 0
4629 3 3428 0
4630 5 2446 0
4631 5 3216 0
4632 6 1225 0
4633 6 2155 0
4634 8 1177 0
4635 7 4795 0
4636 6 4331 0
4637 6 4781 0
4638 6 2549 0
4639 2 4388 0
4640 8 3154 0
4641 8 1124 0
4642 5 2789 0
4643 8 1716 0
4644 3 1902 0
4645 5 2921 0
4646 9 4586 0
4647 10 3854 0
4648 5 3943 0
4649 5 2488 0
4650 7 3981 0
4651 7 4349 0
4652 4 2110 0
4653 4 3712 0
4654 4 1868 0
4655 4 4492 0
4656 3 1662 0
4657 5 64 0
4658 5 4655 0
4659 5 3690 0
4660 5 2981 0
4661 9 4973 0
4662 2 3499 0
4663 5 4812 0
4664 4 2136 0
4665 2 1613 0
4666 4 3590 0
4667 5 382 0
4668 5 3185 0
4669 7 827 0
4670 5 4365 0
4671 7 3092 0
4672 6 4937 0
4673 6 165 0
4674 7 1337 0
4675 4 4714 0
4676 5 2438 0
4677 6 1345 0
4678 4 1206 0
4679 6 4450 0
4680 5 2973 0
4681 6 684 0
4682 6 3823 0
4683 8 441 0
4684 3 4804 0
4685 2 2510 0
4686 6 2377 0
4687 5 1005 0
4688 7 661 0
4689 5 4189 0
4690 4 4253 0
4691 3 836 0
4692 6 4526 0
4693 4 2814 0
4694 7 1478 0
4695 2 4336 0
4696 3 2756 0
4697 3 1117 0
4698 4 2508 0
4699 5 200 0
4700 7 1487 0
4701 6 1882 0
4702 5 351 0
4703 7 820 0
4704 5 3449 0
4705 5 3817 0
4706 8 2143 0
4707 6 2104 0
4708 5 4577 0
4709 5 2650 0
4710 2 2164 0
4711 6 1789 0
4712 6 1130 0
4713 7 4896 0
4714 7 2306 0
4715 4 979 0
4716 7 2121 0
4717 6 4452 0
4718 3 3838 0
4719 5 1576 0
4720 7 4078 0
4721 3 289 0
4722 4 3598 0
4723 6 1079 0
4724 7 3740 0
4725 8 3795 0
4726 5 3919 0
4727 8 4600 0
4728 7 3175 0
4729 4 37 0
4730 5 3570 0
4731 6 3910 0
4732 10 3575 0
4733 8 4947 0
4734 5 3220 0
4735 4 1054 0
4736 5 2851 0
4737 5 3664 0
4738 6 2281 0
4739 2 2105 0
4740 3 2352 0
4741 5 992 0
4742 10 556 0
4743 9 2126 0
4744 5 4764 0
4745 5 2152 0
4746 5 3080 0
4747 0 1153 0
4748 6 1974 0
4749 7 2659 0
4750 5 339 0
4751 5 345 0
4752 10 1004 0
4753 4 4781 0
4754 7 1117 0
4755 4 2325 0
4756 6 2045 0
4757 6 3738 0
4758 3 3686 0
4759 5 766 0
4760 4 891 0
4761 2 2157 0
4762 3 2820 0
4763 8 649 0
4764 7 682 0
4765 7 2644 0
4766 3 2365 0
4767 5 2392 0
4768 4 653 0
4769 6 3981 0
4770 5 1811 0
4771 3 3497 0
4772 4 2693 0
4773 8 1137 0
4774 7 866 0
4775 3 1238 0
4776 8 789 0
4777 3 401 0
4778 5 4376 0
4779 9 4192 0
4780 5 1398 0
4781 5 3918 0
4782 4 1434 0
4783 5 2546 0
4784 6 272 0
4785 4 4568 0
4786 4 2487 0
4787 3 1803 0
4788 8 2218 0
4789 4 4986 0
4790 3 1489 0
4791 7 1272 0
4792 4 3940 0
4793 7 2518 0
4794 6 3535 0
4795 10 202 0
4796 8 1631 0
4797 6 4586 0
4798 5 2654 0
4799 4 4946 0
4800 7 4422 0
4801 4 3540 0
4802 6 324 0
4803 10 1395 0
4804 7 2768 0
4805 3 162 0
4806 5 39 0
4807 8 3882 0
4808 5 4492 0
4809 1 3108 0
4810 7 2221 0
4811 5 1623 0
4812 8 470 0
4813 5 731 0
4814 5 74 0
4815 3 3194 0
4816 8 2863 0
4817 3 281 0
4818 5 741 0
4819 3 4583 0
4820 7 4968 0
4821 4 4942 0
4822 6 1577 0
4823 8 1995 0
4824 6 4874 0
4825 9 286 0
4826 3 1641 0
4827 2 4512 0
4828 3 1741 0
4829 7 959 0
4830 5 1440 0
4831 6 2783 0
4832 5 1482 0
4833 7 3317 0
4834 9 1898 0
4835 6 0 0
4836 4 2111 0
4837 5 3079 0
4838 8 2464 0
4839 5 4581 0
4840 3 3823 0
4841 3 4097 0
4842 9 4866 0
4843 8 2322 0
4844 5 3631 0
4845 5 485 0
4846 5 840 0
4847 4 3507 0
4848 9 2879 0
4849 2 3858 0
4850 6 2075 0
4851 7 2006 0
4852 9 4811 0
4853 3 4841 0
4854 5 2929 0
4855 6 2164 0
4856 6 1384 0
4857 3 4214 0
4858 5 4475 0
4859 5 511 0
4860 5 4800 0
4861 8 1104 0
4862 8 2030 0
4863 9 1618 0
4864 9 359 0
4865 7 3361 0
4866 3 4937 0
4867 6 4383 0
4868 3 838 0
4869 9 1389 0
4870 6 4194 0
4871 6 4949 0
4872 5 395 0
4873 4 4212 0
4874 5 696 0
4875 8 758 0
4876 5 2067 0
4877 7 1672 0
4878 9 1716 0
4879 4 3215 0
4880 4 1394 0
4881 5 3102 0
4882 4 4726 0
4883 5 1311 0
4884 4 3218 0
4885 6 2445 0
4886 5 2149 0
4887 8 3399 0
4888 9 1295 0
4889 3 1546 0
4890 10 4175 0
4891 4 2059 0
4892 3 1039 0
4893 6 82 0
4894 6 1750 0
4895 3 3437 0
4896 7 3986 0
4897 0 1325 0
4898 6 253 0
4899 7 2412 0
4900 4 4446 0
4901 5 4394 0
4902 5 4876 0
4903 7 2731 0
4904 3 4445 0
4905 9 293 0
4906 3 1740 0
4907 5 4331 0
4908 6 1182 0
4909 6 1227 0
4910 5 1892 0
4911 7 3499 0
4912 4 2403 0
4913 3 4224 0
4914 8 1233 0
4915 5 4122 0
4916 6 2344 0
4917 8 1272 0
4918 3 1951 0
4919 5 1232 0
4920 8 4011 0
4921 5 1677 0
4922 9 3039 0
4923 2 4571 0
4924 4 4066 0
4925 7 3212 0
4926 6 2151 0
4927 7 1988 0
4928 11 1940 0
4929 6 4110 0
4930 6 3428 0
4931 4 993 0
4932 3 4874 0
4933 4 690 0
4934 9 1757 0
4935 4 2473 0
4936 6 1653 0
4937 7 4689 0
4938 5 3394 0
4939 6 3624 0
4940 7 3174 0
4941 5 4571 0
4942 7 4432 0
4943 6 1143 0
4944 6 4195 0
4945 7 1102 0
4946 6 2685 0
4947 5 1864 0
4948 3 3225 0
4949 5 426 0
4950 6 488 0
4951 6 1830 0
4952 6 2346 0
4953 7 2169 0
4954 2 2661 0
4955 5 2213 0
4956 2 318 0
4957 4 755 0
4958 2 2936 0
4959 6 74 0
4960 5 2994 0
4961 6 3192 0
4962 8 2428 0
4963 1 3913 0
4964 8 628 0
4965 6 2610 0
4966 10 4038 0
4967 6 4995 0
4968 6 160 0
4969 3 2838 0
4970 7 515 0
4971 5 643 0
4972 4 3897 0
4973 9 4877 0
4974 5 3310 0
4975 5 296 0
4976 8 370 0
4977 7 4847 0
4978 4 729 0
4979 5 3130 0
4980 6 940 0
4981 5 3201 0
4982 7 969 0
4983 5 3111 0
4984 3 4701 0
4985 5 1820 0
4986 3 716 0
4987 5 2537 0
4988 6 781 0
4989 6 1481 0
4990 9 4962 0
4991 4 3067 0
4992 7 2850 0
4993 0 3646 0
4994 5 2117 0
4995 8 552 0
4996 6 3876 0
4997 3 4901 0
4998 6 121 0
4999 6 2011 0
5000 5 657 0
