1 2 389 0
2 4 3379 0
3 5 2979 0
4 4 332 0
5 9 3086 0
6 4 2982 0
7 8 4525 0
8 6 915 0
9 0 4374 0
10 7 3156 0
11 3 4685 0
12 6 888 0
13 3 828 0
14 3 1728 0
15 7 4574 0
16 9 421 0
17 3 625 0
18 2 1568 0
19 5 3046 0
20 5 3391 0
21 6 1030 0
22 6 4805 0
23 4 1758 0
24 7 126 0
25 3 4917 0
26 5 617 0
27 1 47 0
28 7 982 0
29 6 88 0
30 6 2876 0
31 0 477 0
32 6 3128 0
33 8 354 0
34 6 4545 0
35 4 1360 0
36 7 4835 0
37 6 2285 0
38 2 2088 0
39 3 1066 0
40 3 2537 0
41 5 2816 0
42 6 1222 0
43 4 4157 0
44 6 1261 0
45 5 4718 0
46 4 2542 0
47 10 3541 0
48 5 1773 0
49 12 4961 0
50 9 4631 0
51 5 824 0
52 7 117 0
53 5 1940 0
54 4 217 0
55 2 61 0
56 4 1408 0
57 6 2576 0
58 5 4841 0
59 11 771 0
60 7 4012 0
61 5 372 0
62 6 1628 0
63 6 3530 0
64 5 2280 0
65 4 4492 0
66 4 4441 0
67 6 815 0
68 4 618 0
69 5 351 0
70 2 4867 0
71 9 3464 0
72 2 3178 0
73 3 1779 0
74 8 2491 0
75 7 1608 0
76 5 1765 0
77 6 2453 0
78 8 4320 0
79 4 4497 0
80 5 3390 0
81 4 2008 0
82 4 1721 0
83 4 3087 0
84 2 1255 0
85 6 4676 0
86 5 3848 0
87 1 767 0
88 4 1595 0
89 6 3528 0
90 5 830 0
91 7 320 0
92 7 3285 0
93 2 4851 0
94 3 4378 0
95 5 4014 0
96 8 399 0
97 7 2300 0
98 3 1794 0
99 8 3462 0
100 4 4479 0
101 6 2311 0
102 8 2556 0
103 4 1853 0
104 9 1857 0
105 7 1320 0
106 5 2090 0
107 12 3033 0
108 5 671 0
109 4 2078 0
110 3 965 0
111 6 1489 0
112 10 1242 0
113 8 2536 0
114 6 539 0
115 7 2092 0
116 6 802 0
117 6 1315 0
118 7 3791 0
119 4 820 0
120 5 3959 0
121 5 4213 0
122 10 4469 0
123 3 4217 0
124 7 4470 0
125 7 746 0
126 6 4092 0
127 5 2929 0
128 5 4921 0
129 7 4030 0
130 1 1947 0
131 6 335 0
132 7 1830 0
133 5 3571 0
134 7 3860 0
135 3 3263 0
136 5 3726 0
137 9 926 0
138 6 2598 0
139 3 735 0
140 7 4963 0
141 6 4268 0
142 3 344 0
143 6 4872 0
144 4 2119 0
145 8 4489 0
146 9 2656 0
147 8 1681 0
148 5 3513 0
149 6 3822 0
150 0 3073 0
151 5 4658 0
152 3 2004 0
153 2 2278 0
154 4 1679 0
155 7 983 0
156 5 466 0
157 6 200 0
158 4 4728 0
159 7 2250 0
160 4 4168 0
161 6 2347 0
162 4 656 0
163 6 2748 0
164 7 3882 0
165 1 2699 0
166 6 3010 0
167 7 285 0
168 7 1020 0
169 7 4517 0
170 5 2738 0
171 4 1459 0
172 6 3964 0
173 3 1379 0
174 5 2488 0
175 6 2854 0
176 6 631 0
177 6 235 0
178 5 3048 0
179 7 2681 0
180 2 2215 0
181 4 2865 0
182 7 3443 0
183 7 2401 0
184 4 431 0
185 9 388 0
186 3 2747 0
187 8 358 0
188 5 4119 0
189 4 1613 0
190 9 2585 0
191 5 1491 0
192 5 1588 0
193 4 3987 0
194 6 4671 0
195 6 144 0
196 6 2009 0
197 6 4795 0
198 7 3483 0
199 7 4494 0
200 5 4341 0
201 7 3221 0
202 6 1309 0
203 3 2927 0
204 6 1869 0
205 6 2163 0
206 11 4228 0
207 5 3538 0
208 8 34 0
209 4 1259 0
210 3 3889 0
211 6 3233 0
212 7 1487 0
213 7 1730 0
214 3 4405 0
215 2 4911 0
216 2 201 0
217 4 3458 0
218 4 1722 0
219 10 3256 0
220 8 159 0
221 3 3403 0
222 6 4103 0
223 3 3397 0
224 3 1203 0
225 6 1749 0
226 4 333 0
227 5 2444 0
228 10 4661 0
229 2 2436 0
230 5 2433 0
231 8 656 0
232 9 2529 0
233 4 4218 0
234 7 4070 0
235 4 436 0
236 2 669 0
237 10 253 0
238 6 2612 0
239 5 354 0
240 4 328 0
241 5 1730 0
242 5 1358 0
243 8 243 0
244 8 1506 0
245 6 236 0
246 8 2004 0
247 6 4143 0
248 5 3074 0
249 7 3927 0
250 5 3815 0
251 5 1233 0
252 2 1413 0
253 5 2047 0
254 5 2888 0
255 7 2124 0
256 3 1345 0
257 8 835 0
258 6 2471 0
259 6 2628 0
260 6 3433 0
261 6 1646 0
262 6 3356 0
263 4 803 0
264 6 4503 0
265 5 910 0
266 8 3538 0
267 3 3616 0
268 5 3696 0
269 4 2287 0
270 6 3448 0
271 5 1280 0
272 5 3972 0
273 3 1979 0
274 3 3731 0
275 6 2091 0
276 8 1232 0
277 5 1864 0
278 6 38 0
279 3 3684 0
280 6 618 0
281 5 98 0
282 7 353 0
283 1 326 0
284 5 4572 0
285 8 798 0
286 5 197 0
287 2 1567 0
288 8 3842 0
289 6 1345 0
290 5 1540 0
291 5 4776 0
292 2 2599 0
293 7 3269 0
294 5 3162 0
295 11 3446 0
296 7 3018 0
297 5 4214 0
298 3 4532 0
299 8 331 0
300 5 453 0
301 4 4844 0
302 7 3403 0
303 5 1358 0
304 5 1593 0
305 3 1955 0
306 7 1719 0
307 11 412 0
308 7 4982 0
309 6 4012 0
310 5 4023 0
311 5 3858 0
312 4 2230 0
313 6 787 0
314 5 208 0
315 9 4889 0
316 5 624 0
317 5 4539 0
318 9 1648 0
319 6 1661 0
320 12 1421 0
321 8 938 0
322 6 2791 0
323 8 2948 0
324 3 2994 0
325 7 1622 0
326 1 1320 0
327 4 1685 0
328 7 3658 0
329 5 2065 0
330 5 2141 0
331 4 3566 0
332 5 4454 0
333 7 4330 0
334 5 1468 0
335 3 882 0
336 7 2915 0
337 2 2766 0
338 1 4042 0
339 5 633 0
340 7 923 0
341 4 4184 0
342 7 2308 0
343 7 3308 0
344 4 2701 0
345 8 693 0
346 6 2969 0
347 6 4569 0
348 4 316 0
349 4 2216 0
350 4 3472 0
351 7 556 0
352 6 3602 0
353 3 4991 0
354 8 2030 0
355 7 3307 0
356 2 4800 0
357 6 1279 0
358 6 1417 0
359 4 1399 0
360 4 3347 0
361 3 3699 0
362 3 853 0
363 8 2535 0
364 6 2572 0
365 8 2594 0
366 3 1487 0
367 6 2182 0
368 5 3327 0
369 7 2152 0
370 2 2744 0
371 0 4810 0
372 4 4688 0
373 7 3838 0
374 3 3346 0
375 5 3597 0
376 6 4744 0
377 3 2037 0
378 3 4667 0
379 4 191 0
380 4 2806 0
381 6 830 0
382 6 1523 0
383 8 12 0
384 6 1443 0
385 6 270 0
386 3 1804 0
387 1 911 0
388 5 4615 0
389 6 3683 0
390 5 2276 0
391 0 74 0
392 6 3558 0
393 7 1784 0
394 6 3810 0
395 8 2006 0
396 4 417 0
397 7 2173 0
398 7 809 0
399 4 2679 0
400 6 2505 0
401 7 233 0
402 9 4745 0
403 5 527 0
404 6 1149 0
405 5 4552 0
406 2 2000 0
407 2 2676 0
408 7 920 0
409 3 2533 0
410 3 567 0
411 4 1897 0
412 4 4764 0
413 11 4962 0
414 6 4765 0
415 7 3759 0
416 5 4287 0
417 3 823 0
418 6 2823 0
419 6 2205 0
420 9 3365 0
421 7 4619 0
422 4 3428 0
423 4 361 0
424 3 2007 0
425 4 3937 0
426 6 1049 0
427 7 3451 0
428 8 1766 0
429 5 4643 0
430 5 4257 0
431 7 3295 0
432 5 2058 0
433 6 3163 0
434 6 786 0
435 6 2209 0
436 3 1245 0
437 5 1838 0
438 7 325 0
439 7 3799 0
440 4 3555 0
441 3 4535 0
442 9 1451 0
443 6 4725 0
444 5 3406 0
445 4 912 0
446 5 302 0
447 0 1379 0
448 2 321 0
449 10 2058 0
450 7 1755 0
451 6 4772 0
452 6 4778 0
453 4 866 0
454 5 416 0
455 10 3633 0
456 7 1193 0
457 5 94 0
458 7 1703 0
459 6 226 0
460 5 3076 0
461 6 2890 0
462 6 1839 0
463 2 1239 0
464 5 2763 0
465 7 1699 0
466 7 1694 0
467 2 4121 0
468 2 1209 0
469 5 3933 0
470 7 3305 0
471 6 1274 0
472 5 214 0
473 4 4323 0
474 7 3015 0
475 4 159 0
476 6 2828 0
477 9 503 0
478 7 92 0
479 7 817 0
480 7 320 0
481 5 2610 0
482 5 2506 0
483 5 3153 0
484 7 996 0
485 5 1928 0
486 8 2471 0
487 5 4176 0
488 4 1510 0
489 5 4874 0
490 7 1373 0
491 4 4030 0
492 6 3889 0
493 6 605 0
494 1 4107 0
495 0 3830 0
496 5 4898 0
497 3 102 0
498 3 4999 0
499 5 2194 0
500 4 2223 0
501 4 2422 0
502 8 1393 0
503 3 3803 0
504 5 4804 0
505 6 2244 0
506 5 4286 0
507 3 3557 0
508 4 3137 0
509 5 2535 0
510 8 4194 0
511 10 4114 0
512 7 4898 0
513 4 2099 0
514 4 1633 0
515 5 1817 0
516 4 3060 0
517 8 1657 0
518 7 4551 0
519 7 1631 0
520 6 3835 0
521 7 2396 0
522 9 2725 0
523 7 1631 0
524 6 219 0
525 5 1056 0
526 6 2838 0
527 6 628 0
528 8 2823 0
529 6 2731 0
530 6 2058 0
531 5 218 0
532 8 1637 0
533 7 2639 0
534 6 2345 0
535 9 4825 0
536 5 1662 0
537 4 2309 0
538 5 4342 0
539 4 509 0
540 4 3239 0
541 6 4023 0
542 7 1567 0
543 5 2187 0
544 5 4557 0
545 9 2214 0
546 5 4098 0
547 4 3799 0
548 5 1227 0
549 7 4222 0
550 7 3328 0
551 6 2999 0
552 4 4022 0
553 7 3228 0
554 5 544 0
555 4 1560 0
556 4 3974 0
557 5 3052 0
558 8 2312 0
559 5 1710 0
560 5 946 0
561 6 3207 0
562 7 1152 0
563 7 270 0
564 4 3625 0
565 5 3876 0
566 4 357 0
567 9 2068 0
568 3 3637 0
569 6 273 0
570 6 665 0
571 3 1903 0
572 5 3086 0
573 6 1292 0
574 5 530 0
575 6 3434 0
576 3 4386 0
577 5 168 0
578 5 3137 0
579 7 1767 0
580 5 3868 0
581 4 2791 0
582 10 4721 0
583 4 638 0
584 7 3585 0
585 7 941 0
586 6 1068 0
587 8 2773 0
588 5 833 0
589 7 2145 0
590 5 3585 0
591 3 3154 0
592 9 4601 0
593 7 4119 0
594 1 2163 0
595 3 681 0
596 9 2219 0
597 3 3335 0
598 6 1326 0
599 3 1029 0
600 8 4460 0
601 9 536 0
602 6 4541 0
603 7 4739 0
604 7 1341 0
605 4 3259 0
606 8 3281 0
607 7 1530 0
608 5 1146 0
609 8 4692 0
610 4 3675 0
611 5 224 0
612 8 2754 0
613 5 766 0
614 6 405 0
615 4 3653 0
616 5 2525 0
617 5 4701 0
618 7 3219 0
619 7 3904 0
620 6 1673 0
621 3 4478 0
622 6 425 0
623 5 701 0
624 8 2535 0
625 3 1860 0
626 3 3784 0
627 5 2991 0
628 7 605 0
629 4 1214 0
630 6 3355 0
631 3 2495 0
632 1 4864 0
633 7 626 0
634 6 3520 0
635 5 2966 0
636 6 4260 0
637 4 1458 0
638 6 262 0
639 3 1087 0
640 6 1068 0
641 7 4493 0
642 10 3514 0
643 5 3469 0
644 6 4388 0
645 4 3641 0
646 7 906 0
647 8 3508 0
648 5 507 0
649 4 2045 0
650 9 3002 0
651 6 2267 0
652 4 2070 0
653 5 759 0
654 2 2198 0
655 3 831 0
656 4 1531 0
657 5 1786 0
658 8 4605 0
659 2 82 0
660 8 4977 0
661 5 735 0
662 11 1301 0
663 9 969 0
664 4 2037 0
665 1 2707 0
666 8 3180 0
667 4 1654 0
668 6 2744 0
669 2 4754 0
670 3 2015 0
671 7 3986 0
672 4 1128 0
673 4 4650 0
674 4 1621 0
675 3 2443 0
676 4 4958 0
677 2 4433 0
678 5 2832 0
679 6 1154 0
680 4 3220 0
681 4 1853 0
682 9 2813 0
683 5 1222 0
684 8 2955 0
685 3 1068 0
686 8 4519 0
687 6 380 0
688 7 3547 0
689 5 3433 0
690 5 2677 0
691 5 3626 0
692 6 3831 0
693 6 1022 0
694 6 1871 0
695 3 826 0
696 3 4409 0
697 7 4911 0
698 3 3175 0
699 5 4775 0
700 4 4519 0
701 6 1417 0
702 5 936 0
703 4 3467 0
704 7 903 0
705 5 1388 0
706 1 611 0
707 7 3925 0
708 9 3957 0
709 7 3410 0
710 7 2364 0
711 6 205 0
712 6 3984 0
713 8 175 0
714 2 3763 0
715 7 4830 0
716 7 4098 0
717 7 4532 0
718 3 1294 0
719 5 185 0
720 5 3718 0
721 7 1199 0
722 7 3714 0
723 7 554 0
724 9 3382 0
725 4 1925 0
726 8 1657 0
727 6 4918 0
728 3 1886 0
729 7 1344 0
730 5 3343 0
731 7 4164 0
732 8 2976 0
733 5 2084 0
734 8 1748 0
735 8 4608 0
736 6 3990 0
737 3 4645 0
738 6 1655 0
739 7 4402 0
740 3 3061 0
741 6 4201 0
742 4 2971 0
743 6 3777 0
744 3 4521 0
745 6 3267 0
746 3 2979 0
747 5 3879 0
748 4 2155 0
749 5 822 0
750 3 472 0
751 1 4626 0
752 5 4272 0
753 4 4588 0
754 4 4936 0
755 3 2766 0
756 3 2962 0
757 10 904 0
758 4 3409 0
759 3 1221 0
760 5 1990 0
761 5 1515 0
762 10 3176 0
763 7 3638 0
764 5 1580 0
765 4 1765 0
766 4 4307 0
767 6 222 0
768 5 3751 0
769 4 2893 0
770 6 2014 0
771 8 2838 0
772 3 2864 0
773 1 4655 0
774 9 3345 0
775 3 388 0
776 4 2138 0
777 7 2522 0
778 7 3802 0
779 7 3853 0
780 7 999 0
781 4 3281 0
782 6 1712 0
783 8 4845 0
784 3 3671 0
785 9 2689 0
786 0 863 0
787 2 4342 0
788 5 4496 0
789 7 4330 0
790 4 2159 0
791 5 719 0
792 7 641 0
793 4 319 0
794 7 12 0
795 1 876 0
796 4 426 0
797 3 2267 0
798 9 4347 0
799 4 4840 0
800 8 4921 0
801 3 1240 0
802 7 4692 0
803 5 420 0
804 4 1251 0
805 7 2422 0
806 7 1961 0
807 5 3175 0
808 5 2672 0
809 8 2159 0
810 6 2866 0
811 5 2132 0
812 7 708 0
813 6 4851 0
814 4 2048 0
815 6 2330 0
816 6 1856 0
817 4 4765 0
818 10 535 0
819 11 1625 0
820 1 2831 0
821 3 2702 0
822 7 3179 0
823 9 3555 0
824 5 2037 0
825 4 2869 0
826 5 55 0
827 6 4768 0
828 7 2244 0
829 4 4683 0
830 6 1540 0
831 5 4048 0
832 11 2720 0
833 5 1776 0
834 4 4215 0
835 8 3180 0
836 5 3065 0
837 4 1149 0
838 5 4633 0
839 5 1781 0
840 1 931 0
841 3 4330 0
842 6 2657 0
843 5 1434 0
844 4 2016 0
845 4 1932 0
846 6 3620 0
847 6 4523 0
848 6 2944 0
849 5 4933 0
850 4 2709 0
851 5 2530 0
852 5 3007 0
853 6 110 0
854 8 1761 0
855 9 3947 0
856 4 3728 0
857 6 4227 0
858 5 4695 0
859 6 2916 0
860 6 559 0
861 1 4203 0
862 5 1286 0
863 5 3814 0
864 7 2888 0
865 6 2310 0
866 6 377 0
867 8 4683 0
868 3 3741 0
869 6 2308 0
870 4 2412 0
871 1 468 0
872 6 1385 0
873 4 1630 0
874 5 1881 0
875 8 434 0
876 6 2587 0
877 6 3348 0
878 5 1233 0
879 5 3184 0
880 6 3897 0
881 3 2142 0
882 4 4230 0
883 6 2312 0
884 6 2699 0
885 6 3956 0
886 4 4523 0
887 5 3364 0
888 5 4851 0
889 5 1811 0
890 8 7 0
891 5 4806 0
892 7 3688 0
893 4 676 0
894 6 4305 0
895 7 3747 0
896 7 889 0
897 6 2620 0
898 5 2828 0
899 4 4095 0
900 9 3399 0
901 8 3974 0
902 9 577 0
903 6 4046 0
904 0 658 0
905 7 4358 0
906 8 4713 0
907 7 1024 0
908 4 4321 0
909 4 4563 0
910 3 2129 0
911 7 176 0
912 5 3606 0
913 6 2048 0
914 4 3110 0
915 3 2634 0
916 5 1154 0
917 6 2323 0
918 8 3420 0
919 6 1927 0
920 6 120 0
921 9 2463 0
922 7 2391 0
923 9 1108 0
924 2 542 0
925 3 1464 0
926 3 4093 0
927 7 3057 0
928 5 2366 0
929 7 1292 0
930 7 4532 0
931 5 3992 0
932 6 3690 0
933 6 247 0
934 5 4029 0
935 7 2258 0
936 8 926 0
937 5 1811 0
938 4 1351 0
939 4 4518 0
940 9 4032 0
941 2 4155 0
942 4 4560 0
943 4 828 0
944 3 1396 0
945 5 2409 0
946 6 4560 0
947 3 4146 0
948 8 4504 0
949 7 598 0
950 7 4114 0
951 7 2441 0
952 5 4811 0
953 6 3818 0
954 6 1745 0
955 5 3244 0
956 4 3259 0
957 9 2353 0
958 4 4484 0
959 1 4196 0
960 6 692 0
961 6 601 0
962 6 3306 0
963 7 770 0
964 4 4379 0
965 4 2341 0
966 5 2009 0
967 6 3291 0
968 3 2569 0
969 5 4493 0
970 4 2658 0
971 6 3114 0
972 5 3647 0
973 8 2174 0
974 4 2303 0
975 6 3412 0
976 7 1916 0
977 6 3811 0
978 6 2908 0
979 4 2000 0
980 3 240 0
981 6 3705 0
982 5 2350 0
983 7 4168 0
984 5 4406 0
985 10 60 0
986 4 4012 0
987 4 1782 0
988 8 2286 0
989 4 3569 0
990 5 3008 0
991 5 186 0
992 10 1943 0
993 6 1846 0
994 3 2761 0
995 5 1644 0
996 1 1546 0
997 6 4534 0
998 5 2420 0
999 5 258 0
1000 9 3843 0
1001 9 1411 0
1002 7 17 0
1003 6 135 0
1004 5 214 0
1005 6 1001 0
1006 5 432 0
1007 9 1562 0
1008 9 4696 0
1009 10 1298 0
1010 4 1143 0
1011 7 1094 0
1012 3 2254 0
1013 7 1257 0
1014 10 3208 0
1015 5 4956 0
1016 4 4364 0
1017 0 552 0
1018 7 1006 0
1019 5 2543 0
1020 9 941 0
1021 6 4394 0
1022 6 2606 0
1023 7 3506 0
1024 7 4242 0
1025 3 4486 0
1026 3 3860 0
1027 6 3316 0
1028 3 3685 0
1029 4 1838 0
1030 3 1737 0
1031 7 263 0
1032 4 4875 0
1033 9 2096 0
1034 3 3348 0
1035 7 3496 0
1036 6 49 0
1037 7 4688 0
1038 2 2868 0
1039 6 918 0
1040 4 3531 0
1041 5 1647 0
1042 8 2855 0
1043 10 1140 0
1044 8 4782 0
1045 4 3222 0
1046 4 1222 0
1047 9 4488 0
1048 5 823 0
1049 3 4557 0
1050 7 4775 0
1051 8 1277 0
1052 5 3564 0
1053 5 4847 0
1054 8 3260 0
1055 3 1138 0
1056 4 1520 0
1057 8 2005 0
1058 4 3732 0
1059 7 3537 0
1060 8 2954 0
1061 8 2582 0
1062 8 2668 0
1063 7 3036 0
1064 2 850 0
1065 6 4019 0
1066 2 4085 0
1067 8 4894 0
1068 8 3927 0
1069 4 4957 0
1070 5 760 0
1071 4 4535 0
1072 7 1507 0
1073 4 681 0
1074 4 4718 0
1075 7 4977 0
1076 5 2514 0
1077 5 3736 0
1078 6 1894 0
1079 4 1617 0
1080 3 2386 0
1081 7 4432 0
1082 5 2847 0
1083 4 1293 0
1084 6 9 0
1085 9 32 0
1086 8 2373 0
1087 6 1458 0
1088 6 1887 0
1089 9 3391 0
1090 4 2172 0
1091 6 3361 0
1092 2 4843 0
1093 5 4029 0
1094 6 473 0
1095 6 3092 0
1096 7 574 0
1097 6 4986 0
1098 8 4122 0
1099 10 473 0
1100 11 2957 0
1101 4 4776 0
1102 9 1185 0
1103 6 4733 0
1104 4 335 0
1105 5 982 0
1106 8 930 0
1107 3 4555 0
1108 7 2157 0
1109 6 4772 0
1110 6 1955 0
1111 7 894 0
1112 6 166 0
1113 5 4161 0
1114 7 4812 0
1115 9 3823 0
1116 6 3702 0
1117 7 3419 0
1118 3 3441 0
1119 6 3970 0
1120 5 3552 0
1121 5 2502 0
1122 6 4408 0
1123 7 2809 0
1124 5 1812 0
1125 7 3781 0
1126 3 3895 0
1127 5 4856 0
1128 3 4608 0
1129 4 865 0
1130 6 1233 0
1131 7 2294 0
1132 6 4525 0
1133 6 1134 0
1134 8 1019 0
1135 5 3230 0
1136 6 350 0
1137 5 760 0
1138 4 3325 0
1139 6 4703 0
1140 7 4028 0
1141 7 4675 0
1142 5 3272 0
1143 3 2627 0
1144 3 1665 0
1145 6 3991 0
1146 4 4866 0
1147 7 1283 0
1148 5 4223 0
1149 2 306 0
1150 8 2415 0
1151 7 4355 0
1152 9 1116 0
1153 5 3860 0
1154 2 1468 0
1155 4 1250 0
1156 4 3232 0
1157 8 933 0
1158 4 3879 0
1159 7 4256 0
1160 4 4353 0
1161 6 3112 0
1162 5 4715 0
1163 3 3024 0
1164 4 4105 0
1165 9 314 0
1166 7 1469 0
1167 6 862 0
1168 3 527 0
1169 9 1582 0
1170 6 3257 0
1171 4 3455 0
1172 6 1641 0
1173 8 1746 0
1174 3 2203 0
1175 7 784 0
1176 6 3212 0
1177 6 4912 0
1178 4 4850 0
1179 5 2677 0
1180 5 2048 0
1181 7 2666 0
1182 6 2966 0
1183 4 3189 0
1184 7 1414 0
1185 3 4672 0
1186 1 731 0
1187 4 2818 0
1188 8 4419 0
1189 1 2094 0
1190 6 689 0
1191 5 4315 0
1192 4 1526 0
1193 5 3442 0
1194 5 1563 0
1195 6 3237 0
1196 6 1617 0
1197 4 3167 0
1198 5 232 0
1199 6 4484 0
1200 4 2322 0
1201 4 4161 0
1202 5 48 0
1203 5 606 0
1204 4 2190 0
1205 7 3686 0
1206 2 1814 0
1207 7 592 0
1208 4 881 0
1209 3 2734 0
1210 5 1683 0
1211 6 1002 0
1212 6 1324 0
1213 2 1782 0
1214 8 3138 0
1215 7 85 0
1216 3 1453 0
1217 7 3484 0
1218 2 4284 0
1219 8 3793 0
1220 3 197 0
1221 3 2829 0
1222 11 1244 0
1223 9 2879 0
1224 7 4801 0
1225 7 2563 0
1226 5 496 0
1227 5 4380 0
1228 4 2524 0
1229 6 4671 0
1230 4 1684 0
1231 6 4106 0
1232 5 2238 0
1233 6 3862 0
1234 5 3538 0
1235 5 1304 0
1236 8 4473 0
1237 6 3747 0
1238 4 951 0
1239 8 4801 0
1240 2 4064 0
1241 8 2832 0
1242 5 4742 0
1243 4 3881 0
1244 3 2008 0
1245 9 3352 0
1246 4 4881 0
1247 7 3002 0
1248 6 2153 0
1249 4 2190 0
1250 4 3951 0
1251 4 171 0
1252 7 1532 0
1253 7 1242 0
1254 6 3550 0
1255 4 765 0
1256 8 1315 0
1257 1 3195 0
1258 7 2022 0
1259 5 2131 0
1260 8 4157 0
1261 7 3187 0
1262 10 3140 0
1263 9 1511 0
1264 4 2527 0
1265 8 3257 0
1266 4 4677 0
1267 7 65 0
1268 4 2708 0
1269 4 4169 0
1270 5 3533 0
1271 5 243 0
1272 6 2496 0
1273 5 3535 0
1274 4 4162 0
1275 1 3811 0
1276 4 3720 0
1277 7 3619 0
1278 8 1406 0
1279 5 3286 0
1280 7 3432 0
1281 8 1591 0
1282 3 2919 0
1283 9 2157 0
1284 4 423 0
1285 10 4534 0
1286 3 4046 0
1287 7 4973 0
1288 2 3861 0
1289 6 2854 0
1290 7 1882 0
1291 3 2162 0
1292 5 3418 0
1293 7 3199 0
1294 7 791 0
1295 8 2592 0
1296 7 883 0
1297 8 3717 0
1298 6 2999 0
1299 3 4354 0
1300 4 4643 0
1301 8 4463 0
1302 9 1636 0
1303 4 3880 0
1304 4 4345 0
1305 4 1590 0
1306 7 3390 0
1307 10 597 0
1308 7 1972 0
1309 4 4878 0
1310 7 4879 0
1311 7 1709 0
1312 8 4751 0
1313 4 2587 0
1314 2 349 0
1315 9 1998 0
1316 5 2935 0
1317 7 976 0
1318 3 2219 0
1319 4 3718 0
1320 7 2957 0
1321 7 1564 0
1322 7 1640 0
1323 7 3780 0
1324 7 1492 0
1325 5 3129 0
1326 9 1235 0
1327 1 2749 0
1328 6 358 0
1329 6 2334 0
1330 8 72 0
1331 8 894 0
1332 5 516 0
1333 4 2243 0
1334 8 4216 0
1335 7 4488 0
1336 6 2427 0
1337 9 1435 0
1338 3 1482 0
1339 4 4021 0
1340 5 135 0
1341 6 3249 0
1342 7 846 0
1343 7 3173 0
1344 5 4171 0
1345 4 3052 0
1346 3 4290 0
1347 5 3855 0
1348 5 3501 0
1349 6 687 0
1350 4 116 0
1351 6 3045 0
1352 7 2811 0
1353 4 216 0
1354 5 4979 0
1355 7 1185 0
1356 4 4737 0
1357 6 2571 0
1358 7 2845 0
1359 5 1742 0
1360 4 301 0
1361 6 3249 0
1362 6 2392 0
1363 3 4353 0
1364 1 4633 0
1365 3 1715 0
1366 10 188 0
1367 6 36 0
1368 4 197 0
1369 5 3508 0
1370 6 1841 0
1371 4 3399 0
1372 5 4705 0
1373 5 2931 0
1374 6 2328 0
1375 5 795 0
1376 4 114 0
1377 4 1817 0
1378 7 4214 0
1379 1 4607 0
1380 3 4721 0
1381 8 1551 0
1382 3 1603 0
1383 5 3523 0
1384 7 2211 0
1385 5 141 0
1386 6 3615 0
1387 3 260 0
1388 4 1329 0
1389 6 4112 0
1390 9 32 0
1391 7 4697 0
1392 9 1147 0
1393 4 2435 0
1394 3 939 0
1395 5 2264 0
1396 2 3436 0
1397 7 3780 0
1398 8 2267 0
1399 6 572 0
1400 8 3975 0
1401 8 4893 0
1402 6 4661 0
1403 7 4401 0
1404 5 3198 0
1405 7 703 0
1406 5 167 0
1407 3 4546 0
1408 3 3652 0
1409 4 4088 0
1410 3 4638 0
1411 7 4153 0
1412 2 4821 0
1413 7 1493 0
1414 4 321 0
1415 5 3927 0
1416 4 4604 0
1417 7 4469 0
1418 4 1934 0
1419 5 3546 0
1420 8 728 0
1421 7 3286 0
1422 7 2126 0
1423 1 3098 0
1424 3 502 0
1425 4 1099 0
1426 5 264 0
1427 3 3395 0
1428 5 4215 0
1429 6 1858 0
1430 6 2804 0
1431 11 2038 0
1432 7 1326 0
1433 3 815 0
1434 8 3132 0
1435 1 3492 0
1436 5 4862 0
1437 7 2919 0
1438 5 515 0
1439 8 663 0
1440 1 2857 0
1441 7 4216 0
1442 6 738 0
1443 1 3523 0
1444 5 3015 0
1445 5 2725 0
1446 8 1640 0
1447 6 3099 0
1448 4 2583 0
1449 3 4266 0
1450 6 1224 0
1451 6 853 0
1452 7 3114 0
1453 5 4260 0
1454 1 3169 0
1455 8 1465 0
1456 8 2487 0
1457 8 1826 0
1458 8 1147 0
1459 7 2427 0
1460 5 1529 0
1461 5 2068 0
1462 2 2944 0
1463 8 3779 0
1464 5 3310 0
1465 6 4058 0
1466 5 1307 0
1467 4 3503 0
1468 6 346 0
1469 5 2281 0
1470 7 2182 0
1471 5 2953 0
1472 8 1480 0
1473 4 3213 0
1474 7 704 0
1475 3 3845 0
1476 5 4123 0
1477 1 1493 0
1478 2 4413 0
1479 5 400 0
1480 6 1374 0
1481 5 4212 0
1482 7 1711 0
1483 2 358 0
1484 5 4685 0
1485 7 66 0
1486 3 4308 0
1487 2 2807 0
1488 7 2944 0
1489 9 3628 0
1490 6 1375 0
1491 7 881 0
1492 5 2069 0
1493 9 1347 0
1494 6 4093 0
1495 9 3016 0
1496 3 4766 0
1497 0 2626 0
1498 4 1213 0
1499 5 2079 0
1500 3 363 0
1501 8 558 0
1502 4 3411 0
1503 4 3522 0
1504 8 4342 0
1505 2 2137 0
1506 4 4944 0
1507 2 1737 0
1508 3 1012 0
1509 8 1995 0
1510 4 2841 0
1511 7 2999 0
1512 6 357 0
1513 3 2153 0
1514 3 212 0
1515 6 4986 0
1516 6 3580 0
1517 3 255 0
1518 5 4474 0
1519 5 2503 0
1520 5 3881 0
1521 8 744 0
1522 6 4083 0
1523 7 4862 0
1524 7 649 0
1525 10 1038 0
1526 5 3556 0
1527 6 33 0
1528 7 90 0
1529 8 157 0
1530 5 1899 0
1531 4 1940 0
1532 6 1604 0
1533 5 3467 0
1534 4 1730 0
1535 4 3578 0
1536 4 2660 0
1537 8 3771 0
1538 5 3 0
1539 5 4654 0
1540 6 2802 0
1541 1 3974 0
1542 7 1377 0
1543 7 869 0
1544 6 974 0
1545 7 2463 0
1546 6 4263 0
1547 7 2621 0
1548 3 1762 0
1549 3 1370 0
1550 5 204 0
1551 3 816 0
1552 6 1873 0
1553 8 2324 0
1554 8 4177 0
1555 6 4921 0
1556 5 4763 0
1557 7 567 0
1558 5 2448 0
1559 6 2726 0
1560 7 2002 0
1561 5 1391 0
1562 3 2066 0
1563 2 1883 0
1564 5 2514 0
1565 6 4167 0
1566 4 535 0
1567 5 2579 0
1568 0 3834 0
1569 7 1210 0
1570 4 4519 0
1571 7 4255 0
1572 7 1873 0
1573 5 4314 0
1574 5 200 0
1575 4 2298 0
1576 6 4138 0
1577 6 1558 0
1578 5 3394 0
1579 4 1121 0
1580 7 203 0
1581 8 848 0
1582 5 2829 0
1583 3 4098 0
1584 9 587 0
1585 3 996 0
1586 5 3378 0
1587 9 2276 0
1588 8 3790 0
1589 5 2305 0
1590 7 1862 0
1591 8 797 0
1592 7 3236 0
1593 5 2274 0
1594 7 3733 0
1595 11 3867 0
1596 3 1175 0
1597 10 1638 0
1598 2 2430 0
1599 6 4381 0
1600 9 4078 0
1601 11 4502 0
1602 4 2133 0
1603 7 265 0
1604 3 4994 0
1605 4 941 0
1606 4 2243 0
1607 7 518 0
1608 6 989 0
1609 3 3665 0
1610 5 2542 0
1611 1 0 0
1612 6 715 0
1613 6 4816 0
1614 8 3135 0
1615 6 40 0
1616 5 3786 0
1617 7 2020 0
1618 8 4091 0
1619 6 2163 0
1620 5 4574 0
1621 4 4328 0
1622 8 4447 0
1623 6 146 0
1624 6 1072 0
1625 5 281 0
1626 7 2244 0
1627 3 3800 0
1628 5 2935 0
1629 2 55 0
1630 5 4454 0
1631 6 2583 0
1632 4 2709 0
1633 6 3967 0
1634 9 758 0
1635 6 888 0
1636 5 7 0
1637 6 3890 0
1638 7 610 0
1639 10 2547 0
1640 5 1627 0
1641 6 1911 0
1642 3 3143 0
1643 9 927 0
1644 3 2027 0
1645 4 3183 0
1646 4 2764 0
1647 6 1422 0
1648 4 4463 0
1649 2 1588 0
1650 7 2235 0
1651 8 4213 0
1652 6 898 0
1653 7 1998 0
1654 4 608 0
1655 6 250 0
1656 5 526 0
1657 6 610 0
1658 6 827 0
1659 4 4291 0
1660 6 1465 0
1661 6 2149 0
1662 0 3194 0
1663 6 168 0
1664 6 3876 0
1665 7 3778 0
1666 4 2044 0
1667 4 1584 0
1668 5 2979 0
1669 1 4700 0
1670 1 2284 0
1671 6 170 0
1672 9 4084 0
1673 7 1649 0
1674 5 1764 0
1675 5 4923 0
1676 7 688 0
1677 5 3563 0
1678 7 1537 0
1679 9 3142 0
1680 6 4338 0
1681 6 4347 0
1682 4 1628 0
1683 3 127 0
1684 10 1189 0
1685 7 4785 0
1686 2 2395 0
1687 5 27 0
1688 7 1822 0
1689 6 3470 0
1690 8 1354 0
1691 10 1247 0
1692 4 4371 0
1693 6 1055 0
1694 6 3743 0
1695 6 1536 0
1696 4 51 0
1697 5 4159 0
1698 6 4790 0
1699 4 3799 0
1700 8 2979 0
1701 7 3008 0
1702 3 2575 0
1703 6 4450 0
1704 2 1306 0
1705 7 4391 0
1706 6 1356 0
1707 3 4568 0
1708 2 923 0
1709 6 18 0
1710 3 1796 0
1711 7 1166 0
1712 7 228 0
1713 5 4861 0
1714 2 1865 0
1715 7 2295 0
1716 5 821 0
1717 7 4177 0
1718 8 4404 0
1719 4 517 0
1720 3 4346 0
1721 0 840 0
1722 6 2348 0
1723 6 3121 0
1724 2 3914 0
1725 8 299 0
1726 6 1026 0
1727 8 1439 0
1728 6 4857 0
1729 2 4170 0
1730 6 2382 0
1731 9 2646 0
1732 5 72 0
1733 7 4198 0
1734 3 2969 0
1735 3 4164 0
1736 3 4943 0
1737 3 1988 0
1738 3 360 0
1739 6 3089 0
1740 4 291 0
1741 5 4467 0
1742 6 722 0
1743 9 3859 0
1744 4 3134 0
1745 4 3353 0
1746 7 4015 0
1747 5 2338 0
1748 6 4195 0
1749 6 1539 0
1750 7 192 0
1751 4 4216 0
1752 5 785 0
1753 6 2927 0
1754 6 2663 0
1755 5 2183 0
1756 5 141 0
1757 4 3316 0
1758 7 4730 0
1759 6 4547 0
1760 6 2564 0
1761 8 4436 0
1762 8 3811 0
1763 3 2713 0
1764 3 4141 0
1765 5 4694 0
1766 7 4976 0
1767 5 579 0
1768 7 1819 0
1769 3 4983 0
1770 5 3330 0
1771 6 1400 0
1772 3 4474 0
1773 7 2407 0
1774 11 221 0
1775 5 1172 0
1776 3 2358 0
1777 1 2580 0
1778 6 325 0
1779 4 638 0
1780 6 38 0
1781 4 4313 0
1782 5 1733 0
1783 3 1206 0
1784 2 2506 0
1785 0 3333 0
1786 4 2055 0
1787 6 3118 0
1788 2 1443 0
1789 4 2968 0
1790 6 4448 0
1791 5 1542 0
1792 6 4254 0
1793 3 2693 0
1794 6 3701 0
1795 7 2264 0
1796 4 4017 0
1797 4 823 0
1798 8 1546 0
1799 4 3256 0
1800 6 1252 0
1801 4 48 0
1802 7 3945 0
1803 5 103 0
1804 7 2845 0
1805 5 4025 0
1806 1 1003 0
1807 4 3087 0
1808 6 2561 0
1809 7 4494 0
1810 9 4807 0
1811 5 1398 0
1812 5 2326 0
1813 4 4878 0
1814 7 935 0
1815 6 2375 0
1816 6 3284 0
1817 5 2562 0
1818 5 45 0
1819 9 505 0
1820 8 4338 0
1821 7 3962 0
1822 4 3037 0
1823 8 3238 0
1824 6 2037 0
1825 5 4360 0
1826 2 1757 0
1827 7 4113 0
1828 10 4478 0
1829 6 1601 0
1830 8 424 0
1831 3 196 0
1832 4 1779 0
1833 8 3104 0
1834 7 4229 0
1835 7 1680 0
1836 4 4274 0
1837 5 4826 0
1838 4 1671 0
1839 2 3275 0
1840 7 1032 0
1841 6 4228 0
1842 4 2594 0
1843 5 1720 0
1844 4 1347 0
1845 6 1744 0
1846 5 4739 0
1847 1 2433 0
1848 5 3452 0
1849 1 2056 0
1850 4 4922 0
1851 4 1235 0
1852 4 3902 0
1853 6 3304 0
1854 4 1698 0
1855 3 2354 0
1856 5 1392 0
1857 8 42 0
1858 5 3098 0
1859 4 1750 0
1860 7 714 0
1861 9 4793 0
1862 3 2919 0
1863 6 2183 0
1864 7 2148 0
1865 3 2941 0
1866 5 2249 0
1867 6 1672 0
1868 2 1227 0
1869 5 840 0
1870 7 3117 0
1871 6 3670 0
1872 4 2165 0
1873 3 4034 0
1874 5 2682 0
1875 5 1029 0
1876 4 1068 0
1877 7 2518 0
1878 7 3063 0
1879 9 2604 0
1880 7 1052 0
1881 7 2108 0
1882 5 4025 0
1883 6 3894 0
1884 3 2968 0
1885 1 1416 0
1886 7 4092 0
1887 4 806 0
1888 5 707 0
1889 3 3873 0
1890 5 684 0
1891 5 3653 0
1892 3 4786 0
1893 5 4464 0
1894 8 2467 0
1895 6 3095 0
1896 3 4986 0
1897 2 4965 0
1898 4 3700 0
1899 6 4087 0
1900 6 33 0
1901 3 4813 0
1902 4 3394 0
1903 4 230 0
1904 6 3023 0
1905 2 4515 0
1906 7 243 0
1907 4 4738 0
1908 3 1487 0
1909 4 1746 0
1910 8 4481 0
1911 6 4230 0
1912 2 4829 0
1913 5 4896 0
1914 6 4007 0
1915 4 3201 0
1916 7 1422 0
1917 3 3784 0
1918 1 2750 0
1919 8 1564 0
1920 6 4223 0
1921 6 4099 0
1922 7 2664 0
1923 8 1833 0
1924 7 556 0
1925 3 3036 0
1926 4 1117 0
1927 4 4321 0
1928 4 1783 0
1929 7 4870 0
1930 8 486 0
1931 5 2444 0
1932 5 288 0
1933 6 4245 0
1934 3 2512 0
1935 4 4817 0
1936 4 3482 0
1937 6 160 0
1938 6 4673 0
1939 4 2674 0
1940 6 4998 0
1941 6 3749 0
1942 1 3140 0
1943 3 2978 0
1944 5 1366 0
1945 5 3986 0
1946 4 2128 0
1947 6 2759 0
1948 5 4527 0
1949 5 4476 0
1950 8 2184 0
1951 8 316 0
1952 5 3636 0
1953 7 4408 0
1954 4 3317 0
1955 3 2400 0
1956 10 712 0
1957 9 3732 0
1958 4 2748 0
1959 5 4477 0
1960 3 143 0
1961 4 798 0
1962 4 563 0
1963 9 848 0
1964 3 1670 0
1965 7 1145 0
1966 7 1759 0
1967 6 4278 0
1968 4 1350 0
1969 7 2049 0
1970 6 138 0
1971 5 2623 0
1972 9 2279 0
1973 3 4386 0
1974 6 4858 0
1975 5 33 0
1976 7 2395 0
1977 4 1223 0
1978 5 772 0
1979 8 3288 0
1980 5 2173 0
1981 5 699 0
1982 6 175 0
1983 8 3291 0
1984 4 2226 0
1985 5 1988 0
1986 2 2341 0
1987 4 4744 0
1988 5 1178 0
1989 4 3747 0
1990 5 4248 0
1991 3 1093 0
1992 6 1595 0
1993 3 4470 0
1994 3 3382 0
1995 4 4914 0
1996 4 4924 0
1997 7 561 0
1998 8 338 0
1999 8 2802 0
2000 5 3579 0
2001 8 2680 0
2002 6 1192 0
2003 9 2205 0
2004 6 2193 0
2005 3 67 0
2006 5 992 0
2007 3 4007 0
2008 4 1338 0
2009 6 682 0
2010 2 1599 0
2011 8 4953 0
2012 4 1361 0
2013 5 4189 0
2014 8 297 0
2015 7 3368 0
2016 4 4016 0
2017 3 3536 0
2018 2 1904 0
2019 6 2586 0
2020 5 4138 0
2021 9 829 0
2022 7 214 0
2023 3 303 0
2024 7 3251 0
2025 7 2752 0
2026 6 35 0
2027 1 4090 0
2028 1 935 0
2029 7 4233 0
2030 7 3757 0
2031 10 2279 0
2032 7 3871 0
2033 5 2180 0
2034 6 545 0
2035 6 4230 0
2036 5 4601 0
2037 8 2130 0
2038 3 2504 0
2039 5 339 0
2040 10 2793 0
2041 7 3893 0
2042 2 2985 0
2043 7 2835 0
2044 6 4122 0
2045 3 1182 0
2046 6 3030 0
2047 7 3384 0
2048 7 181 0
2049 5 1854 0
2050 5 4324 0
2051 8 2528 0
2052 0 3598 0
2053 4 820 0
2054 8 4244 0
2055 5 3284 0
2056 6 703 0
2057 8 4134 0
2058 8 3021 0
2059 5 3613 0
2060 3 4282 0
2061 4 4775 0
2062 5 1296 0
2063 5 2319 0
2064 4 1218 0
2065 5 2586 0
2066 6 1645 0
2067 7 2332 0
2068 7 757 0
2069 7 2944 0
2070 7 3426 0
2071 3 1456 0
2072 8 2847 0
2073 1 1164 0
2074 6 216 0
2075 4 4873 0
2076 5 1893 0
2077 8 4511 0
2078 3 4193 0
2079 4 1062 0
2080 11 4135 0
2081 5 4715 0
2082 5 1758 0
2083 3 741 0
2084 6 3097 0
2085 1 3661 0
2086 5 2578 0
2087 10 4170 0
2088 7 2711 0
2089 3 741 0
2090 7 868 0
2091 3 3088 0
2092 5 4075 0
2093 5 4098 0
2094 7 2350 0
2095 7 397 0
2096 4 2108 0
2097 1 2891 0
2098 6 4937 0
2099 9 736 0
2100 6 2307 0
2101 6 2170 0
2102 3 1182 0
2103 3 3890 0
2104 8 2316 0
2105 9 3238 0
2106 4 1277 0
2107 3 4768 0
2108 6 2226 0
2109 7 2663 0
2110 8 3554 0
2111 8 3974 0
2112 8 1006 0
2113 6 1181 0
2114 4 2197 0
2115 4 570 0
2116 8 2548 0
2117 3 4362 0
2118 5 4098 0
2119 10 156 0
2120 3 2824 0
2121 4 3892 0
2122 6 4800 0
2123 5 1522 0
2124 5 3434 0
2125 4 3277 0
2126 4 2704 0
2127 6 4406 0
2128 6 2947 0
2129 7 4209 0
2130 6 2137 0
2131 4 3391 0
2132 5 152 0
2133 9 4154 0
2134 9 2752 0
2135 5 102 0
2136 11 1308 0
2137 3 2951 0
2138 8 2365 0
2139 3 4132 0
2140 7 2528 0
2141 8 1589 0
2142 2 1388 0
2143 7 3057 0
2144 5 419 0
2145 5 1948 0
2146 3 1406 0
2147 9 749 0
2148 6 3359 0
2149 8 2351 0
2150 8 541 0
2151 5 611 0
2152 6 3319 0
2153 3 2469 0
2154 8 3348 0
2155 5 42 0
2156 7 2452 0
2157 4 4724 0
2158 8 963 0
2159 4 2803 0
2160 5 3624 0
2161 5 3465 0
2162 5 3453 0
2163 8 3852 0
2164 7 713 0
2165 2 3779 0
2166 3 4925 0
2167 6 3750 0
2168 6 615 0
2169 7 3030 0
2170 7 4645 0
2171 5 2663 0
2172 6 1854 0
2173 3 3087 0
2174 5 4754 0
2175 6 3523 0
2176 2 1211 0
2177 7 750 0
2178 4 711 0
2179 4 3220 0
2180 5 3540 0
2181 3 4176 0
2182 1 1689 0
2183 4 1003 0
2184 6 1916 0
2185 0 60 0
2186 10 54 0
2187 3 1560 0
2188 5 2822 0
2189 5 4372 0
2190 8 4505 0
2191 5 3116 0
2192 11 2382 0
2193 5 2017 0
2194 3 1123 0
2195 6 1245 0
2196 5 308 0
2197 5 3781 0
2198 5 481 0
2199 6 239 0
2200 7 3453 0
2201 4 2032 0
2202 5 3266 0
2203 8 481 0
2204 1 4689 0
2205 9 3467 0
2206 5 2356 0
2207 3 3964 0
2208 7 6 0
2209 7 4013 0
2210 9 2728 0
2211 3 3343 0
2212 4 1075 0
2213 4 4016 0
2214 4 1953 0
2215 4 2750 0
2216 3 981 0
2217 7 1452 0
2218 4 3284 0
2219 9 1945 0
2220 3 4178 0
2221 4 2289 0
2222 3 870 0
2223 3 353 0
2224 3 1733 0
2225 5 4357 0
2226 6 4569 0
2227 7 1118 0
2228 3 3624 0
2229 1 2563 0
2230 5 3504 0
2231 4 3462 0
2232 7 4629 0
2233 8 3445 0
2234 5 4797 0
2235 8 1409 0
2236 4 4974 0
2237 5 1774 0
2238 6 3750 0
2239 4 4366 0
2240 6 787 0
2241 6 3129 0
2242 7 4749 0
2243 7 3704 0
2244 9 2396 0
2245 3 4800 0
2246 4 1186 0
2247 2 3612 0
2248 7 2205 0
2249 5 48 0
2250 6 2105 0
2251 11 2931 0
2252 9 1790 0
2253 5 1826 0
2254 5 802 0
2255 4 2372 0
2256 4 3167 0
2257 5 4151 0
2258 6 4097 0
2259 8 788 0
2260 5 4024 0
2261 5 830 0
2262 4 623 0
2263 5 2315 0
2264 7 3012 0
2265 4 4369 0
2266 3 3050 0
2267 1 1766 0
2268 5 4237 0
2269 2 3229 0
2270 8 4083 0
2271 7 2995 0
2272 7 3833 0
2273 5 1530 0
2274 6 907 0
2275 4 2636 0
2276 6 1231 0
2277 4 3959 0
2278 6 4982 0
2279 5 840 0
2280 6 4208 0
2281 6 4869 0
2282 4 4158 0
2283 4 760 0
2284 8 1533 0
2285 6 1655 0
2286 2 1156 0
2287 6 3481 0
2288 9 1885 0
2289 5 109 0
2290 5 2484 0
2291 8 287 0
2292 3 598 0
2293 9 3215 0
2294 9 2277 0
2295 5 489 0
2296 3 115 0
2297 5 2829 0
2298 7 3224 0
2299 7 4232 0
2300 8 3098 0
2301 6 4424 0
2302 5 898 0
2303 9 1076 0
2304 3 1599 0
2305 8 4319 0
2306 4 218 0
2307 8 717 0
2308 9 183 0
2309 7 1888 0
2310 6 4863 0
2311 7 3221 0
2312 5 4697 0
2313 6 1453 0
2314 5 4394 0
2315 7 1974 0
2316 7 4139 0
2317 7 2822 0
2318 6 1703 0
2319 5 3667 0
2320 8 4434 0
2321 6 4251 0
2322 7 2159 0
2323 4 3945 0
2324 7 4051 0
2325 4 2804 0
2326 2 3785 0
2327 4 2755 0
2328 4 1529 0
2329 6 4960 0
2330 7 4085 0
2331 2 2509 0
2332 9 585 0
2333 5 2040 0
2334 6 1875 0
2335 7 4851 0
2336 9 323 0
2337 3 1006 0
2338 6 4396 0
2339 2 4638 0
2340 5 3121 0
2341 5 3526 0
2342 6 345 0
2343 5 4996 0
2344 5 2405 0
2345 10 3824 0
2346 5 4039 0
2347 6 1309 0
2348 3 2469 0
2349 3 3591 0
2350 7 3111 0
2351 6 301 0
2352 4 3956 0
2353 6 361 0
2354 5 1814 0
2355 7 3909 0
2356 6 1771 0
2357 7 1505 0
2358 7 1860 0
2359 4 1333 0
2360 6 4645 0
2361 5 665 0
2362 5 3106 0
2363 5 61 0
2364 5 2556 0
2365 2 4563 0
2366 5 4357 0
2367 4 3005 0
2368 5 3103 0
2369 3 4431 0
2370 8 4169 0
2371 6 449 0
2372 8 4806 0
2373 1 193 0
2374 9 2878 0
2375 5 1256 0
2376 6 1458 0
2377 8 3068 0
2378 7 785 0
2379 5 1313 0
2380 6 2306 0
2381 5 2631 0
2382 5 2526 0
2383 2 986 0
2384 7 3431 0
2385 5 4386 0
2386 2 430 0
2387 8 1199 0
2388 5 4700 0
2389 5 2574 0
2390 8 2672 0
2391 5 1841 0
2392 4 4263 0
2393 9 2407 0
2394 5 2120 0
2395 3 1711 0
2396 5 1252 0
2397 6 2122 0
2398 7 1725 0
2399 3 4606 0
2400 1 232 0
2401 7 3878 0
2402 9 1545 0
2403 6 2139 0
2404 8 4999 0
2405 5 3824 0
2406 9 3935 0
2407 6 2127 0
2408 6 497 0
2409 8 4131 0
2410 6 1145 0
2411 4 853 0
2412 8 1373 0
2413 7 3661 0
2414 3 3269 0
2415 5 1254 0
2416 7 2940 0
2417 7 3309 0
2418 3 861 0
2419 5 2025 0
2420 7 1565 0
2421 7 618 0
2422 8 846 0
2423 6 3834 0
2424 8 1010 0
2425 5 1829 0
2426 3 2923 0
2427 4 3296 0
2428 3 3516 0
2429 9 588 0
2430 5 3883 0
2431 8 4337 0
2432 6 1999 0
2433 8 3162 0
2434 5 2179 0
2435 5 1726 0
2436 4 3589 0
2437 3 2308 0
2438 4 2787 0
2439 8 4463 0
2440 3 3719 0
2441 2 4896 0
2442 8 1934 0
2443 4 4604 0
2444 6 1217 0
2445 5 4965 0
2446 6 2302 0
2447 8 2242 0
2448 5 167 0
2449 6 1850 0
2450 6 757 0
2451 9 1125 0
2452 5 515 0
2453 5 4132 0
2454 7 1735 0
2455 8 1794 0
2456 8 2134 0
2457 6 1326 0
2458 3 3914 0
2459 6 2467 0
2460 6 538 0
2461 6 4100 0
2462 6 4932 0
2463 6 4122 0
2464 5 2615 0
2465 4 2178 0
2466 4 2905 0
2467 5 2821 0
2468 6 3779 0
2469 7 4589 0
2470 8 347 0
2471 7 1587 0
2472 4 2206 0
2473 3 4067 0
2474 7 4092 0
2475 5 4134 0
2476 10 4375 0
2477 4 497 0
2478 5 3358 0
2479 10 2146 0
2480 5 1395 0
2481 6 1905 0
2482 6 2835 0
2483 4 2784 0
2484 6 3257 0
2485 5 1754 0
2486 5 3241 0
2487 7 3258 0
2488 3 2861 0
2489 3 2852 0
2490 3 1749 0
2491 8 2697 0
2492 3 3844 0
2493 3 4243 0
2494 2 2940 0
2495 5 377 0
2496 2 4624 0
2497 4 4621 0
2498 4 1147 0
2499 7 994 0
2500 8 553 0
2501 6 563 0
2502 8 1893 0
2503 2 4983 0
2504 3 403 0
2505 6 4912 0
2506 4 3735 0
2507 5 2041 0
2508 5 16 0
2509 6 1517 0
2510 2 876 0
2511 8 4863 0
2512 8 2652 0
2513 9 954 0
2514 6 748 0
2515 6 3910 0
2516 7 923 0
2517 6 3852 0
2518 10 2318 0
2519 10 517 0
2520 6 1651 0
2521 6 3704 0
2522 6 4048 0
2523 4 4928 0
2524 5 3943 0
2525 7 2317 0
2526 6 1650 0
2527 9 3550 0
2528 4 2070 0
2529 5 1616 0
2530 2 198 0
2531 3 2067 0
2532 4 436 0
2533 4 4606 0
2534 5 4338 0
2535 6 2267 0
2536 7 3959 0
2537 8 1041 0
2538 5 220 0
2539 3 4566 0
2540 3 3562 0
2541 6 4722 0
2542 5 2113 0
2543 4 1163 0
2544 5 1411 0
2545 7 4155 0
2546 5 4079 0
2547 7 3053 0
2548 6 4397 0
2549 7 1976 0
2550 6 472 0
2551 7 4939 0
2552 6 3206 0
2553 11 2453 0
2554 7 2542 0
2555 5 700 0
2556 6 3343 0
2557 6 4451 0
2558 6 1524 0
2559 7 601 0
2560 4 3274 0
2561 5 3325 0
2562 8 838 0
2563 4 2467 0
2564 9 759 0
2565 2 3599 0
2566 5 162 0
2567 6 2249 0
2568 6 3284 0
2569 5 1213 0
2570 6 2171 0
2571 6 1247 0
2572 5 3394 0
2573 6 4593 0
2574 9 3626 0
2575 2 2789 0
2576 5 360 0
2577 6 658 0
2578 8 4257 0
2579 3 553 0
2580 2 3489 0
2581 8 3997 0
2582 7 4756 0
2583 4 4654 0
2584 4 1653 0
2585 4 3730 0
2586 3 4773 0
2587 5 4455 0
2588 9 1746 0
2589 5 4435 0
2590 4 4220 0
2591 8 3001 0
2592 9 4091 0
2593 6 4049 0
2594 6 4033 0
2595 3 3081 0
2596 7 44 0
2597 4 4587 0
2598 6 2690 0
2599 4 2696 0
2600 3 467 0
2601 6 147 0
2602 7 3297 0
2603 7 605 0
2604 9 3253 0
2605 2 4358 0
2606 9 4118 0
2607 3 1234 0
2608 4 4676 0
2609 5 3197 0
2610 9 1296 0
2611 6 2132 0
2612 4 1548 0
2613 5 1662 0
2614 7 4478 0
2615 5 2777 0
2616 8 3606 0
2617 5 3342 0
2618 9 2188 0
2619 2 4948 0
2620 1 3094 0
2621 5 1379 0
2622 5 2856 0
2623 7 1459 0
2624 5 3406 0
2625 7 4737 0
2626 6 2513 0
2627 5 3618 0
2628 5 3746 0
2629 6 4843 0
2630 3 2655 0
2631 8 4598 0
2632 5 1751 0
2633 4 2290 0
2634 8 2652 0
2635 7 3734 0
2636 5 4606 0
2637 4 3226 0
2638 4 4280 0
2639 4 1894 0
2640 2 4502 0
2641 4 3066 0
2642 8 2284 0
2643 6 3749 0
2644 9 4111 0
2645 6 2358 0
2646 5 1208 0
2647 6 2765 0
2648 9 2847 0
2649 8 3346 0
2650 8 4156 0
2651 6 3641 0
2652 4 3166 0
2653 3 2600 0
2654 5 4616 0
2655 7 2331 0
2656 6 3330 0
2657 2 4114 0
2658 8 4827 0
2659 8 528 0
2660 7 2805 0
2661 4 1013 0
2662 4 2492 0
2663 5 2539 0
2664 9 1009 0
2665 6 1772 0
2666 10 567 0
2667 4 4126 0
2668 6 69 0
2669 3 3774 0
2670 4 3334 0
2671 7 2656 0
2672 8 97 0
2673 6 1034 0
2674 9 735 0
2675 7 4647 0
2676 4 2341 0
2677 8 3593 0
2678 6 2453 0
2679 5 1044 0
2680 5 2472 0
2681 3 3331 0
2682 7 647 0
2683 4 782 0
2684 0 3051 0
2685 2 4419 0
2686 1 2163 0
2687 8 2534 0
2688 9 1866 0
2689 6 4699 0
2690 6 2851 0
2691 8 1158 0
2692 2 2316 0
2693 4 16 0
2694 6 3969 0
2695 4 4784 0
2696 4 518 0
2697 5 3883 0
2698 5 4391 0
2699 7 878 0
2700 4 668 0
2701 6 1104 0
2702 6 3685 0
2703 4 1431 0
2704 5 214 0
2705 7 4953 0
2706 2 1469 0
2707 8 2509 0
2708 6 3286 0
2709 3 1385 0
2710 4 3915 0
2711 9 950 0
2712 3 1102 0
2713 8 2688 0
2714 8 687 0
2715 4 2720 0
2716 3 1487 0
2717 6 1850 0
2718 6 1695 0
2719 3 2743 0
2720 5 4553 0
2721 7 4683 0
2722 3 3770 0
2723 4 3520 0
2724 7 4020 0
2725 6 576 0
2726 5 1679 0
2727 6 2654 0
2728 6 4591 0
2729 6 3727 0
2730 7 2749 0
2731 3 4558 0
2732 8 2667 0
2733 5 1906 0
2734 6 3715 0
2735 4 4094 0
2736 7 37 0
2737 8 107 0
2738 6 4877 0
2739 6 239 0
2740 8 2102 0
2741 7 3902 0
2742 7 960 0
2743 2 362 0
2744 3 2323 0
2745 5 1480 0
2746 7 630 0
2747 4 3654 0
2748 5 1872 0
2749 7 2595 0
2750 5 2101 0
2751 2 4366 0
2752 5 2791 0
2753 6 3921 0
2754 8 2684 0
2755 3 533 0
2756 6 507 0
2757 8 4520 0
2758 9 4353 0
2759 2 4319 0
2760 4 2287 0
2761 5 1114 0
2762 6 1153 0
2763 5 2777 0
2764 7 1819 0
2765 3 50 0
2766 10 4191 0
2767 7 1348 0
2768 3 458 0
2769 2 3171 0
2770 6 1298 0
2771 12 2423 0
2772 4 1860 0
2773 6 3550 0
2774 7 4599 0
2775 6 2721 0
2776 6 2136 0
2777 5 2156 0
2778 9 1263 0
2779 6 92 0
2780 5 4949 0
2781 5 2585 0
2782 8 4251 0
2783 7 4891 0
2784 5 3698 0
2785 3 1152 0
2786 5 4813 0
2787 2 1444 0
2788 5 3551 0
2789 7 1986 0
2790 3 3323 0
2791 4 2780 0
2792 6 3213 0
2793 5 3137 0
2794 6 1195 0
2795 9 2590 0
2796 5 4769 0
2797 5 3947 0
2798 4 815 0
2799 5 1283 0
2800 4 892 0
2801 9 3333 0
2802 3 615 0
2803 3 2450 0
2804 5 1471 0
2805 5 3448 0
2806 3 1033 0
2807 8 1711 0
2808 5 3938 0
2809 5 1066 0
2810 4 609 0
2811 5 2840 0
2812 5 647 0
2813 3 2789 0
2814 4 1538 0
2815 4 1833 0
2816 8 3678 0
2817 1 2874 0
2818 7 3665 0
2819 9 3058 0
2820 6 1397 0
2821 1 3965 0
2822 3 904 0
2823 6 1091 0
2824 7 3897 0
2825 5 1176 0
2826 8 2166 0
2827 7 1506 0
2828 6 136 0
2829 5 4330 0
2830 5 3915 0
2831 6 460 0
2832 5 1139 0
2833 6 3442 0
2834 6 3424 0
2835 5 4464 0
2836 7 1451 0
2837 4 3308 0
2838 6 3715 0
2839 7 1934 0
2840 4 1771 0
2841 7 4272 0
2842 4 3357 0
2843 8 3802 0
2844 5 3115 0
2845 6 2352 0
2846 3 1245 0
2847 4 3648 0
2848 3 4356 0
2849 8 1000 0
2850 5 1894 0
2851 2 756 0
2852 6 2766 0
2853 3 2437 0
2854 8 447 0
2855 7 307 0
2856 5 3587 0
2857 2 1300 0
2858 10 911 0
2859 7 3682 0
2860 5 3560 0
2861 6 2936 0
2862 6 2212 0
2863 6 667 0
2864 7 3198 0
2865 5 541 0
2866 4 264 0
2867 4 4238 0
2868 7 4353 0
2869 6 4098 0
2870 3 32 0
2871 4 500 0
2872 3 1578 0
2873 6 2138 0
2874 8 1081 0
2875 8 1687 0
2876 5 4679 0
2877 4 2261 0
2878 7 2491 0
2879 4 2596 0
2880 3 2070 0
2881 5 1625 0
2882 2 1029 0
2883 9 2202 0
2884 7 583 0
2885 3 1854 0
2886 9 2462 0
2887 7 1026 0
2888 8 1789 0
2889 4 3441 0
2890 3 826 0
2891 7 1882 0
2892 6 4131 0
2893 8 4562 0
2894 5 1753 0
2895 4 1046 0
2896 5 1140 0
2897 6 208 0
2898 5 2245 0
2899 5 4306 0
2900 6 1747 0
2901 7 41 0
2902 9 903 0
2903 6 1411 0
2904 5 2534 0
2905 5 1448 0
2906 8 2493 0
2907 7 3940 0
2908 6 3692 0
2909 5 522 0
2910 0 588 0
2911 9 3260 0
2912 8 418 0
2913 4 3757 0
2914 3 1729 0
2915 5 3558 0
2916 6 1820 0
2917 7 1449 0
2918 5 4788 0
2919 6 4500 0
2920 3 3788 0
2921 5 1372 0
2922 3 2196 0
2923 2 2047 0
2924 6 3331 0
2925 6 2092 0
2926 4 4583 0
2927 4 3454 0
2928 4 3972 0
2929 6 2119 0
2930 8 4279 0
2931 9 3910 0
2932 5 2119 0
2933 4 4890 0
2934 6 2790 0
2935 3 1199 0
2936 6 1700 0
2937 5 2422 0
2938 5 3923 0
2939 6 1721 0
2940 7 1428 0
2941 8 1369 0
2942 7 4285 0
2943 7 465 0
2944 3 2573 0
2945 5 3745 0
2946 5 3393 0
2947 5 2008 0
2948 5 1506 0
2949 3 193 0
2950 4 339 0
2951 4 2709 0
2952 5 1173 0
2953 3 1493 0
2954 6 4153 0
2955 4 1833 0
2956 4 1653 0
2957 7 4399 0
2958 1 3222 0
2959 1 3940 0
2960 2 4808 0
2961 4 3280 0
2962 4 152 0
2963 7 817 0
2964 5 2013 0
2965 3 478 0
2966 7 3610 0
2967 0 2023 0
2968 5 368 0
2969 5 3925 0
2970 8 3634 0
2971 6 1811 0
2972 4 4615 0
2973 4 1538 0
2974 5 440 0
2975 6 2098 0
2976 5 4568 0
2977 7 2961 0
2978 3 2898 0
2979 2 3831 0
2980 7 4795 0
2981 8 3178 0
2982 6 2728 0
2983 1 4856 0
2984 3 4353 0
2985 5 3019 0
2986 7 2031 0
2987 5 4537 0
2988 7 2387 0
2989 6 1239 0
2990 2 3373 0
2991 5 53 0
2992 4 518 0
2993 4 3190 0
2994 9 2200 0
2995 5 236 0
2996 8 2869 0
2997 7 1955 0
2998 5 4348 0
2999 6 434 0
3000 6 4110 0
3001 5 2878 0
3002 4 4978 0
3003 8 1931 0
3004 6 3008 0
3005 7 1495 0
3006 7 3872 0
3007 7 795 0
3008 7 3079 0
3009 4 687 0
3010 3 1470 0
3011 8 689 0
3012 9 1989 0
3013 4 3414 0
3014 7 1007 0
3015 7 338 0
3016 8 2378 0
3017 5 2791 0
3018 6 3997 0
3019 7 2193 0
3020 6 2581 0
3021 7 4781 0
3022 6 4109 0
3023 7 1110 0
3024 9 2411 0
3025 3 4636 0
3026 5 836 0
3027 7 4052 0
3028 7 3216 0
3029 4 3333 0
3030 7 4435 0
3031 7 825 0
3032 8 774 0
3033 8 1292 0
3034 3 4478 0
3035 6 1037 0
3036 7 3155 0
3037 5 4093 0
3038 9 72 0
3039 7 3384 0
3040 6 4401 0
3041 1 2208 0
3042 7 4164 0
3043 2 2453 0
3044 5 1749 0
3045 6 4387 0
3046 5 1464 0
3047 5 4647 0
3048 0 2141 0
3049 6 4901 0
3050 4 4300 0
3051 5 4933 0
3052 8 4423 0
3053 5 1255 0
3054 8 1478 0
3055 9 7 0
3056 5 950 0
3057 1 1883 0
3058 5 2968 0
3059 12 4307 0
3060 7 2826 0
3061 5 4395 0
3062 6 2878 0
3063 9 1405 0
3064 6 458 0
3065 3 3670 0
3066 7 489 0
3067 4 4518 0
3068 3 1432 0
3069 8 449 0
3070 6 965 0
3071 6 1117 0
3072 6 2033 0
3073 6 2488 0
3074 6 2338 0
3075 7 1513 0
3076 7 3873 0
3077 6 961 0
3078 3 1687 0
3079 8 3715 0
3080 2 2619 0
3081 7 4824 0
3082 5 4219 0
3083 5 2319 0
3084 5 3697 0
3085 7 3334 0
3086 4 4909 0
3087 6 831 0
3088 4 426 0
3089 5 2103 0
3090 5 3136 0
3091 3 383 0
3092 5 4863 0
3093 3 2980 0
3094 5 3044 0
3095 3 1249 0
3096 7 297 0
3097 5 1266 0
3098 3 1709 0
3099 6 3193 0
3100 2 4636 0
3101 7 2446 0
3102 6 1283 0
3103 4 3630 0
3104 6 4526 0
3105 6 767 0
3106 9 4513 0
3107 8 3185 0
3108 4 765 0
3109 10 1579 0
3110 7 838 0
3111 8 381 0
3112 7 3100 0
3113 6 4719 0
3114 5 3530 0
3115 6 181 0
3116 5 3775 0
3117 5 3773 0
3118 7 1319 0
3119 9 2492 0
3120 4 2849 0
3121 5 1668 0
3122 7 2803 0
3123 6 1252 0
3124 6 1788 0
3125 5 2395 0
3126 5 3598 0
3127 3 128 0
3128 8 2582 0
3129 4 3321 0
3130 4 28 0
3131 5 1973 0
3132 2 710 0
3133 7 2578 0
3134 1 1430 0
3135 9 2234 0
3136 6 3431 0
3137 6 4121 0
3138 8 2322 0
3139 6 3528 0
3140 6 219 0
3141 6 1850 0
3142 6 4217 0
3143 6 2430 0
3144 4 509 0
3145 4 2452 0
3146 7 4101 0
3147 3 4456 0
3148 5 4619 0
3149 5 4988 0
3150 4 1003 0
3151 5 4666 0
3152 5 900 0
3153 6 3268 0
3154 6 4176 0
3155 6 1113 0
3156 7 1194 0
3157 3 3340 0
3158 7 1940 0
3159 5 1079 0
3160 7 2285 0
3161 1 2466 0
3162 1 4695 0
3163 2 2003 0
3164 4 2967 0
3165 11 450 0
3166 10 3709 0
3167 5 1882 0
3168 5 1632 0
3169 3 59 0
3170 6 1489 0
3171 7 3823 0
3172 4 4915 0
3173 4 904 0
3174 8 1396 0
3175 6 3740 0
3176 4 4629 0
3177 6 2170 0
3178 9 4264 0
3179 6 4459 0
3180 2 1336 0
3181 7 4101 0
3182 5 1158 0
3183 7 1715 0
3184 9 1717 0
3185 7 4426 0
3186 3 2212 0
3187 6 3623 0
3188 4 4851 0
3189 8 2165 0
3190 6 3170 0
3191 4 3771 0
3192 6 3187 0
3193 5 4422 0
3194 3 3855 0
3195 4 1763 0
3196 8 3035 0
3197 9 2233 0
3198 6 3498 0
3199 4 3879 0
3200 5 2523 0
3201 5 294 0
3202 2 4721 0
3203 4 2445 0
3204 3 1515 0
3205 1 1098 0
3206 5 1667 0
3207 5 2632 0
3208 6 464 0
3209 5 597 0
3210 6 4412 0
3211 6 3528 0
3212 6 1215 0
3213 3 2302 0
3214 4 3082 0
3215 6 3398 0
3216 9 538 0
3217 3 4367 0
3218 7 2621 0
3219 8 1004 0
3220 3 1913 0
3221 6 2831 0
3222 7 605 0
3223 6 2914 0
3224 9 1092 0
3225 1 2931 0
3226 1 278 0
3227 7 2508 0
3228 7 230 0
3229 6 462 0
3230 7 3473 0
3231 7 1129 0
3232 6 4215 0
3233 6 432 0
3234 5 1053 0
3235 7 3946 0
3236 9 2251 0
3237 2 4273 0
3238 6 4475 0
3239 4 4655 0
3240 5 2735 0
3241 2 2273 0
3242 7 3504 0
3243 6 2439 0
3244 4 1519 0
3245 7 896 0
3246 6 1377 0
3247 6 2522 0
3248 5 1998 0
3249 3 2615 0
3250 3 207 0
3251 4 1400 0
3252 4 1237 0
3253 6 550 0
3254 1 2816 0
3255 5 4495 0
3256 5 604 0
3257 2 2753 0
3258 5 4016 0
3259 4 1250 0
3260 7 3812 0
3261 4 3818 0
3262 4 4303 0
3263 6 3545 0
3264 4 42 0
3265 8 3799 0
3266 6 4701 0
3267 4 4410 0
3268 5 64 0
3269 5 3627 0
3270 4 10 0
3271 4 1130 0
3272 5 4645 0
3273 2 932 0
3274 2 3421 0
3275 7 2583 0
3276 6 133 0
3277 1 475 0
3278 5 2870 0
3279 7 4602 0
3280 3 4213 0
3281 5 1780 0
3282 6 1142 0
3283 2 1506 0
3284 5 576 0
3285 4 2758 0
3286 5 3135 0
3287 7 621 0
3288 10 711 0
3289 4 4021 0
3290 2 1314 0
3291 4 4590 0
3292 6 1226 0
3293 4 3630 0
3294 6 3709 0
3295 8 1548 0
3296 5 1636 0
3297 5 1333 0
3298 7 4154 0
3299 5 4835 0
3300 9 895 0
3301 7 330 0
3302 8 4971 0
3303 7 4683 0
3304 6 1237 0
3305 5 3759 0
3306 4 332 0
3307 8 1441 0
3308 9 843 0
3309 5 4278 0
3310 3 2985 0
3311 6 4774 0
3312 7 1997 0
3313 5 65 0
3314 7 4789 0
3315 6 3121 0
3316 5 2926 0
3317 8 1423 0
3318 8 4709 0
3319 9 4411 0
3320 7 3885 0
3321 5 2717 0
3322 4 4389 0
3323 4 2739 0
3324 8 1244 0
3325 5 2685 0
3326 6 4416 0
3327 5 3684 0
3328 9 1411 0
3329 1 4841 0
3330 6 3415 0
3331 4 1814 0
3332 7 1190 0
3333 8 3028 0
3334 7 1584 0
3335 2 1855 0
3336 4 4577 0
3337 5 2068 0
3338 4 1451 0
3339 6 2974 0
3340 7 826 0
3341 5 1562 0
3342 4 1057 0
3343 7 3832 0
3344 7 3394 0
3345 4 859 0
3346 6 4451 0
3347 5 103 0
3348 6 964 0
3349 5 3279 0
3350 8 710 0
3351 4 63 0
3352 7 4380 0
3353 7 2210 0
3354 6 380 0
3355 7 4898 0
3356 4 1135 0
3357 5 2767 0
3358 7 1723 0
3359 5 2226 0
3360 1 4689 0
3361 6 633 0
3362 2 4619 0
3363 7 178 0
3364 5 334 0
3365 4 1693 0
3366 7 4494 0
3367 10 3245 0
3368 7 4291 0
3369 4 1385 0
3370 9 3221 0
3371 5 3447 0
3372 3 1020 0
3373 5 1747 0
3374 5 444 0
3375 8 3221 0
3376 4 2659 0
3377 9 3046 0
3378 1 2078 0
3379 7 3085 0
3380 6 2146 0
3381 5 4429 0
3382 3 2631 0
3383 5 4410 0
3384 7 3010 0
3385 6 4960 0
3386 7 4646 0
3387 5 4627 0
3388 5 4422 0
3389 7 742 0
3390 7 1094 0
3391 4 2525 0
3392 6 2985 0
3393 8 567 0
3394 1 3449 0
3395 3 4743 0
3396 4 340 0
3397 5 3490 0
3398 4 3553 0
3399 2 1329 0
3400 6 4442 0
3401 3 4123 0
3402 5 1003 0
3403 3 2585 0
3404 6 1147 0
3405 8 3010 0
3406 7 3295 0
3407 7 2341 0
3408 8 3394 0
3409 4 1295 0
3410 6 1081 0
3411 5 380 0
3412 5 1278 0
3413 3 2394 0
3414 8 4157 0
3415 3 1578 0
3416 5 2457 0
3417 4 3035 0
3418 4 2225 0
3419 5 3318 0
3420 5 4327 0
3421 6 1899 0
3422 6 3286 0
3423 7 3295 0
3424 5 4576 0
3425 7 1413 0
3426 7 3948 0
3427 5 1432 0
3428 4 4158 0
3429 6 4715 0
3430 5 1488 0
3431 6 268 0
3432 7 1779 0
3433 4 1499 0
3434 4 2162 0
3435 5 1800 0
3436 8 4316 0
3437 4 3021 0
3438 2 4314 0
3439 3 4042 0
3440 14 2121 0
3441 7 289 0
3442 7 3018 0
3443 7 2430 0
3444 3 990 0
3445 4 4621 0
3446 4 3157 0
3447 6 1685 0
3448 3 183 0
3449 2 4290 0
3450 6 2522 0
3451 5 1890 0
3452 6 2415 0
3453 6 334 0
3454 4 851 0
3455 6 4968 0
3456 5 3728 0
3457 6 2393 0
3458 3 413 0
3459 4 1505 0
3460 9 3204 0
3461 6 1148 0
3462 7 17 0
3463 8 419 0
3464 5 3147 0
3465 5 2799 0
3466 8 2464 0
3467 3 2085 0
3468 5 2154 0
3469 6 4783 0
3470 4 3276 0
3471 5 4421 0
3472 7 3745 0
3473 8 3871 0
3474 7 1793 0
3475 5 819 0
3476 7 479 0
3477 5 926 0
3478 4 2054 0
3479 4 4712 0
3480 7 1589 0
3481 4 757 0
3482 5 1875 0
3483 5 3588 0
3484 5 4870 0
3485 7 2823 0
3486 9 3853 0
3487 5 1992 0
3488 4 3665 0
3489 8 2127 0
3490 6 4530 0
3491 6 4897 0
3492 10 2624 0
3493 6 2959 0
3494 9 4560 0
3495 7 2286 0
3496 5 1688 0
3497 7 1555 0
3498 2 1212 0
3499 5 4636 0
3500 2 3906 0
3501 6 1443 0
3502 9 2201 0
3503 3 135 0
3504 6 4373 0
3505 4 2085 0
3506 3 882 0
3507 6 2812 0
3508 4 346 0
3509 4 2730 0
3510 5 3559 0
3511 8 1627 0
3512 8 375 0
3513 5 563 0
3514 6 4541 0
3515 2 2922 0
3516 6 82 0
3517 3 2781 0
3518 5 94 0
3519 4 4101 0
3520 5 1448 0
3521 2 2518 0
3522 8 728 0
3523 5 2260 0
3524 6 3247 0
3525 4 3906 0
3526 6 4625 0
3527 2 2476 0
3528 7 4737 0
3529 4 4461 0
3530 7 3032 0
3531 3 1656 0
3532 9 4733 0
3533 8 1549 0
3534 5 2548 0
3535 5 4661 0
3536 8 1961 0
3537 5 2778 0
3538 4 475 0
3539 7 4317 0
3540 5 1276 0
3541 3 2264 0
3542 4 4886 0
3543 7 4041 0
3544 10 445 0
3545 7 4681 0
3546 4 4271 0
3547 4 4186 0
3548 8 139 0
3549 8 4294 0
3550 2 967 0
3551 6 280 0
3552 3 4755 0
3553 5 2512 0
3554 6 1237 0
3555 1 3809 0
3556 7 287 0
3557 8 3655 0
3558 1 1525 0
3559 5 885 0
3560 6 376 0
3561 2 2734 0
3562 3 4921 0
3563 5 4714 0
3564 8 3511 0
3565 3 4892 0
3566 6 3498 0
3567 2 2437 0
3568 6 245 0
3569 7 4158 0
3570 6 4782 0
3571 7 3417 0
3572 4 1480 0
3573 10 490 0
3574 4 4790 0
3575 5 273 0
3576 5 2686 0
3577 6 2630 0
3578 0 2122 0
3579 3 941 0
3580 5 2109 0
3581 7 3941 0
3582 6 3804 0
3583 4 2766 0
3584 6 1072 0
3585 9 292 0
3586 5 2031 0
3587 5 669 0
3588 8 4418 0
3589 6 224 0
3590 6 3196 0
3591 5 1845 0
3592 9 3525 0
3593 9 2634 0
3594 9 4426 0
3595 8 3232 0
3596 6 1653 0
3597 6 3998 0
3598 5 1468 0
3599 4 943 0
3600 3 1147 0
3601 6 1140 0
3602 9 1583 0
3603 3 4132 0
3604 4 3346 0
3605 6 4408 0
3606 5 809 0
3607 5 4168 0
3608 3 1446 0
3609 7 2078 0
3610 5 4835 0
3611 2 3330 0
3612 4 385 0
3613 6 2441 0
3614 8 4723 0
3615 4 3057 0
3616 6 4797 0
3617 8 767 0
3618 7 2408 0
3619 4 397 0
3620 7 1778 0
3621 3 630 0
3622 8 4576 0
3623 6 3868 0
3624 4 2117 0
3625 10 1261 0
3626 7 3016 0
3627 5 1527 0
3628 11 2282 0
3629 5 723 0
3630 6 3227 0
3631 5 1613 0
3632 5 166 0
3633 7 1519 0
3634 7 1835 0
3635 4 3234 0
3636 6 1223 0
3637 4 4715 0
3638 6 4949 0
3639 8 639 0
3640 5 1669 0
3641 9 4846 0
3642 6 3932 0
3643 6 2851 0
3644 4 3852 0
3645 4 4636 0
3646 7 555 0
3647 6 2137 0
3648 6 3243 0
3649 2 3698 0
3650 6 3794 0
3651 9 1370 0
3652 5 3882 0
3653 9 3876 0
3654 9 3958 0
3655 8 4110 0
3656 5 1231 0
3657 5 2010 0
3658 4 4918 0
3659 6 3059 0
3660 6 52 0
3661 8 28 0
3662 5 781 0
3663 10 3041 0
3664 7 1118 0
3665 5 708 0
3666 5 3129 0
3667 9 221 0
3668 7 1720 0
3669 7 1974 0
3670 9 4033 0
3671 5 4683 0
3672 6 622 0
3673 4 3434 0
3674 0 2652 0
3675 8 127 0
3676 6 2749 0
3677 8 2355 0
3678 4 4259 0
3679 5 4653 0
3680 7 2306 0
3681 6 495 0
3682 5 241 0
3683 7 1786 0
3684 1 3504 0
3685 3 4228 0
3686 5 998 0
3687 9 11 0
3688 6 1926 0
3689 5 4007 0
3690 4 1133 0
3691 4 1356 0
3692 8 1438 0
3693 4 149 0
3694 4 4857 0
3695 4 969 0
3696 6 4714 0
3697 8 120 0
3698 8 3766 0
3699 8 1883 0
3700 4 1781 0
3701 5 2323 0
3702 5 4452 0
3703 7 2042 0
3704 6 2757 0
3705 5 1805 0
3706 8 4176 0
3707 5 1156 0
3708 3 3486 0
3709 6 2943 0
3710 2 1143 0
3711 6 396 0
3712 9 2424 0
3713 4 2584 0
3714 4 1750 0
3715 5 3334 0
3716 1 4140 0
3717 5 2889 0
3718 8 2857 0
3719 7 3228 0
3720 6 4879 0
3721 9 960 0
3722 5 4527 0
3723 0 2327 0
3724 7 1800 0
3725 8 3137 0
3726 7 1149 0
3727 3 2678 0
3728 3 4070 0
3729 7 2067 0
3730 4 1041 0
3731 8 3051 0
3732 8 312 0
3733 7 3091 0
3734 4 497 0
3735 6 2665 0
3736 3 855 0
3737 3 3598 0
3738 5 278 0
3739 7 193 0
3740 7 1911 0
3741 5 2653 0
3742 5 245 0
3743 4 4953 0
3744 4 2465 0
3745 2 2782 0
3746 5 3622 0
3747 6 2156 0
3748 5 2319 0
3749 7 2401 0
3750 8 513 0
3751 6 1529 0
3752 5 2540 0
3753 6 2649 0
3754 5 4622 0
3755 6 4979 0
3756 4 992 0
3757 5 4833 0
3758 5 1334 0
3759 6 3104 0
3760 2 3019 0
3761 4 2777 0
3762 9 1553 0
3763 4 144 0
3764 4 4023 0
3765 4 4398 0
3766 6 737 0
3767 5 490 0
3768 5 2584 0
3769 3 2392 0
3770 2 2882 0
3771 6 2952 0
3772 5 712 0
3773 4 3247 0
3774 8 2566 0
3775 9 3104 0
3776 9 3121 0
3777 6 2419 0
3778 5 4182 0
3779 1 1496 0
3780 5 4064 0
3781 4 1083 0
3782 4 1552 0
3783 4 4075 0
3784 5 876 0
3785 7 4361 0
3786 6 4707 0
3787 6 1516 0
3788 7 3082 0
3789 5 116 0
3790 6 2567 0
3791 6 1234 0
3792 5 4481 0
3793 6 4548 0
3794 5 60 0
3795 7 1778 0
3796 4 422 0
3797 7 4832 0
3798 6 2459 0
3799 8 4175 0
3800 5 4133 0
3801 5 328 0
3802 4 2545 0
3803 5 721 0
3804 5 4697 0
3805 7 3213 0
3806 5 3272 0
3807 8 2679 0
3808 5 3936 0
3809 5 4489 0
3810 5 1642 0
3811 3 3143 0
3812 7 1501 0
3813 7 2990 0
3814 6 2807 0
3815 6 2333 0
3816 6 3347 0
3817 3 576 0
3818 8 3809 0
3819 4 1033 0
3820 4 1330 0
3821 3 1923 0
3822 5 2837 0
3823 6 3964 0
3824 7 2172 0
3825 7 224 0
3826 7 1210 0
3827 3 1673 0
3828 6 2895 0
3829 3 3374 0
3830 8 881 0
3831 4 3362 0
3832 6 4037 0
3833 4 1925 0
3834 6 4810 0
3835 5 1416 0
3836 5 4579 0
3837 0 4365 0
3838 7 4022 0
3839 9 2466 0
3840 5 2228 0
3841 10 3310 0
3842 5 3803 0
3843 6 3353 0
3844 10 1039 0
3845 3 1763 0
3846 5 1410 0
3847 9 1192 0
3848 4 4559 0
3849 6 2831 0
3850 5 1691 0
3851 3 4123 0
3852 1 4186 0
3853 10 2642 0
3854 7 3174 0
3855 3 409 0
3856 5 534 0
3857 4 3123 0
3858 6 4422 0
3859 4 17 0
3860 6 1365 0
3861 1 1403 0
3862 10 4330 0
3863 3 4570 0
3864 3 1770 0
3865 9 2015 0
3866 4 2200 0
3867 8 4365 0
3868 4 3800 0
3869 6 2549 0
3870 4 4916 0
3871 3 4808 0
3872 2 815 0
3873 2 1554 0
3874 5 1338 0
3875 5 3594 0
3876 8 663 0
3877 7 3236 0
3878 7 4593 0
3879 2 2536 0
3880 2 91 0
3881 2 2187 0
3882 5 3968 0
3883 4 4215 0
3884 4 1621 0
3885 7 4634 0
3886 8 403 0
3887 10 2261 0
3888 3 2381 0
3889 6 293 0
3890 6 2323 0
3891 9 2886 0
3892 1 3847 0
3893 5 1834 0
3894 6 2921 0
3895 7 3894 0
3896 6 926 0
3897 6 3207 0
3898 4 509 0
3899 7 3223 0
3900 7 4678 0
3901 2 2011 0
3902 5 616 0
3903 5 1755 0
3904 5 4731 0
3905 5 56 0
3906 3 368 0
3907 5 2373 0
3908 6 3470 0
3909 6 2053 0
3910 8 1817 0
3911 6 3128 0
3912 7 4062 0
3913 8 3419 0
3914 6 750 0
3915 9 1078 0
3916 6 4101 0
3917 4 794 0
3918 5 1813 0
3919 5 939 0
3920 6 676 0
3921 3 3708 0
3922 7 1960 0
3923 4 4800 0
3924 5 1560 0
3925 5 4981 0
3926 5 4875 0
3927 7 1836 0
3928 4 1032 0
3929 7 4644 0
3930 6 3632 0
3931 3 3027 0
3932 6 2823 0
3933 4 2965 0
3934 6 105 0
3935 6 3413 0
3936 5 4337 0
3937 6 25 0
3938 5 2809 0
3939 2 2993 0
3940 9 1437 0
3941 8 3103 0
3942 8 4483 0
3943 7 3526 0
3944 7 576 0
3945 4 3475 0
3946 5 3028 0
3947 5 3094 0
3948 6 2303 0
3949 5 2055 0
3950 5 2463 0
3951 5 3367 0
3952 3 2429 0
3953 2 1437 0
3954 6 3509 0
3955 5 2431 0
3956 6 4393 0
3957 7 3378 0
3958 5 2927 0
3959 3 3937 0
3960 5 904 0
3961 6 750 0
3962 8 2024 0
3963 8 601 0
3964 7 1946 0
3965 5 3089 0
3966 8 1509 0
3967 10 4268 0
3968 5 4959 0
3969 5 2757 0
3970 8 3541 0
3971 8 3033 0
3972 4 3037 0
3973 5 602 0
3974 7 1780 0
3975 7 4653 0
3976 7 3878 0
3977 8 738 0
3978 5 1148 0
3979 5 2211 0
3980 2 3752 0
3981 7 3678 0
3982 2 494 0
3983 8 4653 0
3984 4 4584 0
3985 8 1832 0
3986 6 1759 0
3987 5 3340 0
3988 8 4390 0
3989 5 1135 0
3990 7 2915 0
3991 6 4403 0
3992 4 128 0
3993 6 388 0
3994 4 4364 0
3995 6 3880 0
3996 5 3005 0
3997 3 4462 0
3998 3 539 0
3999 6 3017 0
4000 6 1200 0
4001 7 2841 0
4002 5 4495 0
4003 5 3050 0
4004 5 2317 0
4005 2 2941 0
4006 4 3732 0
4007 6 2292 0
4008 6 1152 0
4009 8 2701 0
4010 5 455 0
4011 9 419 0
4012 3 3745 0
4013 0 4125 0
4014 4 2628 0
4015 5 100 0
4016 6 2657 0
4017 5 2366 0
4018 7 522 0
4019 10 2509 0
4020 6 4521 0
4021 8 68 0
4022 5 1545 0
4023 6 114 0
4024 5 501 0
4025 5 2267 0
4026 6 2769 0
4027 4 1927 0
4028 6 1176 0
4029 8 4612 0
4030 6 4989 0
4031 9 4348 0
4032 3 3237 0
4033 5 2445 0
4034 6 1819 0
4035 6 3515 0
4036 5 2787 0
4037 9 3506 0
4038 6 1999 0
4039 1 4037 0
4040 5 92 0
4041 6 194 0
4042 7 4362 0
4043 4 4219 0
4044 7 996 0
4045 4 776 0
4046 5 1226 0
4047 5 4962 0
4048 3 1766 0
4049 2 582 0
4050 6 1920 0
4051 6 4153 0
4052 5 3637 0
4053 6 4109 0
4054 2 4432 0
4055 4 2933 0
4056 2 3765 0
4057 5 4071 0
4058 6 999 0
4059 6 2828 0
4060 5 2885 0
4061 7 2102 0
4062 4 534 0
4063 5 1938 0
4064 6 2831 0
4065 7 4837 0
4066 3 3850 0
4067 3 198 0
4068 6 1521 0
4069 3 1751 0
4070 5 2782 0
4071 8 4372 0
4072 5 3069 0
4073 6 1061 0
4074 6 1762 0
4075 4 3561 0
4076 5 647 0
4077 7 4657 0
4078 5 2836 0
4079 6 2160 0
4080 8 4358 0
4081 5 3864 0
4082 5 1611 0
4083 5 216 0
4084 5 2807 0
4085 5 2605 0
4086 7 2495 0
4087 7 3532 0
4088 5 1093 0
4089 1 3060 0
4090 5 3295 0
4091 4 4335 0
4092 5 2762 0
4093 6 1162 0
4094 11 1582 0
4095 8 998 0
4096 5 2905 0
4097 5 4994 0
4098 5 2833 0
4099 5 1370 0
4100 6 4402 0
4101 9 3233 0
4102 8 4351 0
4103 4 3610 0
4104 7 3270 0
4105 7 4226 0
4106 5 1643 0
4107 4 1934 0
4108 5 294 0
4109 7 4187 0
4110 4 2254 0
4111 5 2469 0
4112 7 2106 0
4113 8 4608 0
4114 6 3094 0
4115 0 4354 0
4116 6 1536 0
4117 6 1038 0
4118 4 3861 0
4119 3 3402 0
4120 3 3144 0
4121 6 3065 0
4122 5 2055 0
4123 7 1275 0
4124 5 235 0
4125 6 1364 0
4126 7 613 0
4127 5 4466 0
4128 5 2151 0
4129 6 2084 0
4130 9 2910 0
4131 7 4040 0
4132 7 700 0
4133 4 440 0
4134 5 4379 0
4135 5 4370 0
4136 6 4773 0
4137 5 4131 0
4138 8 1448 0
4139 8 1309 0
4140 4 1122 0
4141 8 4765 0
4142 5 83 0
4143 4 3688 0
4144 5 1442 0
4145 7 275 0
4146 5 2359 0
4147 4 2501 0
4148 6 3891 0
4149 6 3644 0
4150 6 3929 0
4151 6 1634 0
4152 5 1172 0
4153 5 236 0
4154 7 3793 0
4155 5 3022 0
4156 4 4801 0
4157 6 1540 0
4158 8 2295 0
4159 5 3480 0
4160 6 3042 0
4161 3 1182 0
4162 9 4406 0
4163 3 2618 0
4164 6 3663 0
4165 6 2632 0
4166 8 610 0
4167 8 211 0
4168 7 4398 0
4169 5 1900 0
4170 9 1069 0
4171 7 4966 0
4172 5 429 0
4173 5 1667 0
4174 2 2251 0
4175 5 2220 0
4176 7 2074 0
4177 5 15 0
4178 2 1434 0
4179 8 1985 0
4180 5 1195 0
4181 4 2025 0
4182 7 1352 0
4183 3 2687 0
4184 4 2352 0
4185 6 1775 0
4186 9 4469 0
4187 8 140 0
4188 4 1643 0
4189 4 3206 0
4190 10 2444 0
4191 4 2647 0
4192 11 2917 0
4193 5 1099 0
4194 2 2412 0
4195 4 824 0
4196 6 1624 0
4197 7 1250 0
4198 6 4281 0
4199 5 4210 0
4200 6 3752 0
4201 8 397 0
4202 6 3484 0
4203 4 769 0
4204 3 889 0
4205 8 2368 0
4206 6 1108 0
4207 4 2838 0
4208 8 3852 0
4209 3 3546 0
4210 8 2392 0
4211 4 200 0
4212 7 2049 0
4213 6 4104 0
4214 5 1354 0
4215 6 1064 0
4216 3 4419 0
4217 8 2372 0
4218 2 1569 0
4219 6 1136 0
4220 5 1624 0
4221 6 791 0
4222 3 2855 0
4223 7 3860 0
4224 6 1870 0
4225 4 1394 0
4226 5 4106 0
4227 4 4137 0
4228 5 2332 0
4229 5 1233 0
4230 7 1245 0
4231 5 2029 0
4232 6 1171 0
4233 5 355 0
4234 6 777 0
4235 5 2573 0
4236 7 4966 0
4237 6 1224 0
4238 5 486 0
4239 10 559 0
4240 6 3254 0
4241 5 3823 0
4242 5 506 0
4243 4 2758 0
4244 5 97 0
4245 3 1023 0
4246 7 3727 0
4247 7 2249 0
4248 1 2465 0
4249 4 3161 0
4250 4 4501 0
4251 0 631 0
4252 4 1235 0
4253 3 3397 0
4254 3 3328 0
4255 6 2484 0
4256 8 4230 0
4257 6 2511 0
4258 5 4997 0
4259 5 1560 0
4260 5 724 0
4261 6 2125 0
4262 3 4931 0
4263 8 3784 0
4264 4 4465 0
4265 5 4638 0
4266 6 4953 0
4267 11 4889 0
4268 5 1923 0
4269 7 4725 0
4270 0 1975 0
4271 11 3956 0
4272 2 3548 0
4273 3 1126 0
4274 5 3439 0
4275 7 2956 0
4276 5 4546 0
4277 5 2037 0
4278 5 4758 0
4279 6 894 0
4280 6 2301 0
4281 7 2314 0
4282 5 3708 0
4283 4 3619 0
4284 1 3029 0
4285 7 4831 0
4286 6 3927 0
4287 6 2395 0
4288 5 1443 0
4289 8 98 0
4290 4 1192 0
4291 9 3858 0
4292 10 479 0
4293 5 2127 0
4294 5 2263 0
4295 4 3541 0
4296 7 4080 0
4297 6 901 0
4298 6 685 0
4299 6 4910 0
4300 7 2185 0
4301 10 4678 0
4302 7 3835 0
4303 7 368 0
4304 8 4034 0
4305 8 1049 0
4306 6 1767 0
4307 5 589 0
4308 5 3300 0
4309 2 2082 0
4310 9 1026 0
4311 5 1400 0
4312 3 2813 0
4313 8 4612 0
4314 3 4086 0
4315 5 4144 0
4316 7 3092 0
4317 6 1268 0
4318 6 743 0
4319 6 1600 0
4320 7 579 0
4321 7 1183 0
4322 4 445 0
4323 7 2536 0
4324 1 1156 0
4325 4 905 0
4326 4 464 0
4327 8 1999 0
4328 5 4526 0
4329 7 39 0
4330 3 605 0
4331 6 4131 0
4332 6 3128 0
4333 6 4513 0
4334 7 2187 0
4335 7 1220 0
4336 2 1039 0
4337 4 883 0
4338 4 2176 0
4339 6 1580 0
4340 7 2340 0
4341 0 2010 0
4342 5 4707 0
4343 5 4575 0
4344 6 2505 0
4345 7 4535 0
4346 3 758 0
4347 1 4751 0
4348 3 1227 0
4349 2 4874 0
4350 9 3549 0
4351 8 1837 0
4352 4 694 0
4353 7 398 0
4354 7 1618 0
4355 4 3634 0
4356 5 4352 0
4357 3 4328 0
4358 6 4331 0
4359 7 3914 0
4360 3 3735 0
4361 5 462 0
4362 5 2484 0
4363 8 3583 0
4364 4 1508 0
4365 7 656 0
4366 8 1716 0
4367 4 716 0
4368 4 4903 0
4369 5 2517 0
4370 5 512 0
4371 5 4113 0
4372 8 1738 0
4373 6 4509 0
4374 5 4274 0
4375 3 144 0
4376 10 4233 0
4377 8 4246 0
4378 7 3355 0
4379 5 2267 0
4380 7 3365 0
4381 3 1673 0
4382 6 2333 0
4383 7 477 0
4384 7 2848 0
4385 4 2364 0
4386 4 457 0
4387 7 3212 0
4388 5 3701 0
4389 5 3046 0
4390 0 1345 0
4391 6 1809 0
4392 3 2022 0
4393 5 3588 0
4394 8 1648 0
4395 4 3488 0
4396 6 1472 0
4397 8 351 0
4398 6 4080 0
4399 4 2336 0
4400 1 949 0
4401 6 817 0
4402 5 88 0
4403 6 315 0
4404 5 204 0
4405 4 2144 0
4406 5 3929 0
4407 4 3232 0
4408 7 2685 0
4409 11 3803 0
4410 4 1824 0
4411 7 1980 0
4412 6 1166 0
4413 6 4219 0
4414 7 2729 0
4415 7 4083 0
4416 9 1678 0
4417 8 0 0
4418 0 1606 0
4419 5 2325 0
4420 4 4732 0
4421 4 2246 0
4422 9 2621 0
4423 3 4683 0
4424 7 4895 0
4425 8 2420 0
4426 6 2330 0
4427 5 1156 0
4428 3 406 0
4429 4 2900 0
4430 5 1689 0
4431 1 483 0
4432 6 1223 0
4433 4 56 0
4434 4 2353 0
4435 8 1465 0
4436 6 4876 0
4437 6 3507 0
4438 4 299 0
4439 4 3564 0
4440 5 3002 0
4441 6 1032 0
4442 5 4108 0
4443 7 1005 0
4444 3 3746 0
4445 6 4485 0
4446 2 2545 0
4447 4 3327 0
4448 8 2797 0
4449 8 585 0
4450 8 4326 0
4451 2 3649 0
4452 8 3726 0
4453 9 3699 0
4454 8 1933 0
4455 4 2529 0
4456 6 4761 0
4457 1 3552 0
4458 6 2276 0
4459 8 4036 0
4460 3 3978 0
4461 5 2448 0
4462 3 885 0
4463 3 3773 0
4464 7 139 0
4465 4 3113 0
4466 6 1624 0
4467 6 4496 0
4468 9 4154 0
4469 2 3895 0
4470 8 4404 0
4471 9 1954 0
4472 6 1308 0
4473 7 2324 0
4474 10 1223 0
4475 6 2990 0
4476 8 2732 0
4477 8 621 0
4478 2 2273 0
4479 4 4335 0
4480 7 4707 0
4481 5 181 0
4482 4 3996 0
4483 4 2186 0
4484 8 281 0
4485 7 3706 0
4486 3 2879 0
4487 7 3377 0
4488 4 4735 0
4489 3 4680 0
4490 6 4813 0
4491 4 3180 0
4492 6 1310 0
4493 5 867 0
4494 5 759 0
4495 8 2679 0
4496 4 4317 0
4497 6 3671 0
4498 7 1435 0
4499 8 1187 0
4500 6 3078 0
4501 3 1792 0
4502 8 4141 0
4503 6 2841 0
4504 5 3527 0
4505 4 985 0
4506 4 212 0
4507 8 1557 0
4508 5 1998 0
4509 3 2729 0
4510 7 611 0
4511 5 4386 0
4512 2 1405 0
4513 2 4323 0
4514 5 3957 0
4515 9 2217 0
4516 3 2228 0
4517 8 375 0
4518 10 682 0
4519 7 3911 0
4520 5 4933 0
4521 7 1454 0
4522 7 4210 0
4523 7 3278 0
4524 7 96 0
4525 4 3331 0
4526 6 3569 0
4527 6 2131 0
4528 9 2015 0
4529 8 2976 0
4530 6 732 0
4531 1 4020 0
4532 5 204 0
4533 5 459 0
4534 8 3849 0
4535 8 2323 0
4536 6 3366 0
4537 7 1867 0
4538 6 3950 0
4539 6 851 0
4540 4 3863 0
4541 9 3484 0
4542 3 4998 0
4543 5 3961 0
4544 5 493 0
4545 4 1740 0
4546 4 2327 0
4547 3 3558 0
4548 3 1873 0
4549 8 2302 0
4550 4 1510 0
4551 5 3111 0
4552 7 2026 0
4553 3 4079 0
4554 8 203 0
4555 3 1591 0
4556 6 1278 0
4557 8 3926 0
4558 4 559 0
4559 7 2398 0
4560 6 3548 0
4561 8 2208 0
4562 5 4699 0
4563 6 4473 0
4564 3 909 0
4565 5 1161 0
4566 6 1479 0
4567 6 4895 0
4568 4 2715 0
4569 5 2668 0
4570 5 89 0
4571 8 904 0
4572 8 1618 0
4573 6 1044 0
4574 3 4659 0
4575 0 1930 0
4576 8 680 0
4577 3 4814 0
4578 6 3479 0
4579 2 2045 0
4580 6 659 0
4581 8 760 0
4582 8 503 0
4583 5 3304 0
4584 5 3384 0
4585 7 1617 0
4586 7 3205 0
4587 5 2711 0
4588 11 1791 0
4589 6 3372 0
4590 6 3904 0
4591 6 3392 0
4592 3 3169 0
4593 7 1062 0
4594 5 3979 0
4595 6 4838 0
4596 5 4828 0
4597 2 1203 0
4598 5 4045 0
4599 6 1714 0
4600 8 184 0
4601 7 2706 0
4602 6 1920 0
4603 7 170 0
4604 7 4730 0
4605 1 4588 0
4606 3 718 0
4607 3 348 0
4608 3 4535 0
4609 4 4239 0
4610 8 4436 0
4611 1 4072 0
4612 6 1161 0
4613 7 1509 0
4614 4 3448 0
4615 5 4428 0
4616 8 683 0
4617 9 3420 0
4618 5 725 0
4619 6 1739 0
4620 3 4040 0
4621 9 3539 0
4622 8 2306 0
4623 2 2949 0
4624 4 2457 0
4625 8 2856 0
4626 4 4869 0
4627 9 3045 0
4628 6 2220 0
4629 8 849 0
4630 6 4555 0
4631 6 2520 0
4632 5 1695 0
4633 5 4818 0
4634 9 2912 0
4635 6 125 0
4636 9 4468 0
4637 4 3697 0
4638 5 516 0
4639 5 4348 0
4640 7 3674 0
4641 6 2775 0
4642 7 4545 0
4643 5 3095 0
4644 4 2170 0
4645 4 3197 0
4646 8 3035 0
4647 4 96 0
4648 7 3721 0
4649 6 248 0
4650 6 195 0
4651 5 1993 0
4652 6 413 0
4653 8 3541 0
4654 4 3712 0
4655 7 2254 0
4656 4 1934 0
4657 9 1613 0
4658 8 4610 0
4659 8 159 0
4660 5 4880 0
4661 4 1810 0
4662 6 3519 0
4663 5 4329 0
4664 7 4471 0
4665 2 3546 0
4666 8 4400 0
4667 6 4537 0
4668 7 4104 0
4669 4 2836 0
4670 10 1016 0
4671 7 4815 0
4672 6 1211 0
4673 5 4593 0
4674 4 4028 0
4675 5 367 0
4676 4 1511 0
4677 7 3471 0
4678 1 2309 0
4679 3 657 0
4680 7 3702 0
4681 3 930 0
4682 6 4721 0
4683 6 4308 0
4684 6 4285 0
4685 7 4191 0
4686 7 711 0
4687 4 3691 0
4688 4 55 0
4689 8 2259 0
4690 5 116 0
4691 5 2335 0
4692 6 1789 0
4693 5 814 0
4694 4 1316 0
4695 5 3718 0
4696 7 3281 0
4697 6 1999 0
4698 7 3708 0
4699 3 4782 0
4700 3 2483 0
4701 5 371 0
4702 4 4758 0
4703 6 2146 0
4704 2 4607 0
4705 6 4313 0
4706 5 4787 0
4707 8 4975 0
4708 8 4990 0
4709 2 4808 0
4710 4 963 0
4711 5 3013 0
4712 5 3980 0
4713 3 4980 0
4714 7 181 0
4715 2 2853 0
4716 5 1944 0
4717 8 58 0
4718 6 4845 0
4719 3 2790 0
4720 5 3639 0
4721 6 2530 0
4722 1 2395 0
4723 8 4239 0
4724 6 523 0
4725 3 4143 0
4726 8 1744 0
4727 6 4599 0
4728 7 3246 0
4729 7 4689 0
4730 7 2516 0
4731 5 309 0
4732 8 2275 0
4733 4 102 0
4734 7 725 0
4735 7 1632 0
4736 0 612 0
4737 11 1240 0
4738 6 213 0
4739 8 3983 0
4740 6 3978 0
4741 4 2587 0
4742 9 22 0
4743 2 2447 0
4744 6 2544 0
4745 7 1294 0
4746 6 4348 0
4747 8 1340 0
4748 1 4292 0
4749 3 4781 0
4750 9 108 0
4751 7 878 0
4752 4 1295 0
4753 5 4148 0
4754 7 3907 0
4755 7 1728 0
4756 7 1574 0
4757 4 4191 0
4758 5 599 0
4759 8 3492 0
4760 5 67 0
4761 5 1467 0
4762 5 2237 0
4763 5 3872 0
4764 6 3202 0
4765 6 4206 0
4766 6 2208 0
4767 4 2547 0
4768 3 18 0
4769 5 2927 0
4770 4 4194 0
4771 2 2045 0
4772 1 4311 0
4773 3 434 0
4774 8 4588 0
4775 6 3281 0
4776 4 2100 0
4777 8 1483 0
4778 6 3284 0
4779 8 4219 0
4780 3 1207 0
4781 4 3596 0
4782 7 3615 0
4783 6 2579 0
4784 8 3104 0
4785 6 4704 0
4786 8 2036 0
4787 4 3341 0
4788 8 3770 0
4789 8 1501 0
4790 5 3724 0
4791 4 1734 0
4792 4 1262 0
4793 4 290 0
4794 6 1121 0
4795 8 2923 0
4796 5 2734 0
4797 4 1435 0
4798 4 3985 0
4799 7 4907 0
4800 2 994 0
4801 9 4547 0
4802 9 4059 0
4803 10 3844 0
4804 6 2937 0
4805 2 3276 0
4806 5 4962 0
4807 5 755 0
4808 5 3665 0
4809 10 2864 0
4810 2 3415 0
4811 7 1768 0
4812 5 847 0
4813 0 535 0
4814 7 268 0
4815 3 3542 0
4816 7 4082 0
4817 5 4477 0
4818 6 3344 0
4819 7 1006 0
4820 6 630 0
4821 7 1699 0
4822 9 499 0
4823 4 1489 0
4824 5 819 0
4825 5 4733 0
4826 7 2143 0
4827 8 1550 0
4828 5 3665 0
4829 5 3356 0
4830 7 3248 0
4831 9 2461 0
4832 5 1564 0
4833 4 2225 0
4834 8 4227 0
4835 6 4953 0
4836 5 501 0
4837 6 2931 0
4838 7 1682 0
4839 5 4715 0
4840 4 2760 0
4841 6 240 0
4842 4 2318 0
4843 8 3049 0
4844 2 4711 0
4845 9 1442 0
4846 5 942 0
4847 4 4569 0
4848 7 3166 0
4849 3 794 0
4850 6 4751 0
4851 4 666 0
4852 4 84 0
4853 4 4867 0
4854 5 4116 0
4855 5 353 0
4856 6 4137 0
4857 12 4018 0
4858 2 2248 0
4859 4 495 0
4860 10 3400 0
4861 3 2071 0
4862 7 1450 0
4863 5 941 0
4864 7 567 0
4865 6 4606 0
4866 6 4180 0
4867 4 934 0
4868 5 3063 0
4869 5 3499 0
4870 3 3481 0
4871 3 30 0
4872 3 483 0
4873 5 3087 0
4874 5 1716 0
4875 5 2043 0
4876 3 3488 0
4877 9 653 0
4878 3 4511 0
4879 6 2576 0
4880 6 4386 0
4881 9 3568 0
4882 5 4856 0
4883 5 10 0
4884 4 3481 0
4885 4 4753 0
4886 3 1337 0
4887 8 1229 0
4888 5 1223 0
4889 8 1989 0
4890 5 2404 0
4891 9 3359 0
4892 4 3502 0
4893 5 1818 0
4894 5 2125 0
4895 6 4760 0
4896 7 4598 0
4897 7 1079 0
4898 4 2012 0
4899 5 724 0
4900 6 3036 0
4901 6 2341 0
4902 3 1349 0
4903 8 1527 0
4904 8 189 0
4905 8 3270 0
4906 5 1418 0
4907 5 4385 0
4908 6 406 0
4909 3 857 0
4910 5 2068 0
4911 6 3986 0
4912 5 1014 0
4913 5 953 0
4914 6 704 0
4915 4 3960 0
4916 8 2864 0
4917 4 4501 0
4918 2 3967 0
4919 6 4031 0
4920 5 1488 0
4921 1 1316 0
4922 3 4257 0
4923 5 4443 0
4924 7 1874 0
4925 7 1717 0
4926 6 2057 0
4927 3 1714 0
4928 6 4056 0
4929 7 1594 0
4930 5 1592 0
4931 8 3902 0
4932 7 3049 0
4933 3 1578 0
4934 9 1110 0
4935 3 3561 0
4936 5 3119 0
4937 4 763 0
4938 3 4357 0
4939 3 4218 0
4940 6 1164 0
4941 6 743 0
4942 7 161 0
4943 3 1018 0
4944 3 4983 0
4945 4 2141 0
4946 7 3502 0
4947 7 3386 0
4948 7 1390 0
4949 7 374 0
4950 4 2173 0
4951 5 504 0
4952 5 344 0
4953 5 4662 0
4954 3 1165 0
4955 5 172 0
4956 3 3524 0
4957 6 2459 0
4958 4 250 0
4959 3 2949 0
4960 5 3372 0
4961 7 3791 0
4962 9 1336 0
4963 9 2804 0
4964 10 3993 0
4965 3 1560 0
4966 3 3684 0
4967 5 1281 0
4968 6 3200 0
4969 8 3546 0
4970 6 1141 0
4971 5 2961 0
4972 8 2529 0
4973 4 3232 0
4974 5 1870 0
4975 4 4780 0
4976 5 2183 0
4977 4 3550 0
4978 6 4100 0
4979 4 4925 0
4980 4 1929 0
4981 8 2795 0
4982 2 2386 0
4983 9 2369 0
4984 2 2418 0
4985 9 2997 0
4986 5 1227 0
4987 4 1692 0
4988 4 4833 0
4989 4 4489 0
4990 7 3501 0
4991 5 869 0
4992 8 2960 0
4993 7 3649 0
4994 8 2241 0
4995 8 1657 0
4996 4 4137 0
4997 3 1540 0
4998 6 327 0
4999 6 3482 0
5000 4 4995 0
