1 49 15 0
2 51 65 0
3 52 3 0
4 48 92 0
5 49 83 0
6 48 78 0
7 51 25 0
8 50 14 0
9 50 73 0
10 50 15 0
11 47 35 0
12 51 78 0
13 47 35 0
14 50 70 0
15 49 44 0
16 48 39 0
17 52 27 0
18 50 14 0
19 49 61 0
20 48 13 0
21 49 36 0
22 50 14 0
23 48 51 0
24 49 46 0
25 48 47 0
26 47 30 0
27 49 24 0
28 48 55 0
29 50 32 0
30 52 60 0
31 47 0 0
32 55 56 0
33 49 34 0
34 52 22 0
35 50 59 0
36 52 0 0
37 50 66 0
38 52 76 0
39 53 63 0
40 49 53 0
41 48 67 0
42 45 61 0
43 49 83 0
44 50 13 0
45 48 65 0
46 49 5 0
47 49 57 0
48 50 13 0
49 49 80 0
50 46 91 0
51 45 68 0
52 52 40 0
53 50 5 0
54 50 30 0
55 51 22 0
56 46 16 0
57 48 11 0
58 48 68 0
59 49 34 0
60 50 12 0
61 49 75 0
62 45 93 0
63 49 98 0
64 46 38 0
65 49 98 0
66 49 50 0
67 50 37 0
68 48 29 0
69 50 89 0
70 49 39 0
71 47 97 0
72 49 37 0
73 52 75 0
74 51 43 0
75 47 63 0
76 48 32 0
77 50 0 0
78 48 83 0
79 50 47 0
80 52 73 0
81 51 74 0
82 48 32 0
83 50 87 0
84 50 30 0
85 53 52 0
86 49 74 0
87 50 35 0
88 49 69 0
89 49 34 0
90 50 35 0
91 50 59 0
92 49 70 0
93 48 38 0
94 52 22 0
95 51 51 0
96 52 89 0
97 48 39 0
98 50 96 0
99 48 73 0
100 50 24 0
