1 52 29 0
2 54 0 0
3 51 18 0
4 51 63 0
5 51 74 0
6 51 61 0
7 47 21 0
8 53 73 0
9 48 91 0
10 52 39 0
11 49 40 0
12 46 65 0
13 47 95 0
14 49 74 0
15 49 89 0
16 50 8 0
17 49 87 0
18 51 37 0
19 49 21 0
20 47 93 0
21 49 36 0
22 50 99 0
23 55 23 0
24 45 13 0
25 48 70 0
26 46 89 0
27 50 73 0
28 45 15 0
29 51 81 0
30 50 90 0
31 50 21 0
32 49 44 0
33 48 58 0
34 50 21 0
35 51 15 0
36 47 64 0
37 48 93 0
38 47 34 0
39 50 83 0
40 50 79 0
41 50 9 0
42 54 91 0
43 49 69 0
44 49 56 0
45 50 99 0
46 46 17 0
47 49 2 0
48 48 61 0
49 49 50 0
50 52 32 0
51 49 97 0
52 51 61 0
53 50 1 0
54 51 25 0
55 49 23 0
56 48 63 0
57 49 74 0
58 47 11 0
59 47 7 0
60 48 44 0
61 49 46 0
62 52 20 0
63 53 19 0
64 50 10 0
65 47 49 0
66 52 27 0
67 50 9 0
68 53 57 0
69 49 27 0
70 52 34 0
71 51 31 0
72 47 98 0
73 50 42 0
74 50 6 0
75 49 85 0
76 50 37 0
77 51 97 0
78 50 35 0
79 47 71 0
80 49 5 0
81 48 61 0
82 50 66 0
83 52 72 0
84 52 47 0
85 47 70 0
86 51 52 0
87 50 20 0
88 49 96 0
89 47 62 0
90 51 73 0
91 46 20 0
92 51 4 0
93 50 92 0
94 51 99 0
95 47 0 0
96 50 90 0
97 52 71 0
98 49 81 0
99 51 57 0
100 46 83 0
