1 4 170 0
2 8 102 0
3 7 546 0
4 7 346 0
5 5 67 0
6 6 596 0
7 6 537 0
8 5 694 0
9 5 482 0
10 6 796 0
11 8 713 0
12 5 50 0
13 4 739 0
14 4 113 0
15 4 515 0
16 4 698 0
17 4 111 0
18 6 206 0
19 6 786 0
20 6 728 0
21 3 690 0
22 7 195 0
23 6 195 0
24 3 97 0
25 4 256 0
26 5 750 0
27 6 733 0
28 6 590 0
29 6 280 0
30 4 550 0
31 3 219 0
32 7 785 0
33 3 670 0
34 8 6 0
35 7 698 0
36 2 780 0
37 4 43 0
38 2 40 0
39 2 855 0
40 8 818 0
41 8 751 0
42 6 289 0
43 5 325 0
44 4 706 0
45 4 914 0
46 5 204 0
47 9 774 0
48 4 681 0
49 2 320 0
50 0 488 0
51 5 986 0
52 8 694 0
53 3 191 0
54 8 600 0
55 4 388 0
56 7 864 0
57 4 401 0
58 6 165 0
59 7 744 0
60 7 82 0
61 3 113 0
62 5 711 0
63 6 275 0
64 4 20 0
65 5 851 0
66 7 56 0
67 5 750 0
68 8 179 0
69 6 642 0
70 5 11 0
71 6 242 0
72 7 944 0
73 6 111 0
74 6 622 0
75 6 45 0
76 7 555 0
77 3 762 0
78 7 464 0
79 6 994 0
80 5 661 0
81 3 341 0
82 7 337 0
83 2 784 0
84 7 389 0
85 4 218 0
86 4 784 0
87 7 906 0
88 6 952 0
89 2 560 0
90 6 882 0
91 7 247 0
92 7 236 0
93 0 701 0
94 10 818 0
95 6 840 0
96 8 716 0
97 10 583 0
98 5 850 0
99 4 743 0
100 7 220 0
101 3 659 0
102 7 432 0
103 7 191 0
104 5 444 0
105 2 131 0
106 8 49 0
107 6 208 0
108 4 395 0
109 7 287 0
110 5 748 0
111 7 892 0
112 1 970 0
113 1 530 0
114 5 600 0
115 8 242 0
116 6 724 0
117 10 429 0
118 7 563 0
119 7 174 0
120 2 775 0
121 8 254 0
122 8 634 0
123 3 98 0
124 6 818 0
125 8 483 0
126 3 388 0
127 8 150 0
128 9 365 0
129 8 162 0
130 4 360 0
131 4 720 0
132 5 514 0
133 7 350 0
134 3 981 0
135 6 51 0
136 3 843 0
137 10 547 0
138 3 752 0
139 6 243 0
140 3 56 0
141 7 612 0
142 8 884 0
143 4 309 0
144 7 159 0
145 5 385 0
146 3 435 0
147 8 473 0
148 9 864 0
149 5 726 0
150 7 626 0
151 4 707 0
152 9 544 0
153 1 751 0
154 5 274 0
155 7 315 0
156 6 176 0
157 3 839 0
158 5 469 0
159 3 192 0
160 6 988 0
161 3 866 0
162 7 41 0
163 4 298 0
164 5 31 0
165 5 769 0
166 6 507 0
167 6 989 0
168 5 623 0
169 8 947 0
170 2 719 0
171 6 676 0
172 6 941 0
173 6 274 0
174 5 430 0
175 3 109 0
176 6 499 0
177 3 382 0
178 5 936 0
179 8 443 0
180 9 91 0
181 4 681 0
182 8 434 0
183 4 250 0
184 8 797 0
185 5 84 0
186 5 203 0
187 8 159 0
188 6 228 0
189 8 18 0
190 7 752 0
191 5 845 0
192 7 32 0
193 9 344 0
194 6 641 0
195 7 277 0
196 5 835 0
197 1 803 0
198 5 217 0
199 7 195 0
200 1 137 0
201 4 677 0
202 6 53 0
203 3 149 0
204 5 457 0
205 3 284 0
206 4 31 0
207 8 96 0
208 4 860 0
209 8 355 0
210 6 113 0
211 8 694 0
212 6 652 0
213 2 662 0
214 5 79 0
215 4 929 0
216 6 747 0
217 6 458 0
218 4 718 0
219 4 323 0
220 3 516 0
221 3 319 0
222 6 126 0
223 5 941 0
224 5 912 0
225 7 945 0
226 5 831 0
227 5 655 0
228 2 919 0
229 6 547 0
230 6 729 0
231 5 673 0
232 4 469 0
233 3 402 0
234 5 312 0
235 6 696 0
236 6 999 0
237 7 795 0
238 7 429 0
239 6 26 0
240 2 882 0
241 3 710 0
242 5 1 0
243 7 958 0
244 8 262 0
245 5 46 0
246 4 472 0
247 4 943 0
248 3 562 0
249 4 90 0
250 6 337 0
251 3 165 0
252 3 187 0
253 6 918 0
254 8 619 0
255 4 357 0
256 4 926 0
257 9 555 0
258 8 140 0
259 5 903 0
260 7 560 0
261 9 217 0
262 5 951 0
263 6 723 0
264 7 249 0
265 8 990 0
266 6 14 0
267 4 946 0
268 6 940 0
269 4 535 0
270 4 974 0
271 5 464 0
272 5 408 0
273 5 229 0
274 5 837 0
275 7 305 0
276 5 181 0
277 3 483 0
278 6 820 0
279 7 921 0
280 10 945 0
281 9 737 0
282 3 481 0
283 2 238 0
284 8 134 0
285 7 300 0
286 3 474 0
287 5 683 0
288 9 505 0
289 6 311 0
290 3 940 0
291 7 899 0
292 6 29 0
293 6 551 0
294 6 460 0
295 7 649 0
296 6 157 0
297 6 818 0
298 6 672 0
299 7 853 0
300 8 327 0
301 6 762 0
302 6 698 0
303 6 825 0
304 6 794 0
305 6 753 0
306 7 485 0
307 3 841 0
308 4 755 0
309 7 932 0
310 5 43 0
311 9 216 0
312 5 894 0
313 6 169 0
314 5 82 0
315 6 223 0
316 2 560 0
317 5 228 0
318 5 147 0
319 4 798 0
320 4 182 0
321 3 916 0
322 4 615 0
323 6 940 0
324 4 276 0
325 5 577 0
326 5 396 0
327 5 935 0
328 6 390 0
329 5 935 0
330 9 251 0
331 4 56 0
332 8 356 0
333 4 326 0
334 6 32 0
335 7 921 0
336 6 711 0
337 2 395 0
338 6 647 0
339 7 92 0
340 6 731 0
341 6 183 0
342 6 589 0
343 10 123 0
344 6 359 0
345 8 754 0
346 10 629 0
347 9 371 0
348 6 588 0
349 7 212 0
350 5 73 0
351 5 109 0
352 6 954 0
353 7 445 0
354 4 735 0
355 5 565 0
356 7 474 0
357 5 932 0
358 9 20 0
359 5 548 0
360 4 292 0
361 7 579 0
362 4 190 0
363 9 945 0
364 3 928 0
365 2 452 0
366 6 22 0
367 9 512 0
368 8 911 0
369 7 174 0
370 5 227 0
371 5 545 0
372 3 794 0
373 5 463 0
374 7 553 0
375 2 324 0
376 7 395 0
377 5 824 0
378 5 917 0
379 8 24 0
380 5 778 0
381 9 403 0
382 6 94 0
383 6 497 0
384 4 338 0
385 7 281 0
386 6 193 0
387 4 376 0
388 4 642 0
389 5 266 0
390 6 502 0
391 6 903 0
392 3 330 0
393 5 571 0
394 6 107 0
395 4 719 0
396 7 78 0
397 9 276 0
398 2 55 0
399 4 925 0
400 10 13 0
401 9 658 0
402 6 918 0
403 2 677 0
404 4 153 0
405 5 573 0
406 4 614 0
407 6 461 0
408 6 774 0
409 7 260 0
410 6 966 0
411 3 426 0
412 6 785 0
413 3 974 0
414 6 235 0
415 9 463 0
416 5 39 0
417 6 184 0
418 6 927 0
419 5 689 0
420 5 560 0
421 6 140 0
422 9 81 0
423 7 742 0
424 7 128 0
425 3 159 0
426 8 3 0
427 6 921 0
428 7 424 0
429 3 707 0
430 7 408 0
431 4 162 0
432 7 668 0
433 2 948 0
434 7 393 0
435 6 31 0
436 6 651 0
437 4 366 0
438 7 167 0
439 7 264 0
440 3 607 0
441 1 603 0
442 7 744 0
443 6 591 0
444 5 762 0
445 7 578 0
446 7 473 0
447 7 779 0
448 3 954 0
449 6 664 0
450 4 820 0
451 5 888 0
452 8 923 0
453 9 698 0
454 7 919 0
455 9 335 0
456 6 390 0
457 8 627 0
458 7 805 0
459 6 257 0
460 3 274 0
461 2 419 0
462 5 37 0
463 5 78 0
464 8 314 0
465 6 144 0
466 8 754 0
467 5 921 0
468 4 18 0
469 6 403 0
470 3 407 0
471 6 455 0
472 6 853 0
473 4 242 0
474 3 922 0
475 3 158 0
476 4 614 0
477 6 855 0
478 4 762 0
479 7 623 0
480 0 1 0
481 6 177 0
482 6 410 0
483 6 379 0
484 8 534 0
485 4 765 0
486 4 144 0
487 4 121 0
488 6 880 0
489 9 289 0
490 7 425 0
491 7 360 0
492 5 348 0
493 5 920 0
494 3 218 0
495 3 602 0
496 6 750 0
497 5 143 0
498 8 85 0
499 3 863 0
500 7 837 0
501 7 740 0
502 5 551 0
503 5 960 0
504 4 873 0
505 8 659 0
506 8 33 0
507 6 810 0
508 8 728 0
509 7 682 0
510 7 636 0
511 0 801 0
512 3 762 0
513 9 188 0
514 1 857 0
515 5 94 0
516 4 692 0
517 6 902 0
518 4 872 0
519 5 523 0
520 3 652 0
521 1 752 0
522 5 616 0
523 7 453 0
524 4 771 0
525 7 504 0
526 7 707 0
527 3 402 0
528 8 38 0
529 4 723 0
530 10 302 0
531 6 741 0
532 5 306 0
533 9 615 0
534 2 628 0
535 5 948 0
536 7 788 0
537 7 868 0
538 8 902 0
539 7 195 0
540 3 813 0
541 0 861 0
542 5 543 0
543 5 188 0
544 8 243 0
545 10 957 0
546 5 836 0
547 7 913 0
548 9 636 0
549 7 18 0
550 4 555 0
551 3 906 0
552 5 474 0
553 7 714 0
554 6 250 0
555 6 410 0
556 9 783 0
557 3 357 0
558 7 742 0
559 6 295 0
560 7 226 0
561 5 852 0
562 8 111 0
563 6 738 0
564 1 137 0
565 7 291 0
566 6 22 0
567 6 334 0
568 5 198 0
569 7 654 0
570 6 219 0
571 6 828 0
572 3 658 0
573 5 974 0
574 6 837 0
575 5 854 0
576 7 954 0
577 4 561 0
578 7 864 0
579 3 220 0
580 5 863 0
581 7 44 0
582 5 529 0
583 7 166 0
584 7 941 0
585 6 839 0
586 3 59 0
587 7 694 0
588 7 632 0
589 7 432 0
590 8 433 0
591 6 740 0
592 2 239 0
593 6 183 0
594 3 488 0
595 5 804 0
596 10 379 0
597 1 269 0
598 7 482 0
599 2 252 0
600 5 83 0
601 5 444 0
602 5 238 0
603 5 440 0
604 5 81 0
605 2 330 0
606 8 117 0
607 6 603 0
608 8 685 0
609 7 110 0
610 5 91 0
611 8 379 0
612 5 415 0
613 7 363 0
614 9 303 0
615 8 276 0
616 10 935 0
617 5 566 0
618 7 994 0
619 3 317 0
620 8 864 0
621 11 318 0
622 4 344 0
623 6 8 0
624 7 663 0
625 9 416 0
626 3 605 0
627 6 521 0
628 7 739 0
629 8 239 0
630 4 456 0
631 1 916 0
632 7 954 0
633 8 790 0
634 6 522 0
635 5 637 0
636 6 913 0
637 5 428 0
638 5 991 0
639 2 881 0
640 3 253 0
641 5 820 0
642 6 319 0
643 9 357 0
644 7 561 0
645 8 10 0
646 2 740 0
647 5 156 0
648 3 47 0
649 4 879 0
650 6 659 0
651 6 903 0
652 4 405 0
653 6 286 0
654 7 364 0
655 8 786 0
656 5 643 0
657 2 693 0
658 8 986 0
659 5 364 0
660 5 898 0
661 3 443 0
662 7 535 0
663 10 837 0
664 5 906 0
665 6 184 0
666 5 868 0
667 4 341 0
668 7 706 0
669 4 678 0
670 7 428 0
671 5 356 0
672 8 137 0
673 7 884 0
674 2 476 0
675 4 897 0
676 6 194 0
677 5 835 0
678 6 885 0
679 5 984 0
680 6 845 0
681 5 508 0
682 6 157 0
683 7 385 0
684 6 739 0
685 7 826 0
686 5 908 0
687 7 436 0
688 9 188 0
689 4 620 0
690 8 35 0
691 8 712 0
692 7 496 0
693 5 680 0
694 1 555 0
695 8 89 0
696 5 266 0
697 6 780 0
698 2 680 0
699 9 178 0
700 6 14 0
701 3 61 0
702 5 206 0
703 6 354 0
704 6 223 0
705 6 592 0
706 4 612 0
707 4 838 0
708 5 979 0
709 7 779 0
710 5 226 0
711 7 660 0
712 5 146 0
713 3 847 0
714 4 876 0
715 7 42 0
716 7 964 0
717 5 147 0
718 6 876 0
719 5 632 0
720 8 650 0
721 2 65 0
722 5 609 0
723 5 842 0
724 5 972 0
725 8 819 0
726 6 845 0
727 4 412 0
728 7 373 0
729 3 882 0
730 6 606 0
731 3 8 0
732 7 730 0
733 4 108 0
734 7 183 0
735 7 388 0
736 6 972 0
737 7 424 0
738 1 281 0
739 7 392 0
740 5 755 0
741 3 157 0
742 4 752 0
743 8 976 0
744 6 799 0
745 4 832 0
746 5 856 0
747 4 508 0
748 7 753 0
749 5 678 0
750 5 4 0
751 6 655 0
752 6 204 0
753 3 722 0
754 3 490 0
755 6 190 0
756 3 705 0
757 6 808 0
758 7 733 0
759 8 195 0
760 4 778 0
761 8 940 0
762 5 980 0
763 6 873 0
764 6 219 0
765 5 352 0
766 3 233 0
767 4 959 0
768 10 623 0
769 7 186 0
770 7 65 0
771 6 401 0
772 8 744 0
773 4 21 0
774 8 420 0
775 6 243 0
776 4 396 0
777 5 212 0
778 4 58 0
779 6 103 0
780 7 86 0
781 4 525 0
782 7 270 0
783 6 469 0
784 6 229 0
785 7 987 0
786 7 583 0
787 7 862 0
788 3 679 0
789 7 36 0
790 3 246 0
791 4 638 0
792 9 837 0
793 6 371 0
794 2 219 0
795 10 887 0
796 5 18 0
797 4 354 0
798 4 489 0
799 6 686 0
800 6 776 0
801 6 613 0
802 4 941 0
803 6 539 0
804 6 238 0
805 5 56 0
806 3 961 0
807 7 528 0
808 5 859 0
809 6 821 0
810 6 140 0
811 7 732 0
812 7 219 0
813 8 971 0
814 4 220 0
815 5 665 0
816 5 629 0
817 8 101 0
818 6 614 0
819 7 870 0
820 7 761 0
821 6 566 0
822 9 640 0
823 8 319 0
824 4 182 0
825 8 297 0
826 1 866 0
827 9 707 0
828 7 278 0
829 4 300 0
830 9 845 0
831 7 760 0
832 7 558 0
833 8 886 0
834 5 514 0
835 10 387 0
836 5 954 0
837 6 798 0
838 6 851 0
839 6 884 0
840 5 165 0
841 7 437 0
842 3 436 0
843 2 409 0
844 4 777 0
845 12 585 0
846 2 799 0
847 5 14 0
848 6 807 0
849 4 41 0
850 7 135 0
851 7 376 0
852 7 806 0
853 10 327 0
854 3 194 0
855 7 22 0
856 3 632 0
857 7 526 0
858 3 833 0
859 1 504 0
860 4 562 0
861 2 808 0
862 5 645 0
863 10 933 0
864 4 404 0
865 4 895 0
866 3 448 0
867 8 241 0
868 8 72 0
869 5 968 0
870 8 454 0
871 3 329 0
872 3 733 0
873 4 547 0
874 5 14 0
875 8 929 0
876 7 773 0
877 5 767 0
878 8 769 0
879 3 895 0
880 3 190 0
881 5 530 0
882 4 325 0
883 7 510 0
884 5 49 0
885 4 196 0
886 8 814 0
887 5 776 0
888 4 384 0
889 6 427 0
890 5 76 0
891 5 985 0
892 9 901 0
893 7 444 0
894 5 636 0
895 6 922 0
896 7 660 0
897 8 743 0
898 9 981 0
899 7 640 0
900 8 273 0
901 5 646 0
902 2 959 0
903 5 950 0
904 7 250 0
905 5 244 0
906 3 800 0
907 6 721 0
908 4 516 0
909 7 36 0
910 6 716 0
911 6 307 0
912 9 50 0
913 3 743 0
914 5 304 0
915 9 710 0
916 6 922 0
917 4 617 0
918 6 884 0
919 4 214 0
920 6 557 0
921 5 67 0
922 6 637 0
923 4 953 0
924 4 843 0
925 6 865 0
926 3 476 0
927 8 646 0
928 7 516 0
929 4 584 0
930 3 51 0
931 6 347 0
932 2 329 0
933 11 545 0
934 3 343 0
935 5 264 0
936 7 254 0
937 6 893 0
938 5 445 0
939 7 597 0
940 4 830 0
941 6 391 0
942 6 358 0
943 6 90 0
944 8 224 0
945 8 681 0
946 6 413 0
947 5 761 0
948 6 312 0
949 5 234 0
950 4 961 0
951 5 572 0
952 7 433 0
953 9 129 0
954 3 725 0
955 8 184 0
956 5 871 0
957 4 57 0
958 3 254 0
959 5 12 0
960 5 678 0
961 5 65 0
962 9 562 0
963 1 801 0
964 8 163 0
965 1 576 0
966 3 524 0
967 4 492 0
968 6 903 0
969 6 777 0
970 4 464 0
971 2 354 0
972 8 507 0
973 5 319 0
974 9 939 0
975 9 760 0
976 4 361 0
977 3 253 0
978 7 28 0
979 4 784 0
980 7 249 0
981 5 460 0
982 6 293 0
983 6 491 0
984 5 48 0
985 1 615 0
986 8 641 0
987 8 962 0
988 4 143 0
989 8 842 0
990 5 692 0
991 9 876 0
992 5 969 0
993 5 372 0
994 3 770 0
995 4 672 0
996 3 736 0
997 6 11 0
998 4 674 0
999 3 344 0
1000 5 269 0
